1	0.33546	0.27257	0.32915	0.46143	0.40671	0.27504	0.32849	0.21447	0.4089	0.38178	0.4209	0.39594	0.37886	0.51455	0.3198	0.42522	0.14012	0.43691	0.38613	0.39347	0.27214	0.29675	0.34825	0.29191	0.29104	0.40681	0.47128	0.34164	0.49916	0.46682	0.60053	0.16622	0.26784	0.43007	0.45595	0.39065	0.4785	0.42578	0.33029	0.4738	0.45092	0.40814	0.37732	0.41072	0.3279	0.3598	0.37952	0.4865	0.28349	0.34324	0.38273	0.44053	0.47172	0.35298	0.47165	0.45336	0.26541	0.40646	0.34745	0.35635	0.35831	0.46076	0.50584	0.37111	0.34787	0.37907	0.17641	0.34474	0.38029	0.26595	0.58298	0.21912	0.20174	0.19133	0.39087	0.38347	0.20534	0.54005	0.36481	0.36244	0.36011	0.35515	0.47901	0.44566	0.43161	0.35013	0.26708	0.34793	0.56388	0.071964	0.47368	0.22397	0.38571	0.1867	0.33945	0.44879	0.42929	0.39937	0.41617	0.30228	0.39406	0.55686	0.26352	0.45706	0.18634	0.46696	0.25676	0.50712	0.4185	0.46358	0.2833	0.39545	0.48688	0.53371	0.37821	0.40441	0.50422	0.17591	0.44735	0.2616	0.51326	0.49665	0.44881	0.44085	0.401	0.42451	0.63944	0.34427	0.42788	0.4355	0.34707	0.38994	0.40646	0.26023	0.39133	0.071826	0.29609	0.35433	0.42777	0.38023	0.34252	0.39787	0.48359	0.1651
0.33546	1	0.14889	0.13633	0.36607	0.3064	0.19327	0.32631	0.28706	0.20728	0.29326	0.37353	0.24053	0.28654	0.30675	0.25044	0.33006	0.093252	0.39598	0.32926	0.24199	0.28137	0.28124	0.3553	0.25873	0.38657	0.22912	0.22577	0.30143	0.27338	0.32078	0.37818	0.12524	0.33931	0.28388	0.26456	0.25648	0.39753	0.35912	0.33369	0.37132	0.34271	0.2757	0.3483	0.27938	0.19699	0.25483	0.26285	0.39849	0.23971	0.25176	0.29053	0.29195	0.34484	0.38888	0.33303	0.2344	0.11109	0.3074	0.35662	0.26044	0.18041	0.33443	0.34253	0.29769	0.27422	0.32505	0.21653	0.25438	0.25664	0.253	0.44813	0.17101	0.14331	0.21978	0.28421	0.24725	0.10931	0.28498	0.28479	0.28484	0.27731	0.3856	0.23853	0.27671	0.30555	0.43077	0.20597	0.18911	0.29774	-0.016065	0.26677	0.14632	0.42554	0.12633	0.24553	0.40063	0.44015	0.34216	0.3022	0.1981	0.29473	0.32402	0.21639	0.32167	0.13472	0.27244	0.34632	0.29718	0.29955	0.33258	0.18625	0.44998	0.29387	0.39343	0.20811	0.33202	0.36411	0.081131	0.25638	0.34896	0.36817	0.31958	0.28071	0.31154	0.24669	0.32955	0.36684	0.28085	0.29649	0.2717	0.23565	0.30343	0.27659	0.17113	0.25041	0.068262	0.34574	0.13345	0.23628	0.27844	0.21985	0.39017	0.3912	0.12114
0.27257	0.14889	1	0.22737	0.32076	0.28651	0.33322	0.2936	0.21553	0.26352	0.30905	0.2438	0.21288	0.26242	0.21223	0.33284	0.26338	0.059037	0.34245	0.38804	0.34627	0.20075	0.14653	0.29301	0.088293	0.043773	0.3296	0.30614	0.26491	0.21797	0.22245	0.35313	0.066854	0.24778	0.43993	0.35234	0.30357	0.35475	0.37032	0.28556	0.28542	0.37756	0.30271	0.32952	0.34012	0.2557	0.31789	0.31291	0.44812	0.22865	0.080898	0.3174	0.35975	0.35429	0.29888	0.32504	0.29099	0.077844	0.3914	0.30915	0.28027	0.51288	0.20941	0.30507	0.39732	0.28669	0.28601	0.19644	0.12649	0.42413	0.2902	0.38066	0.32141	0.14737	0.1232	0.26405	0.30816	0.070741	0.26236	0.31445	0.30894	0.40356	0.19846	0.30337	0.29281	0.36557	0.30251	0.1667	0.30561	0.34259	0.0018475	0.32783	0.12227	0.27374	0.16286	0.20088	0.35065	0.32087	0.23244	0.31634	-0.012467	0.18978	0.32116	0.24347	0.27647	-0.023883	0.18428	0.20573	0.25717	0.3066	0.29062	0.21626	0.24178	0.34737	0.33032	0.16288	0.35443	0.2284	0.10435	0.24431	0.12536	0.43816	0.30141	0.18335	0.21053	0.21738	0.22436	0.34618	0.27509	0.35192	0.25971	0.20876	0.3148	0.35405	0.19526	0.12517	0.21657	0.25649	0.28874	0.26971	0.34297	0.33068	0.39823	0.33043	0.078335
0.32915	0.13633	0.22737	1	0.34724	0.39816	0.30205	0.30322	0.34908	0.27164	0.37171	0.34864	0.49672	0.48361	0.36837	0.27576	0.45047	0.001316	0.38103	0.3455	0.40596	0.24826	0.33629	0.25669	0.1709	0.14859	0.33551	0.36633	0.3481	0.34587	0.32945	0.41941	0.11755	0.26351	0.33801	0.25408	0.29253	0.37095	0.46874	0.31429	0.27653	0.45485	0.41074	0.38553	0.48779	0.27682	0.39567	0.41532	0.4157	0.41439	0.29827	0.38292	0.49247	0.40955	0.24473	0.42732	0.47946	0.091443	0.36656	0.29639	0.2748	0.31356	0.21932	0.35493	0.38113	0.33846	0.4258	0.13605	0.29947	0.42102	0.37561	0.37826	0.25924	0.072883	0.11627	0.345	0.37089	0.083718	0.30488	0.32495	0.31785	0.29301	0.3579	0.28695	0.36259	0.2365	0.27894	0.16216	0.26412	0.46503	0.058574	0.4832	0.074506	0.31233	0.14631	0.29482	0.464	0.40625	0.31911	0.35593	0.16183	0.17251	0.47235	0.23756	0.4692	0.15419	0.36578	0.3176	0.39026	0.31984	0.46531	0.21012	0.20539	0.39918	0.39416	0.32478	0.36158	0.42512	0.021528	0.30048	0.079364	0.42595	0.49327	0.47583	0.34856	0.24485	0.38095	0.35135	0.36446	0.30275	0.44686	0.3979	0.35921	0.47165	0.22307	0.27188	0.11149	0.25709	0.22985	0.34758	0.35465	0.28837	0.37696	0.48254	0.039225
0.46143	0.36607	0.32076	0.34724	1	0.51628	0.24903	0.3049	0.40205	0.36987	0.44601	0.43955	0.42242	0.46734	0.3675	0.26474	0.48874	0.16437	0.54385	0.61285	0.46045	0.39119	0.25609	0.42928	0.37233	0.30144	0.52423	0.5072	0.39082	0.39007	0.38843	0.46216	0.090017	0.27385	0.32302	0.31903	0.36253	0.4571	0.62011	0.38255	0.34469	0.63793	0.3779	0.48281	0.65827	0.38528	0.33481	0.51901	0.62452	0.43261	0.32636	0.41656	0.60492	0.39717	0.33669	0.49391	0.4198	0.33438	0.61102	0.34869	0.4017	0.31655	0.32613	0.45204	0.46737	0.39285	0.54818	0.18114	0.39699	0.41734	0.3686	0.43146	0.30621	0.19104	0.18173	0.41465	0.58015	0.11244	0.39255	0.44516	0.34823	0.29354	0.43586	0.43736	0.36993	0.35806	0.41489	0.20719	0.36521	0.45946	0.10349	0.45479	0.23061	0.36302	0.15155	0.56642	0.52979	0.44505	0.39167	0.40593	0.21502	0.30055	0.46204	0.1614	0.50183	0.12366	0.37862	0.43673	0.502	0.41426	0.42641	0.27634	0.36313	0.45136	0.50255	0.36822	0.61668	0.53408	0.15406	0.36899	0.32222	0.38096	0.44471	0.41181	0.5171	0.35103	0.46338	0.44786	0.39235	0.48314	0.39228	0.5315	0.49178	0.58049	0.30426	0.41718	0.11476	0.31036	0.19116	0.42007	0.40326	0.34661	0.37982	0.58694	0.1846
0.40671	0.3064	0.28651	0.39816	0.51628	1	0.31462	0.26202	0.36622	0.37784	0.36819	0.45458	0.49209	0.55158	0.41041	0.37276	0.5706	0.12122	0.60754	0.4736	0.64521	0.34734	0.35023	0.40595	0.24429	0.40941	0.46805	0.46811	0.49618	0.33623	0.34299	0.50388	0.11145	0.24827	0.41011	0.41115	0.32225	0.50836	0.65312	0.36636	0.4272	0.61913	0.3195	0.47306	0.68392	0.35434	0.5044	0.53861	0.57388	0.45405	0.31618	0.42863	0.60371	0.39195	0.39321	0.46429	0.43621	0.17472	0.57914	0.32943	0.31272	0.3864	0.26942	0.41755	0.70324	0.32439	0.50058	0.19914	0.37512	0.6288	0.39426	0.37203	0.30968	0.1824	0.1859	0.49702	0.5114	0.1223	0.38743	0.39629	0.47747	0.4094	0.30115	0.39311	0.39398	0.42697	0.36993	0.24991	0.31509	0.48234	0.13176	0.44139	0.22966	0.29809	0.11878	0.47686	0.52595	0.51314	0.3234	0.32704	0.016473	0.25418	0.46962	0.27957	0.59043	0.17791	0.40027	0.34743	0.47112	0.39736	0.54621	0.20758	0.30506	0.49663	0.49871	0.31732	0.4878	0.45824	0.11688	0.35651	0.25983	0.45797	0.51143	0.4321	0.42793	0.32262	0.4039	0.35203	0.43114	0.45363	0.50938	0.55041	0.44339	0.60782	0.27755	0.30191	0.14711	0.2749	0.26062	0.35468	0.49872	0.40441	0.42601	0.55114	0.13967
0.27504	0.19327	0.33322	0.30205	0.24903	0.31462	1	0.24886	0.22824	0.075662	0.42932	0.23354	0.1892	0.28038	0.29474	0.32495	0.24719	0.075446	0.35288	0.20402	0.37142	0.22646	0.20911	0.26576	0.1386	0.19537	0.23835	0.18753	0.29806	0.25655	0.24372	0.32385	0.12603	0.2938	0.36826	0.40865	0.2667	0.31343	0.36427	0.26503	0.32861	0.36853	0.32142	0.23133	0.31547	0.2482	0.31488	0.27374	0.37011	0.16254	0.25095	0.23446	0.35706	0.38449	0.32905	0.29959	0.3634	0.15298	0.35216	0.37135	0.30665	0.30591	0.27017	0.38571	0.3837	0.28662	0.22921	0.15059	0.27092	0.38977	0.28158	0.30377	0.16453	0.14198	0.082017	0.28732	0.36406	0.11939	0.25341	0.20045	0.35744	0.41751	0.22492	0.35529	0.26432	0.43241	0.22955	0.1548	0.30255	0.34572	-0.00069819	0.33724	0.083212	0.32425	0.090462	0.14923	0.30051	0.28581	0.15991	0.2738	0.049426	0.2412	0.321	0.25257	0.33349	0.046246	0.22988	0.28037	0.23576	0.23112	0.4063	0.17255	0.2591	0.36142	0.35322	0.20455	0.1833	0.23108	0.086963	0.27925	0.1439	0.4177	0.38024	0.27212	0.26951	0.25614	0.23372	0.2561	0.26288	0.37278	0.30129	0.20947	0.30958	0.36901	0.091253	0.20806	0.19012	0.21028	0.30797	0.17761	0.43599	0.28482	0.32572	0.31619	0.11284
0.32849	0.32631	0.2936	0.30322	0.3049	0.26202	0.24886	1	0.34988	0.23998	0.50457	0.45084	0.35262	0.36342	0.32972	0.34868	0.45189	0.15621	0.32994	0.30828	0.22574	0.37831	0.26274	0.35453	0.289	0.29007	0.30704	0.24789	0.27251	0.38753	0.31009	0.44317	0.17047	0.22581	0.32705	0.29925	0.35241	0.32718	0.38703	0.25826	0.26267	0.32337	0.32042	0.3418	0.30126	0.23853	0.256	0.35644	0.41093	0.31181	0.3316	0.41388	0.4212	0.35443	0.37546	0.36765	0.33444	0.21903	0.29506	0.41086	0.28788	0.26566	0.35396	0.3841	0.32234	0.2533	0.32675	0.29458	0.30794	0.28085	0.25992	0.39097	0.28674	0.19449	0.13925	0.31715	0.28533	0.15421	0.37041	0.32221	0.34753	0.31112	0.45274	0.31423	0.24911	0.31728	0.48574	0.12099	0.2451	0.3869	0.11769	0.44581	0.11229	0.39039	0.13796	0.28613	0.39825	0.32208	0.35114	0.23552	0.23581	0.31506	0.38357	0.20115	0.39582	0.23718	0.30263	0.34085	0.43059	0.26295	0.3349	0.13825	0.32881	0.34635	0.43618	0.34723	0.36619	0.42472	0.15954	0.33219	0.16196	0.32519	0.36962	0.37812	0.38745	0.23345	0.39432	0.39673	0.23592	0.31293	0.31401	0.19811	0.40477	0.30833	0.26339	0.34649	0.12135	0.29141	0.27054	0.35732	0.27912	0.12653	0.38592	0.36174	0.19412
0.21447	0.28706	0.21553	0.34908	0.40205	0.36622	0.22824	0.34988	1	0.24588	0.41375	0.39882	0.39065	0.37293	0.28971	0.29665	0.37185	0.06156	0.37935	0.36378	0.3683	0.54997	0.23894	0.48115	0.39561	0.20484	0.34028	0.25858	0.31916	0.32428	0.28049	0.35427	0.16546	0.23601	0.25213	0.27016	0.21264	0.33081	0.43539	0.28199	0.32483	0.4114	0.26933	0.34193	0.42723	0.24121	0.24948	0.32818	0.40215	0.34829	0.26362	0.295	0.41476	0.35396	0.28597	0.35993	0.3372	0.20686	0.38901	0.3579	0.25645	0.26022	0.18811	0.36605	0.38652	0.30201	0.35569	0.31943	0.29538	0.37332	0.26515	0.31897	0.25322	-0.17464	0.1086	0.37757	0.3407	0.13168	0.29078	0.26783	0.28498	0.34565	0.4028	0.40535	0.33788	0.25542	0.34327	0.12277	0.21216	0.37932	0.15171	0.35231	0.18044	0.39695	0.14049	0.26821	0.43283	0.31793	0.23524	0.20113	0.18431	0.1662	0.36042	0.16048	0.38448	0.14604	0.27798	0.38366	0.31625	0.34142	0.37094	0.10619	0.25582	0.33794	0.30063	0.33253	0.37991	0.40231	0.088955	0.21341	0.20088	0.35147	0.42075	0.37758	0.38128	0.19374	0.41583	0.31748	0.26351	0.3273	0.37079	0.34556	0.3729	0.33315	0.15256	0.34421	0.16563	0.28905	0.15553	0.27316	0.30539	0.23235	0.4132	0.29953	0.12814
0.4089	0.20728	0.26352	0.27164	0.36987	0.37784	0.075662	0.23998	0.24588	1	0.25986	0.30079	0.39269	0.35301	0.33261	0.30362	0.36517	0.13121	0.3747	0.28512	0.29662	0.30818	0.26437	0.25028	0.28344	0.1988	0.334	0.38041	0.28348	0.41128	0.44731	0.3878	0.096656	0.2601	0.29138	0.27283	0.28094	0.36715	0.39095	0.33611	0.31365	0.35853	0.31954	0.27627	0.33474	0.33765	0.26606	0.34971	0.36765	0.30337	0.27879	0.33549	0.42304	0.25808	0.31001	0.38793	0.28337	0.12481	0.32593	0.30949	0.2924	0.24759	0.35765	0.37032	0.32785	0.30215	0.37379	0.23229	0.30197	0.29595	0.31274	0.44275	0.34613	0.15508	0.14563	0.29506	0.24833	0.14584	0.42783	0.35755	0.27727	0.27065	0.26446	0.32382	0.32276	0.18737	0.29602	0.13389	0.27561	0.44009	0.092278	0.37037	0.085208	0.25781	0.15124	0.36662	0.40159	0.34245	0.24449	0.20591	0.12762	0.36341	0.39159	0.069808	0.3609	0.12422	0.38678	0.2907	0.44574	0.26356	0.35067	0.29855	0.2237	0.41457	0.42211	0.37374	0.31333	0.39784	0.14886	0.35868	0.23543	0.3745	0.38889	0.37129	0.38832	0.32173	0.25961	0.4192	0.21244	0.3004	0.37363	0.22358	0.33474	0.24871	0.23204	0.29662	0.15606	0.29025	0.18136	0.36595	0.375	0.344	0.36036	0.32735	0.21173
0.38178	0.29326	0.30905	0.37171	0.44601	0.36819	0.42932	0.50457	0.41375	0.25986	1	0.44313	0.38817	0.38079	0.36926	0.29478	0.39114	0.14397	0.46481	0.36229	0.38703	0.43503	0.2397	0.40251	0.32089	0.22113	0.32002	0.32461	0.34507	0.40314	0.36639	0.44596	0.46129	0.26804	0.39438	0.43127	0.29718	0.39868	0.486	0.29093	0.43043	0.49697	0.37978	0.38518	0.45247	0.27778	0.3812	0.43889	0.47913	0.38748	0.29718	0.40837	0.45968	0.40776	0.43168	0.40143	0.46017	0.2455	0.45442	0.42321	0.34868	0.33724	0.3106	0.49605	0.38549	0.33725	0.39907	0.19131	0.33252	0.41937	0.40463	0.41674	0.28602	0.15827	0.1915	0.40294	0.37853	0.45727	0.38895	0.35748	0.37319	0.47698	0.43313	0.45794	0.26494	0.32144	0.37729	0.11211	0.30088	0.42493	0.1036	0.46302	0.21346	0.43695	0.12302	0.40761	0.46854	0.4396	0.38737	0.37206	0.19753	0.28333	0.43545	0.28749	0.42045	0.2048	0.34862	0.32889	0.41211	0.36218	0.44629	0.1972	0.32821	0.43258	0.50952	0.37966	0.39959	0.43651	0.13974	0.36257	0.19381	0.45718	0.43246	0.39396	0.38457	0.26098	0.43845	0.3962	0.34391	0.39576	0.37859	0.36642	0.43876	0.4587	0.25788	0.36704	0.15315	0.33106	0.30729	0.33426	0.34182	0.34894	0.44165	0.51724	0.18155
0.4209	0.37353	0.2438	0.34864	0.43955	0.45458	0.23354	0.45084	0.39882	0.30079	0.44313	1	0.48125	0.42564	0.38943	0.30062	0.47909	0.082118	0.45152	0.4359	0.38468	0.3803	0.24077	0.43023	0.3601	0.2782	0.35258	0.4497	0.42303	0.424	0.37205	0.51672	0.11678	0.2234	0.36713	0.27887	0.25594	0.38867	0.44181	0.34193	0.35153	0.47108	0.31078	0.40861	0.44918	0.32056	0.40979	0.46898	0.47812	0.42335	0.34717	0.30737	0.44204	0.39044	0.44337	0.44441	0.40581	0.24692	0.40507	0.38205	0.30366	0.32153	0.34651	0.51176	0.38968	0.39083	0.42412	0.24753	0.3846	0.39789	0.37159	0.33445	0.38781	0.16787	0.086669	0.46432	0.31466	0.10804	0.35637	0.33065	0.32354	0.3935	0.43362	0.33317	0.31834	0.32717	0.46776	0.14333	0.31314	0.4328	0.083262	0.36569	0.19348	0.40235	0.15849	0.32534	0.48196	0.42205	0.41199	0.3277	0.2039	0.27935	0.39169	0.16059	0.46463	0.12715	0.37291	0.36296	0.48222	0.32232	0.40013	0.25317	0.40578	0.39852	0.57797	0.33805	0.45372	0.43144	0.098301	0.33517	0.28084	0.43563	0.43521	0.46228	0.46175	0.38361	0.50962	0.38584	0.34361	0.39765	0.43622	0.37946	0.41348	0.38391	0.21716	0.37348	0.11698	0.41208	0.28002	0.3908	0.28054	0.24667	0.39016	0.52683	0.13944
0.39594	0.24053	0.21288	0.49672	0.42242	0.49209	0.1892	0.35262	0.39065	0.39269	0.38817	0.48125	1	0.73954	0.55752	0.3723	0.49265	0.114	0.40832	0.4557	0.38673	0.38594	0.29722	0.3782	0.24953	0.21167	0.37248	0.40439	0.38679	0.46891	0.41251	0.45697	0.094029	0.22838	0.30112	0.28442	0.29826	0.44497	0.52473	0.29702	0.29409	0.51207	0.25393	0.46701	0.54629	0.26725	0.39296	0.42247	0.48252	0.44129	0.4341	0.43147	0.53402	0.45397	0.31376	0.43703	0.46043	0.18464	0.42562	0.33624	0.31103	0.24461	0.32829	0.36999	0.48519	0.39153	0.44133	0.26592	0.38467	0.43896	0.42954	0.3423	0.43283	0.1703	0.07458	0.64361	0.40315	0.088713	0.44594	0.39725	0.38823	0.29848	0.3533	0.40168	0.38094	0.23658	0.28002	0.19687	0.29628	0.55148	0.10191	0.52682	0.14221	0.29049	0.066398	0.33601	0.4645	0.46359	0.32892	0.28194	0.19897	0.29712	0.46871	0.24027	0.67215	0.22919	0.46558	0.41478	0.40221	0.33196	0.63524	0.16534	0.25953	0.37626	0.43234	0.44921	0.45246	0.59558	0.13814	0.39076	0.21517	0.37528	0.65001	0.73003	0.42052	0.29934	0.38517	0.35725	0.3722	0.35003	0.66354	0.42627	0.36068	0.44903	0.26259	0.37447	0.071557	0.33328	0.16207	0.37755	0.53327	0.37707	0.37904	0.51745	0.14741
0.37886	0.28654	0.26242	0.48361	0.46734	0.55158	0.28038	0.36342	0.37293	0.35301	0.38079	0.42564	0.73954	1	0.55063	0.415	0.48961	0.059943	0.46324	0.49389	0.47838	0.30658	0.30002	0.37596	0.2182	0.2037	0.38541	0.39221	0.43419	0.41674	0.40364	0.47993	0.070787	0.30411	0.3854	0.35965	0.31641	0.42821	0.599	0.33021	0.34894	0.50441	0.3206	0.45919	0.58089	0.29517	0.43607	0.51888	0.50917	0.41394	0.33163	0.41015	0.59046	0.42845	0.37183	0.42649	0.50714	0.14235	0.50034	0.42309	0.37079	0.3421	0.34186	0.41531	0.52007	0.35011	0.4347	0.27636	0.36753	0.46082	0.44191	0.35126	0.40301	0.14247	0.17347	0.68519	0.44104	0.038886	0.39766	0.35965	0.46543	0.36039	0.33046	0.39744	0.386	0.36656	0.36936	0.17803	0.28879	0.51589	0.099755	0.50045	0.10634	0.29089	0.12186	0.35711	0.51203	0.50713	0.35384	0.3494	0.21285	0.24724	0.54806	0.25353	0.75217	0.24289	0.45468	0.38804	0.46793	0.35939	0.73193	0.1752	0.32339	0.45928	0.46804	0.42303	0.47962	0.62201	0.060345	0.35611	0.15686	0.40757	0.76666	0.74202	0.40269	0.31747	0.38706	0.37573	0.41569	0.35781	0.75897	0.43132	0.43061	0.50188	0.27595	0.34455	0.14863	0.29082	0.21598	0.31156	0.57261	0.38495	0.43451	0.51527	0.070983
0.51455	0.30675	0.21223	0.36837	0.3675	0.41041	0.29474	0.32972	0.28971	0.33261	0.36926	0.38943	0.55752	0.55063	1	0.37779	0.41277	0.056055	0.42801	0.39585	0.39753	0.28188	0.30361	0.31405	0.28352	0.25071	0.3313	0.28862	0.38614	0.5064	0.48864	0.50277	0.09671	0.28408	0.33368	0.4407	0.38013	0.40772	0.49009	0.32419	0.42431	0.43395	0.36514	0.43505	0.40179	0.23705	0.3942	0.27881	0.45713	0.23969	0.35511	0.37974	0.44545	0.44017	0.41939	0.40833	0.48585	0.19867	0.38555	0.39258	0.23288	0.25658	0.46738	0.43942	0.44807	0.31714	0.38769	0.26301	0.34049	0.46154	0.31468	0.5126	0.31376	0.18349	0.15482	0.57122	0.37026	0.10473	0.49263	0.32301	0.38993	0.44041	0.34005	0.46297	0.32796	0.44133	0.35886	0.21844	0.29319	0.52036	0.12398	0.4754	0.18397	0.36002	0.049586	0.32295	0.38704	0.45492	0.32522	0.35565	0.22689	0.41416	0.55234	0.21591	0.5853	0.19001	0.4497	0.33557	0.47035	0.4156	0.63347	0.21887	0.45061	0.40592	0.53642	0.41187	0.41891	0.5305	0.085248	0.49345	0.2245	0.45068	0.6123	0.61532	0.41353	0.42202	0.29425	0.54112	0.39352	0.41397	0.60013	0.30577	0.41845	0.34633	0.23376	0.31878	0.14337	0.39647	0.27883	0.43687	0.46	0.32578	0.43099	0.45943	0.10022
0.3198	0.25044	0.33284	0.27576	0.26474	0.37276	0.32495	0.34868	0.29665	0.30362	0.29478	0.30062	0.3723	0.415	0.37779	1	0.34657	0.17619	0.34297	0.28003	0.42375	0.22403	0.28799	0.2171	0.16729	0.24828	0.27462	0.27724	0.39568	0.23727	0.31018	0.42653	0.099895	0.23945	0.37649	0.44987	0.31805	0.32317	0.44619	0.22257	0.35108	0.38921	0.29062	0.35419	0.44199	0.27681	0.35369	0.32364	0.42111	0.26444	0.2487	0.35209	0.46047	0.39544	0.29079	0.37193	0.3516	0.16071	0.41959	0.30232	0.31939	0.24003	0.30075	0.3434	0.48225	0.31407	0.33017	0.13127	0.27112	0.49827	0.33266	0.38689	0.25662	0.04526	0.15564	0.34973	0.35953	0.072717	0.31843	0.32102	0.45335	0.32828	0.20574	0.36037	0.29672	0.35291	0.29228	0.090262	0.33369	0.38553	0.042194	0.43195	0.17268	0.2751	0.2053	0.30365	0.42523	0.43734	0.22633	0.31265	0.12627	0.21681	0.35421	0.28514	0.41028	0.15749	0.29481	0.25517	0.36468	0.23181	0.4519	0.20162	0.2663	0.37457	0.47474	0.26558	0.32671	0.3749	0.1989	0.30063	0.13214	0.45871	0.43921	0.37244	0.25804	0.21295	0.29457	0.30237	0.28705	0.28313	0.34134	0.35919	0.34519	0.39851	0.22229	0.17877	0.089005	0.31134	0.25409	0.2159	0.49532	0.31799	0.43512	0.36249	0.17674
0.42522	0.33006	0.26338	0.45047	0.48874	0.5706	0.24719	0.45189	0.37185	0.36517	0.39114	0.47909	0.49265	0.48961	0.41277	0.34657	1	0.19353	0.54365	0.42278	0.46393	0.27448	0.4292	0.40286	0.31835	0.44264	0.45719	0.37819	0.49393	0.44298	0.37775	0.56	0.13468	0.35755	0.35064	0.32308	0.41948	0.48117	0.61623	0.29978	0.41313	0.56809	0.36017	0.46468	0.60414	0.19415	0.43108	0.5535	0.61568	0.52682	0.42786	0.39133	0.61819	0.38138	0.36615	0.48866	0.50585	0.19415	0.48464	0.3886	0.33776	0.35669	0.3389	0.46848	0.60447	0.39683	0.46493	0.25423	0.38679	0.46721	0.47725	0.37903	0.33219	0.18054	0.17069	0.40069	0.48389	0.13066	0.42165	0.37512	0.4451	0.34931	0.44311	0.37058	0.36037	0.48507	0.43635	0.16792	0.35679	0.53151	0.10754	0.49851	0.26039	0.37785	0.12465	0.37477	0.55131	0.49668	0.3685	0.38873	0.19075	0.33035	0.49853	0.13213	0.52789	0.14627	0.43501	0.39162	0.51114	0.38833	0.4937	0.21054	0.33247	0.43882	0.50723	0.35475	0.44957	0.47764	0.17398	0.41026	0.26824	0.37423	0.52791	0.49288	0.50803	0.29837	0.45516	0.39523	0.39566	0.37313	0.45557	0.43532	0.4001	0.56734	0.28858	0.33972	0.22915	0.27634	0.23211	0.40682	0.35193	0.32117	0.51785	0.65154	0.24324
0.14012	0.093252	0.059037	0.001316	0.16437	0.12122	0.075446	0.15621	0.06156	0.13121	0.14397	0.082118	0.114	0.059943	0.056055	0.17619	0.19353	1	0.12364	0.11922	0.11553	0.12873	0.15949	0.14496	0.10647	0.090617	0.074471	0.12687	0.11236	0.13735	0.1733	0.18897	0.038214	0.035525	0.11111	0.11539	0.1187	0.1267	0.14561	0.074363	0.15529	0.12174	0.13728	0.10784	0.14112	0.12261	0.17216	0.12701	0.1494	0.086243	0.12989	0.052302	0.1329	0.12217	0.10426	0.15079	0.10439	0.11501	0.15071	0.092285	0.15103	0.082736	0.16338	0.13399	0.082327	0.12975	0.16871	0.086158	0.10945	0.11101	0.095717	0.1457	0.054858	0.02734	0.042712	0.11782	0.12498	0.06447	0.13568	0.093024	0.12041	-0.010305	0.070921	0.11722	0.12833	0.062313	0.17369	0.045379	0.12909	0.059345	0.034085	0.19419	0.052608	0.09083	0.043107	0.11093	0.13719	0.12576	0.092523	0.10301	0.08139	0.15969	0.13226	0.03452	0.12873	0.047316	0.19247	0.16253	0.1466	0.07187	0.12913	0.059936	0.1448	0.1171	0.14629	0.20621	0.15259	0.1824	0.92273	0.15088	0.026971	0.13605	0.059628	0.071741	0.088337	0.099717	0.13122	0.16641	0.031122	0.02112	0.070397	0.081097	0.15605	0.14642	0.046898	0.1206	-0.020755	0.095028	0.089592	0.032089	0.09269	0.04486	0.086734	0.14416	0.94028
0.43691	0.39598	0.34245	0.38103	0.54385	0.60754	0.35288	0.32994	0.37935	0.3747	0.46481	0.45152	0.40832	0.46324	0.42801	0.34297	0.54365	0.12364	1	0.54321	0.59501	0.31974	0.24327	0.4355	0.28061	0.28567	0.48375	0.41609	0.39859	0.37475	0.35426	0.50644	0.15504	0.27825	0.44568	0.43251	0.3879	0.49168	0.67984	0.34647	0.41945	0.74961	0.34919	0.49754	0.69447	0.37374	0.44372	0.44504	0.64416	0.42932	0.3191	0.4414	0.60829	0.4637	0.41815	0.49914	0.46284	0.28421	0.69103	0.34403	0.37796	0.37306	0.26225	0.46635	0.62001	0.33303	0.53573	0.27505	0.35816	0.56829	0.41152	0.44418	0.34149	0.19755	0.25488	0.36829	0.6509	0.14609	0.37797	0.40393	0.42602	0.46841	0.4611	0.4194	0.38553	0.37526	0.40712	0.23126	0.32863	0.49677	0.15742	0.47399	0.24896	0.47616	0.14341	0.50579	0.56878	0.44314	0.36725	0.34999	0.13836	0.29004	0.49887	0.20349	0.46297	0.10548	0.33993	0.33736	0.52863	0.49832	0.4676	0.25073	0.36255	0.51611	0.53289	0.31776	0.57539	0.39553	0.10142	0.37386	0.30886	0.51113	0.45637	0.3706	0.51388	0.37684	0.39157	0.41642	0.39766	0.47742	0.38394	0.57095	0.4733	0.64319	0.24583	0.38753	0.1528	0.39785	0.24295	0.41531	0.41276	0.37927	0.46808	0.64193	0.15793
0.38613	0.32926	0.38804	0.3455	0.61285	0.4736	0.20402	0.30828	0.36378	0.28512	0.36229	0.4359	0.4557	0.49389	0.39585	0.28003	0.42278	0.11922	0.54321	1	0.42956	0.34026	0.23542	0.42769	0.26408	0.19778	0.50957	0.50269	0.35664	0.29425	0.32511	0.3645	0.08499	0.21156	0.34444	0.33639	0.35289	0.46292	0.57304	0.39165	0.29377	0.64681	0.33082	0.60743	0.63049	0.34751	0.37247	0.4238	0.56095	0.33757	0.24697	0.43952	0.58963	0.38536	0.33585	0.42828	0.43238	0.25614	0.606	0.29369	0.40524	0.42984	0.24011	0.45699	0.47137	0.23928	0.48871	0.20693	0.3308	0.45448	0.28626	0.37906	0.25691	0.14252	0.13695	0.44416	0.54807	0.094763	0.31961	0.41355	0.32365	0.38504	0.33687	0.33261	0.34504	0.2806	0.3843	0.31376	0.27309	0.42774	0.12839	0.43548	0.20012	0.35663	0.15484	0.49825	0.46943	0.42857	0.42239	0.39525	0.13654	0.27248	0.38514	0.18223	0.47304	0.16691	0.30415	0.36781	0.43653	0.38805	0.43174	0.23259	0.40021	0.39415	0.43061	0.34052	0.81713	0.45853	0.11579	0.31763	0.27843	0.35926	0.43056	0.3963	0.43647	0.36584	0.41776	0.41741	0.48623	0.34909	0.46805	0.56227	0.48573	0.52642	0.33937	0.31306	0.15073	0.36274	0.23333	0.41276	0.42105	0.39658	0.33591	0.49733	0.15802
0.39347	0.24199	0.34627	0.40596	0.46045	0.64521	0.37142	0.22574	0.3683	0.29662	0.38703	0.38468	0.38673	0.47838	0.39753	0.42375	0.46393	0.11553	0.59501	0.42956	1	0.25874	0.20098	0.37073	0.16463	0.25499	0.41973	0.38659	0.43005	0.32657	0.37981	0.42762	0.16262	0.27731	0.47015	0.49962	0.29065	0.39476	0.648	0.30492	0.29564	0.63478	0.32547	0.4456	0.67975	0.30498	0.45345	0.43701	0.59584	0.36876	0.33409	0.33666	0.55411	0.5006	0.38437	0.47312	0.42152	0.21774	0.60195	0.35705	0.35368	0.4109	0.26179	0.4194	0.69302	0.32939	0.48389	0.19278	0.19064	0.6781	0.37703	0.40644	0.3221	0.168	0.17902	0.42585	0.53794	0.17152	0.40896	0.3331	0.49252	0.42773	0.23299	0.35504	0.40142	0.43762	0.34003	0.23931	0.30044	0.54482	0.12673	0.43745	0.21121	0.36542	0.15212	0.38933	0.42125	0.49062	0.32812	0.40808	0.11767	0.237	0.42776	0.28656	0.50398	0.1203	0.39999	0.33386	0.4032	0.36246	0.50973	0.015314	0.23974	0.41639	0.52064	0.32784	0.44569	0.37566	0.12954	0.35952	0.22577	0.50109	0.47586	0.35678	0.28685	0.31042	0.31138	0.32255	0.42962	0.40347	0.43366	0.54894	0.43182	0.60512	0.2257	0.25935	0.12766	0.31426	0.31136	0.36701	0.5123	0.40666	0.42573	0.57367	0.13911
0.27214	0.28137	0.20075	0.24826	0.39119	0.34734	0.22646	0.37831	0.54997	0.30818	0.43503	0.3803	0.38594	0.30658	0.28188	0.22403	0.27448	0.12873	0.31974	0.34026	0.25874	1	0.23553	0.48403	0.41601	0.3629	0.33465	0.31964	0.23177	0.24704	0.15328	0.38312	0.14205	0.21153	0.25486	0.19223	0.23378	0.40633	0.38847	0.20053	0.31555	0.33629	0.30578	0.34995	0.39429	0.46992	0.22533	0.28921	0.35808	0.32366	0.19139	0.3259	0.38299	0.33361	0.28504	0.31911	0.32989	0.26813	0.32931	0.34469	0.22043	0.2412	0.17196	0.34412	0.31962	0.1953	0.42632	0.30828	0.35465	0.38245	0.24426	0.30444	0.24222	0.0495	0.15351	0.29831	0.23255	0.10338	0.25955	0.33248	0.2211	0.24342	0.40586	0.33212	0.35282	0.17855	0.34554	0.29895	0.29143	0.23851	0.11953	0.32576	0.15215	0.37826	0.31648	0.33775	0.43761	0.29268	0.25205	0.21991	0.11983	0.22077	0.34526	0.15335	0.29218	0.13295	0.17782	0.38336	0.30159	0.29209	0.29663	0.20782	0.28126	0.30083	0.35076	0.2429	0.38572	0.34991	0.19902	0.20815	0.19649	0.26322	0.29851	0.34111	0.39901	0.19407	0.41864	0.3064	0.22959	0.35364	0.28144	0.3158	0.3565	0.38173	0.17176	0.33057	0.097289	0.27694	0.18433	0.30105	0.21456	0.25413	0.19559	0.34664	0.157
0.29675	0.28124	0.14653	0.33629	0.25609	0.35023	0.20911	0.26274	0.23894	0.26437	0.2397	0.24077	0.29722	0.30002	0.30361	0.28799	0.4292	0.15949	0.24327	0.23542	0.20098	0.23553	1	0.26864	0.23329	0.4032	0.22209	0.26085	0.28929	0.30302	0.2773	0.38151	0.14355	0.1986	0.1997	0.18892	0.26239	0.38395	0.3529	0.12951	0.35378	0.30027	0.22276	0.2896	0.32525	0.12923	0.27014	0.28409	0.27442	0.30027	0.22034	0.2606	0.38902	0.13798	0.16561	0.22778	0.30501	0.067163	0.24723	0.22184	0.21501	0.25116	0.26449	0.26602	0.33858	0.19808	0.29296	0.26498	0.17969	0.23987	0.22834	0.26577	0.092711	0.044738	0.051083	0.25732	0.15254	0.13407	0.33866	0.26704	0.19334	0.14866	0.27825	0.26239	0.31459	0.19439	0.21685	0.025848	0.30301	0.30875	0.089118	0.30841	0.18152	0.31335	0.15759	0.26809	0.35694	0.32103	0.19902	0.1534	0.1747	0.19358	0.29708	0.18296	0.29631	0.10003	0.37388	0.29719	0.21806	0.18818	0.3405	0.18394	0.3237	0.25826	0.24811	0.34052	0.27949	0.39842	0.1397	0.2691	0.15325	0.18126	0.33837	0.29616	0.32803	0.21835	0.34384	0.35492	0.15427	0.24256	0.31029	0.22205	0.29071	0.27904	0.20904	0.23874	0.14388	0.20107	0.098168	0.22698	0.2734	0.15884	0.27726	0.33049	0.1888
0.34825	0.3553	0.29301	0.25669	0.42928	0.40595	0.26576	0.35453	0.48115	0.25028	0.40251	0.43023	0.3782	0.37596	0.31405	0.2171	0.40286	0.14496	0.4355	0.42769	0.37073	0.48403	0.26864	1	0.37202	0.22598	0.36921	0.33867	0.31882	0.28362	0.26082	0.35627	0.14198	0.20332	0.27343	0.29896	0.3063	0.38293	0.50153	0.26015	0.30443	0.49334	0.28463	0.39805	0.45264	0.18865	0.32884	0.36765	0.53018	0.27338	0.27381	0.27369	0.40341	0.40259	0.32328	0.37175	0.37214	0.20957	0.44586	0.34266	0.3003	0.28656	0.23275	0.44834	0.43017	0.30179	0.3517	0.30892	0.34176	0.36325	0.26403	0.34831	0.21699	0.11395	0.073754	0.30861	0.40416	0.12573	0.29918	0.29194	0.26172	0.30864	0.32007	0.3809	0.34413	0.27864	0.42068	0.13332	0.21686	0.34827	0.098872	0.36342	0.17133	0.35052	0.18807	0.33014	0.42863	0.39524	0.22669	0.21216	0.13181	0.25581	0.34622	0.2063	0.3714	0.12546	0.28671	0.38997	0.32912	0.35159	0.34348	0.24334	0.29815	0.35392	0.37071	0.32881	0.39597	0.36144	0.14964	0.277	0.268	0.39197	0.36299	0.3259	0.38999	0.34833	0.39537	0.40795	0.29894	0.36985	0.3331	0.36484	0.35514	0.4022	0.20393	0.3416	0.13057	0.20942	0.15024	0.26099	0.27121	0.2523	0.31315	0.45121	0.18816
0.29191	0.25873	0.088293	0.1709	0.37233	0.24429	0.1386	0.289	0.39561	0.28344	0.32089	0.3601	0.24953	0.2182	0.28352	0.16729	0.31835	0.10647	0.28061	0.26408	0.16463	0.41601	0.23329	0.37202	1	0.22126	0.27702	0.20955	0.15043	0.26378	0.22748	0.3048	0.13788	0.17824	0.21875	0.23693	0.20136	0.3333	0.33782	0.16917	0.26355	0.27599	0.26448	0.22781	0.24725	0.23	0.17897	0.23795	0.25591	0.19302	0.15662	0.15548	0.24682	0.24305	0.23636	0.26907	0.30655	0.094972	0.24527	0.28701	0.23583	0.13539	0.23519	0.37412	0.26602	0.19924	0.25192	0.2325	0.14794	0.22653	0.24319	0.27507	0.19144	0.13376	0.12086	0.18692	0.2559	0.12108	0.25212	0.25818	0.21327	0.28741	0.34065	0.32748	0.13576	0.14846	0.26324	0.21136	0.3167	0.23736	0.22272	0.22759	0.21123	0.33325	0.15543	0.2173	0.34737	0.23005	0.23186	0.21239	0.2205	0.19442	0.33831	0.018071	0.28638	0.17379	0.22393	0.23409	0.30043	0.20031	0.2828	0.13112	0.28099	0.24141	0.31847	0.2339	0.28153	0.29448	0.1126	0.20771	0.23496	0.24574	0.31554	0.27108	0.22659	0.28386	0.35155	0.34196	0.20915	0.21517	0.21783	0.16864	0.30584	0.24166	0.10299	0.33592	0.05869	0.20349	0.11861	0.30227	0.16321	0.17281	0.34091	0.33609	0.14385
0.29104	0.38657	0.043773	0.14859	0.30144	0.40941	0.19537	0.29007	0.20484	0.1988	0.22113	0.2782	0.21167	0.2037	0.25071	0.24828	0.44264	0.090617	0.28567	0.19778	0.25499	0.3629	0.4032	0.22598	0.22126	1	0.1745	0.24079	0.28161	0.19958	0.24692	0.44284	0.088805	0.21001	0.25733	0.24045	0.24336	0.41027	0.35388	0.24076	0.33695	0.33291	0.20216	0.21955	0.34656	0.27777	0.25717	0.26548	0.34978	0.2558	0.32371	0.23063	0.35609	0.24586	0.24967	0.23018	0.28913	0.17303	0.28717	0.27897	0.16021	0.15117	0.28298	0.24002	0.3652	0.17645	0.31739	0.27264	0.28087	0.37539	0.22083	0.2773	0.083819	0.15374	0.13834	0.24879	0.21605	0.070995	0.34705	0.23264	0.27628	0.24587	0.27579	0.18965	0.22826	0.27281	0.25772	0.14534	0.17721	0.32553	0.031009	0.20239	0.052917	0.2777	0.13814	0.21214	0.3272	0.32775	0.26162	0.17128	0.18888	0.24727	0.30706	0.15765	0.30468	0.11245	0.23848	0.28448	0.28223	0.2505	0.31859	0.18349	0.3038	0.27447	0.37009	0.17462	0.24787	0.28856	0.085095	0.20129	0.17816	0.24501	0.28016	0.20283	0.28468	0.17195	0.28288	0.24992	0.2375	0.30909	0.19549	0.26493	0.20037	0.3071	0.14683	0.1744	0.089975	0.28753	0.17739	0.22633	0.31369	0.24954	0.27232	0.34944	0.11363
0.40681	0.22912	0.3296	0.33551	0.52423	0.46805	0.23835	0.30704	0.34028	0.334	0.32002	0.35258	0.37248	0.38541	0.3313	0.27462	0.45719	0.074471	0.48375	0.50957	0.41973	0.33465	0.22209	0.36921	0.27702	0.1745	1	0.56793	0.38823	0.28157	0.2654	0.40994	0.15084	0.21089	0.29536	0.30656	0.34856	0.4218	0.52816	0.44543	0.26502	0.54259	0.21638	0.59015	0.60226	0.283	0.19818	0.47584	0.51907	0.43932	0.32557	0.52412	0.50084	0.38054	0.24667	0.53526	0.39389	0.25379	0.57441	0.27823	0.36348	0.3842	0.22299	0.45726	0.44895	0.34334	0.49882	0.19478	0.45912	0.39981	0.28154	0.35398	0.29923	0.19552	0.1854	0.33039	0.47034	0.13306	0.33948	0.49821	0.32041	0.25726	0.25285	0.44351	0.40081	0.3199	0.40652	0.2587	0.33129	0.39125	0.078769	0.50793	0.14611	0.28646	0.11316	0.52239	0.48775	0.47553	0.33645	0.33362	0.11951	0.20968	0.42211	0.2167	0.43719	0.15651	0.24598	0.33402	0.44746	0.38311	0.36862	0.19451	0.27283	0.41837	0.45429	0.27996	0.55944	0.41536	0.085288	0.24859	0.24761	0.38471	0.36168	0.34842	0.52499	0.32994	0.48264	0.3767	0.47059	0.48186	0.34502	0.52583	0.3884	0.47568	0.33578	0.33273	0.074666	0.2966	0.19056	0.43746	0.34459	0.41678	0.29122	0.4792	0.10628
0.47128	0.22577	0.30614	0.36633	0.5072	0.46811	0.18753	0.24789	0.25858	0.38041	0.32461	0.4497	0.40439	0.39221	0.28862	0.27724	0.37819	0.12687	0.41609	0.50269	0.38659	0.31964	0.26085	0.33867	0.20955	0.24079	0.56793	1	0.38684	0.3292	0.28484	0.44545	0.074093	0.1841	0.28937	0.27327	0.36261	0.41662	0.50531	0.43096	0.34216	0.56118	0.33308	0.54541	0.54714	0.34937	0.37601	0.44333	0.52765	0.36886	0.30789	0.49002	0.51727	0.39032	0.37214	0.45352	0.33582	0.22071	0.53574	0.26529	0.33904	0.40156	0.26405	0.41063	0.37495	0.38058	0.47349	0.16267	0.39711	0.3881	0.33248	0.36483	0.20618	0.21441	0.10785	0.37891	0.4352	0.059052	0.33462	0.45471	0.27201	0.29923	0.3255	0.38406	0.37953	0.3017	0.34862	0.2694	0.31897	0.38129	0.067457	0.40226	0.14788	0.27702	0.21712	0.50604	0.437	0.447	0.43145	0.31438	0.13271	0.2272	0.40432	0.19117	0.44902	0.077411	0.29236	0.35406	0.44826	0.32674	0.35371	0.34062	0.31551	0.3951	0.48057	0.33715	0.49555	0.40821	0.14056	0.23111	0.19804	0.39533	0.36266	0.36903	0.45015	0.33932	0.59607	0.38014	0.50463	0.45179	0.34531	0.46109	0.38487	0.46967	0.28783	0.34361	0.10393	0.38965	0.22444	0.46921	0.34228	0.35899	0.32667	0.48675	0.17519
0.34164	0.30143	0.26491	0.3481	0.39082	0.49618	0.29806	0.27251	0.31916	0.28348	0.34507	0.42303	0.38679	0.43419	0.38614	0.39568	0.49393	0.11236	0.39859	0.35664	0.43005	0.23177	0.28929	0.31882	0.15043	0.28161	0.38823	0.38684	1	0.23283	0.30438	0.3949	0.15614	0.30435	0.31119	0.27872	0.30194	0.3447	0.46972	0.3439	0.39557	0.47045	0.30312	0.36649	0.52273	0.21134	0.3193	0.39866	0.49131	0.43989	0.25829	0.36134	0.48954	0.44333	0.34222	0.41016	0.34154	0.097626	0.39938	0.33008	0.28302	0.32752	0.3198	0.36388	0.51379	0.43985	0.37692	0.20837	0.29122	0.52981	0.38635	0.27605	0.30719	0.14654	0.15678	0.42361	0.39768	0.11325	0.31791	0.30137	0.44777	0.37631	0.35908	0.40262	0.29253	0.46495	0.32064	0.12281	0.29014	0.39212	0.03936	0.35702	0.1364	0.27665	0.13508	0.36486	0.39761	0.45415	0.29709	0.39969	0.058672	0.18945	0.3932	0.20152	0.46585	0.12382	0.33613	0.28112	0.42369	0.37261	0.46301	0.23291	0.38815	0.3454	0.50464	0.27337	0.3172	0.36127	0.14609	0.33633	0.21459	0.43365	0.44339	0.40039	0.33964	0.28764	0.33009	0.31542	0.35067	0.37008	0.42511	0.37237	0.38935	0.42697	0.27043	0.21834	0.12443	0.25938	0.29217	0.26165	0.35885	0.32432	0.42472	0.43113	0.14994
0.49916	0.27338	0.21797	0.34587	0.39007	0.33623	0.25655	0.38753	0.32428	0.41128	0.40314	0.424	0.46891	0.41674	0.5064	0.23727	0.44298	0.13735	0.37475	0.29425	0.32657	0.24704	0.30302	0.28362	0.26378	0.19958	0.28157	0.3292	0.23283	1	0.74976	0.45653	0.1224	0.25867	0.38048	0.43283	0.30447	0.37746	0.43946	0.17991	0.3564	0.36942	0.31139	0.30651	0.34363	0.23624	0.42398	0.3993	0.37623	0.31552	0.58412	0.29052	0.395	0.34637	0.35006	0.40636	0.38144	0.25761	0.32862	0.30458	0.27259	0.27481	0.63763	0.45583	0.32155	0.32313	0.30917	0.23046	0.29453	0.29619	0.3466	0.50511	0.27917	0.11455	0.13624	0.39056	0.38582	0.26742	0.73214	0.28897	0.31701	0.38233	0.37206	0.40134	0.39436	0.2918	0.3431	0.18422	0.31365	0.71605	0.027232	0.45771	0.22614	0.34297	0.10249	0.35057	0.38359	0.39026	0.28903	0.22395	0.4219	0.62708	0.48717	0.12572	0.44914	0.26797	0.79318	0.37319	0.45541	0.37224	0.46368	0.1769	0.34271	0.43989	0.46034	0.71565	0.33478	0.58451	0.14404	0.64775	0.34354	0.46376	0.44183	0.44911	0.39647	0.31931	0.30308	0.60132	0.21962	0.28605	0.42252	0.28948	0.38616	0.27584	0.22059	0.47656	0.10746	0.29716	0.22326	0.34523	0.37135	0.2737	0.39298	0.40201	0.19303
0.46682	0.32078	0.22245	0.32945	0.38843	0.34299	0.24372	0.31009	0.28049	0.44731	0.36639	0.37205	0.41251	0.40364	0.48864	0.31018	0.37775	0.1733	0.35426	0.32511	0.37981	0.15328	0.2773	0.26082	0.22748	0.24692	0.2654	0.28484	0.30438	0.74976	1	0.45143	0.077199	0.20934	0.41087	0.52229	0.17211	0.32511	0.41623	0.33633	0.36531	0.39558	0.3436	0.31802	0.33025	0.22586	0.35524	0.39068	0.38633	0.24552	0.61081	0.27691	0.3812	0.37886	0.38461	0.40866	0.42505	0.14216	0.38066	0.32581	0.26585	0.26462	0.6491	0.43097	0.3931	0.24767	0.29924	0.17179	0.27239	0.39652	0.28846	0.51952	0.26052	0.1725	0.15425	0.3923	0.34185	0.2343	0.71744	0.30817	0.3835	0.4039	0.26456	0.42684	0.33433	0.34577	0.33763	0.15322	0.30457	0.71275	0.040963	0.42538	0.11559	0.32212	0.080258	0.33895	0.33575	0.41187	0.31039	0.33805	0.3292	0.61335	0.42845	0.13438	0.47086	0.2488	0.80234	0.29397	0.46009	0.32752	0.5159	0.18123	0.37161	0.44722	0.50132	0.69407	0.32623	0.55847	0.17855	0.63175	0.29549	0.52882	0.47161	0.40824	0.28171	0.27209	0.22112	0.57582	0.29038	0.26573	0.45959	0.27733	0.38997	0.2407	0.15984	0.37123	0.16932	0.31268	0.27295	0.29169	0.44239	0.32417	0.43559	0.39256	0.22881
0.60053	0.37818	0.35313	0.41941	0.46216	0.50388	0.32385	0.44317	0.35427	0.3878	0.44596	0.51672	0.45697	0.47993	0.50277	0.42653	0.56	0.18897	0.50644	0.3645	0.42762	0.38312	0.38151	0.35627	0.3048	0.44284	0.40994	0.44545	0.3949	0.45653	0.45143	1	0.20747	0.42525	0.58455	0.47646	0.35148	0.52661	0.58247	0.36206	0.47803	0.50266	0.36586	0.44129	0.52975	0.38441	0.48645	0.47445	0.56296	0.38874	0.45276	0.44575	0.53783	0.47777	0.39761	0.54085	0.53105	0.21624	0.46947	0.40563	0.40007	0.35985	0.45459	0.51287	0.44163	0.3923	0.51676	0.24891	0.47836	0.49147	0.42261	0.53662	0.3564	0.22614	0.23325	0.51295	0.4303	0.17054	0.52108	0.40247	0.47524	0.40869	0.45302	0.56118	0.44393	0.46058	0.45725	0.17064	0.3791	0.5618	0.039965	0.5293	0.22362	0.37002	0.23507	0.39432	0.58354	0.51019	0.41229	0.41364	0.25843	0.39512	0.62997	0.31809	0.5649	0.075101	0.4342	0.31352	0.59155	0.39377	0.48667	0.33343	0.38307	0.55862	0.65262	0.35437	0.4476	0.5154	0.18108	0.43922	0.24288	0.54251	0.53518	0.49448	0.51667	0.36846	0.4587	0.54293	0.36253	0.55406	0.44423	0.419	0.33905	0.51903	0.21297	0.49459	0.17388	0.37791	0.32306	0.42659	0.46208	0.31499	0.47229	0.62443	0.19484
0.16622	0.12524	0.066854	0.11755	0.090017	0.11145	0.12603	0.17047	0.16546	0.096656	0.46129	0.11678	0.094029	0.070787	0.09671	0.099895	0.13468	0.038214	0.15504	0.08499	0.16262	0.14205	0.14355	0.14198	0.13788	0.088805	0.15084	0.074093	0.15614	0.1224	0.077199	0.20747	1	0.14137	0.18797	0.1924	0.079283	0.16561	0.20481	0.094919	0.16236	0.19922	0.10857	0.15081	0.21496	0.053461	0.078795	0.14739	0.19034	0.13097	0.046231	0.18318	0.1656	0.10456	0.15626	0.15534	0.14306	0.074529	0.16113	0.15514	0.14797	0.096116	0.056758	0.18304	0.14532	0.11941	0.13774	0.039167	0.17648	0.13408	0.21403	0.13066	0.086779	0.073909	0.072993	0.035353	0.18175	0.89956	0.14132	0.12552	0.18446	0.17595	0.18195	0.15647	0.15019	0.12691	0.10621	0.0069465	0.060367	0.12661	0.019737	0.17959	0.1185	0.19757	0.036599	0.14149	0.18438	0.16145	0.15228	0.11034	0.072705	0.063903	0.19482	0.10951	0.079955	-0.018531	0.091099	0.064628	0.14765	0.063294	0.024326	0.057623	0.095472	0.1306	0.22895	0.067473	0.10749	0.15766	0.031149	0.047824	0.079035	0.18755	0.081568	0.085039	0.15482	0.039484	0.16715	0.14462	0.12791	0.21261	0.059053	0.19971	0.081372	0.18505	0.091834	0.066104	0.043587	0.15909	0.12241	0.10309	0.09292	0.11777	0.18157	0.18694	0.059485
0.26784	0.33931	0.24778	0.26351	0.27385	0.24827	0.2938	0.22581	0.23601	0.2601	0.26804	0.2234	0.22838	0.30411	0.28408	0.23945	0.35755	0.035525	0.27825	0.21156	0.27731	0.21153	0.1986	0.20332	0.17824	0.21001	0.21089	0.1841	0.30435	0.25867	0.20934	0.42525	0.14137	1	0.41597	0.27825	0.23266	0.34319	0.39812	0.19118	0.26729	0.27085	0.31072	0.25899	0.29024	0.18446	0.30612	0.2935	0.4002	0.31857	0.24363	0.27735	0.3329	0.28348	0.29729	0.26908	0.26034	0.15206	0.23323	0.33957	0.23124	0.2211	0.2996	0.33847	0.2997	0.3785	0.3405	0.22489	0.29963	0.22261	0.28992	0.30071	0.23558	0.079628	0.16201	0.27479	0.23176	0.094695	0.27106	0.22453	0.36512	0.28105	0.21673	0.25448	0.29935	0.30871	0.29339	0.12884	0.27792	0.29835	0.12446	0.28953	0.17712	0.30403	0.050294	0.14587	0.31234	0.38493	0.18917	0.26762	0.14221	0.31964	0.32314	0.20655	0.31535	-0.006652	0.2264	0.2319	0.26363	0.31461	0.33067	0.20701	0.33127	0.29362	0.32972	0.227	0.20114	0.26412	0.026737	0.29315	0.29813	0.32629	0.36614	0.296	0.33225	0.2603	0.2958	0.26548	0.18773	0.2936	0.2996	0.21564	0.23194	0.30495	0.21525	0.22146	0.13127	0.13493	0.18263	0.21648	0.29839	0.21145	0.29888	0.34491	0.088846
