1	0.12415	-0.063234	-0.031572	NaN	0.12608	-0.034703	0.13869	0.18513	0.075654	0.044398	0.063254	-0.071308	-0.02416	0.072656	0.10552	0.068829	-0.035383	-0.045798	-0.029255	0.076477	0.17566	-0.008874	0.20291	0.073727	NaN	0.14123	-0.0090586	0.04793	0.049497	0.076234	0.12643	-0.02173	-0.0055708	0.02821	0.034746	0.10168	0.10783	0.063633	0.063802	0.076407	0.024328	0.0080092	-0.0089203	-0.026453	0.011503	-0.0070248	0.015949	0.029121	-0.010829	0.070177	-0.044737	0.048243	0.03873	0.06011	0.15603	-0.044986	0.016986	-0.090445	0.089242	0.022723	-0.074966	0.14823	0.18484	0.10146	0.059428	0.092188	0.069422	NaN	0.0075284	-0.0022964	0.14361	0.026535	-0.056252	0.13121	-0.10208	0.0053429	0.18106	0.091016	0.043482	-0.053866	0.022752	0.037995	0.14218	0.080809	0.067326	0.049686	-0.031966	0.012621	0.1283	-0.0037931	0.275	0.17765	0.027903	0.058356	0.1491	0.084647	-0.016264	0.054954	0.075139	0.013743	0.085362	0.21825	0.071275	-0.055041	0.023678	-0.081566	0.025097	0.12424	0.022971	-0.037324	-0.004967	-0.05133	0.14637	0.16356	0.077076	0.0090839	0.074493	-0.039573	0.067533	-0.013498	0.028395	0.027884	0.01276	-0.079148	0.10321	0.039301	0.13219	-0.030035	-0.0023099	-0.026249	0.050995	0.064787	0.033239	0.037313	0.035831	0.10848	0.068787	-0.10499	0.039376	0.024868	0.15355	0.051064	0.0048105	NaN
0.12415	1	0.043446	0.14326	NaN	0.12551	0.054216	0.090809	0.40902	0.12686	0.13408	0.15179	0.10757	0.085857	0.073151	0.17699	0.10964	0.078029	0.15875	0.044315	0.18086	0.30515	0.034768	0.40177	0.33945	NaN	0.1402	0.071144	0.10863	0.024698	0.096019	0.032226	0.033432	0.27232	-0.081057	0.033321	0.055512	0.053745	0.20326	0.18969	0.19831	0.24235	0.15408	0.17095	0.22666	0.01464	0.088482	0.022051	0.18049	0.18844	0.0035207	0.15529	0.24986	0.082748	0.22248	0.096143	0.12368	0.16426	0.15985	0.30323	0.07843	0.0055851	0.045373	-0.012473	0.17417	0.11797	0.28402	0.12339	NaN	0.17701	0.095032	0.059226	0.067513	0.21722	0.027359	0.1317	0.0039543	0.032847	0.11641	0.27057	0.075453	0.13896	0.26269	-0.0026656	0.25301	0.076507	0.26697	0.14557	0.14591	0.081656	0.057268	0.082054	0.025742	0.21384	0.024148	0.21992	0.23107	0.073982	0.14944	0.1646	-0.063191	-0.00038842	0.024675	0.21515	0.12099	0.1299	0.022858	0.168	0.1259	0.10902	0.052982	-0.0013163	0.16613	0.07982	0.17511	-0.025497	0.023059	0.078066	0.16487	0.016335	0.21411	0.17083	0.13638	0.17223	-0.028517	0.21077	0.037568	-0.099553	0.16144	0.068468	0.11199	0.10066	0.12489	0.21643	0.024513	-0.032927	0.0087512	0.040138	0.12024	0.091861	0.1522	0.18748	0.22056	0.23497	NaN
-0.063234	0.043446	1	-0.033393	NaN	-0.016731	-0.10594	-0.069742	-0.020348	-0.0095145	-0.10256	0.11141	0.1013	0.075909	-0.047136	0.048727	-0.033438	-0.073977	-0.029047	0.10355	0.0039182	-0.00085029	0.022075	-0.056831	-0.027635	NaN	0.020622	-0.051321	-0.082029	-0.033855	0.066419	-0.011787	0.020615	-0.011441	0.071312	0.076181	-0.0358	-0.008244	-0.049117	0.011182	0.073695	-0.047318	0.056893	-0.085636	-0.0041392	-0.072791	0.00067924	0.032192	-0.019529	-0.039467	0.04682	-0.064397	0.053616	0.065554	-0.01876	0.058471	-0.010545	-0.015993	-0.03737	0.018935	0.28973	0.22011	-0.065694	-0.071388	-0.012616	0.040777	-0.06148	-0.036662	NaN	-0.058263	-0.057153	-0.0055184	-0.06707	-0.0036013	0.02744	0.11144	0.011397	-0.045068	-0.076034	-0.010308	0.076413	0.058041	0.0049519	0.012106	-0.077224	0.038676	-0.0048672	-0.028233	-0.070389	-0.0717	0.086907	0.055339	-0.079545	0.006479	-0.017993	-0.076545	0.036402	-0.024824	-0.016007	0.0048962	0.054566	-0.049621	-0.021379	0.04732	0.017581	0.040757	-0.040162	-0.069668	0.026613	0.062225	0.062521	-0.055297	-0.033771	0.064383	-0.034101	-0.029049	0.041388	0.011969	-0.065757	0.034021	-0.021096	-0.0021069	-0.0032883	-0.083718	-0.001421	-0.11983	-0.034395	-0.025281	-0.034905	-0.082015	0.0876	0.040172	-0.068501	0.043669	-0.11406	0.076079	0.051775	-0.0287	0.0046351	0.11599	-0.018865	0.090138	0.012638	-0.033713	NaN
-0.031572	0.14326	-0.033393	1	NaN	0.19144	0.1206	0.091549	0.24229	0.0070741	0.11032	0.028784	0.19405	0.1972	0.066988	0.14333	0.099119	0.13625	0.27052	-0.12511	0.2539	0.23471	0.040569	0.19119	0.11533	NaN	0.021061	0.10799	0.2167	-0.0064565	0.033814	0.025717	0.10736	0.16791	-0.0070839	0.15379	0.15982	0.084963	0.24798	0.20507	0.1088	0.27674	0.26623	0.15189	0.33733	0.25386	0.078975	0.1505	0.169	0.2955	0.028229	0.22023	0.29623	0.029834	0.14811	0.011371	0.20973	0.19072	0.22315	0.14453	0.16113	0.22865	-0.085197	0.077025	0.26122	0.18313	0.23382	0.15134	NaN	0.19253	0.091734	0.024428	0.0033458	0.25183	0.12453	0.17813	0.062512	0.025126	0.089213	0.27515	0.21889	0.18236	0.19053	0.081244	0.21922	0.075792	0.16725	0.21521	0.10692	0.095752	0.06287	0.034991	0.024877	0.16239	0.16128	0.084386	0.1679	0.13477	0.14835	0.088519	-0.070603	0.043678	-0.08053	0.083605	0.21615	0.027098	0.099585	0.22718	0.15742	0.099048	0.083955	0.15485	0.18548	-0.0022047	0.13205	0.052542	-0.20309	-0.011702	0.11275	0.004353	0.22968	0.068734	0.19864	0.093654	0.13294	0.21576	0.16203	-0.035014	0.20132	0.18734	0.143	0.19238	0.22879	0.29034	0.034183	0.028095	0.010653	0.18904	0.42983	0.22546	0.14254	0.24639	0.22887	0.37262	NaN
NaN	NaN	NaN	NaN	NaN	NaN	NaN	NaN	NaN	NaN	NaN	NaN	NaN	NaN	NaN	NaN	NaN	NaN	NaN	NaN	NaN	NaN	NaN	NaN	NaN	NaN	NaN	NaN	NaN	NaN	NaN	NaN	NaN	NaN	NaN	NaN	NaN	NaN	NaN	NaN	NaN	NaN	NaN	NaN	NaN	NaN	NaN	NaN	NaN	NaN	NaN	NaN	NaN	NaN	NaN	NaN	NaN	NaN	NaN	NaN	NaN	NaN	NaN	NaN	NaN	NaN	NaN	NaN	NaN	NaN	NaN	NaN	NaN	NaN	NaN	NaN	NaN	NaN	NaN	NaN	NaN	NaN	NaN	NaN	NaN	NaN	NaN	NaN	NaN	NaN	NaN	NaN	NaN	NaN	NaN	NaN	NaN	NaN	NaN	NaN	NaN	NaN	NaN	NaN	NaN	NaN	NaN	NaN	NaN	NaN	NaN	NaN	NaN	NaN	NaN	NaN	NaN	NaN	NaN	NaN	NaN	NaN	NaN	NaN	NaN	NaN	NaN	NaN	NaN	NaN	NaN	NaN	NaN	NaN	NaN	NaN	NaN	NaN	NaN	NaN	NaN	NaN	NaN	NaN	NaN
0.12608	0.12551	-0.016731	0.19144	NaN	1	0.028897	0.098103	0.10123	0.083284	0.10195	0.016129	0.21011	0.13723	0.075762	0.13463	0.21659	-0.00099461	0.22026	0.075953	0.3746	0.094892	0.096859	0.071141	0.062481	NaN	0.11647	-0.0017083	0.27242	0.2058	0.09906	0.14482	0.085666	0.065973	0.14639	0.14459	0.15987	0.14652	0.25872	0.22846	0.083361	0.33128	0.071716	0.078542	0.32384	0.14456	0.11834	0.15161	0.18087	0.13668	0.13627	0.068432	0.31174	0.097904	0.052074	0.17472	0.055288	0.13425	0.23904	0.10528	0.17311	-0.008178	0.13414	0.15699	0.44877	0.11818	0.17335	0.03667	NaN	0.28431	0.037156	0.11207	0.034143	0.14526	0.12865	0.18608	0.14607	0.18046	0.1599	0.20694	0.03382	0.14085	0.11382	0.17063	0.15628	0.074142	0.1098	0.074112	0.10545	0.1827	0.19381	0.12519	0.12749	0.04817	0.11311	0.19302	0.079302	0.046568	0.021742	0.13402	0.14341	0.12421	0.16666	0.12411	0.21077	0.18315	0.12578	0.080785	0.26797	0.10363	0.23237	0.0033344	0.11151	0.14453	0.1563	0.08768	0.059159	0.10035	-0.053922	0.1286	0.1319	0.091103	0.084234	0.20298	0.095005	0.22654	0.055183	-0.0069328	0.10151	0.012563	0.28271	0.24935	0.10281	0.27217	-0.024339	0.17726	0.14902	0.20215	0.15401	0.074888	0.12947	0.20859	0.018917	0.18482	NaN
-0.034703	0.054216	-0.10594	0.1206	NaN	0.028897	1	-0.02095	-0.048432	0.091787	0.19201	-0.018024	0.10498	0.083487	-0.0071848	0.026359	0.077013	0.1169	0.14796	0.08355	0.07763	-0.02255	0.18494	-0.0029117	0.04694	NaN	0.011598	0.054919	0.067396	-0.054894	-0.019484	0.13478	0.067892	-0.0085667	-0.038429	0.076033	0.020397	-0.0060905	0.19628	0.11223	-0.064402	0.092489	0.072598	0.095721	0.1021	0.12664	0.03105	0.10597	-0.028999	0.17548	-0.035832	0.089038	0.12305	0.19736	-0.045142	-0.052292	0.17668	0.13235	0.12235	0.047653	-0.015588	0.10087	-0.027022	0.031379	0.012408	0.1432	0.13352	0.062962	NaN	0.12067	-0.078531	-0.063921	0.026524	0.14143	-0.051043	0.04375	0.03462	0.028436	0.0020203	0.10426	-0.0072245	0.099015	0.055576	0.004639	0.079582	0.040197	0.10984	0.15353	0.079938	0.060928	0.058128	-0.015208	-0.045123	0.10063	0.065487	0.028532	0.095945	-0.002757	0.066571	0.04721	-0.0049255	-0.080905	0.055074	0.095562	0.13181	0.011817	-0.002214	0.071314	-0.065102	0.11461	0.10181	-0.022266	0.1415	-0.068604	-0.065631	-0.0023965	-0.042889	0.024234	0.1082	0.052769	0.060541	-0.071877	0.014141	0.13034	0.17516	0.082664	0.054968	-0.087169	0.079625	-0.015075	0.043034	0.080491	0.071248	0.055879	-0.046243	-0.0012171	0.074475	0.0022846	0.15593	0.016489	0.07258	0.028859	0.12413	0.14064	NaN
0.13869	0.090809	-0.069742	0.091549	NaN	0.098103	-0.02095	1	0.19979	0.03566	-0.0082976	0.10709	-0.031596	-0.032741	0.053321	-0.013587	-0.023873	0.068323	0.04687	0.12965	0.023017	0.15039	0.11523	0.13682	0.11947	NaN	0.13868	0.041242	0.045961	0.10075	0.079169	-0.04017	-0.064306	0.058443	0.029219	0.047432	0.016082	-0.092973	-0.0091615	0.044616	0.054228	-0.023163	0.061917	0.18348	-0.040453	0.056834	0.081578	-0.076007	0.059462	0.061559	0.075666	-0.028068	-0.028426	0.02781	0.17947	0.013855	-0.0071608	0.034903	0.0053845	0.12187	-0.067973	-0.10352	0.10254	0.044763	0.057753	0.04172	0.19293	-0.030904	NaN	-0.00094732	-0.016841	0.070475	-0.023627	0.079429	0.03589	-0.027983	-0.026578	0.073429	0.04536	0.11231	-0.098511	0.05396	0.012304	0.016419	0.074932	-0.0037205	0.12775	0.09403	0.22328	0.03442	-0.050024	0.096358	-0.0167	0.068715	-0.13063	-0.050391	0.231	0.040043	0.056487	0.14601	0.060792	0.14241	0.056104	0.065253	0.031903	-0.084675	0.11594	0.054125	0.04174	-0.0087892	-0.018972	0.099963	0.1042	0.038638	0.11438	0.10173	0.06859	-0.037221	-0.006363	0.10712	0.068804	0.030567	0.013658	0.027538	0.002453	0.13807	0.052909	-0.032456	0.10501	-0.063826	-0.02495	0.027406	0.18418	0.0064555	0.11258	0.034899	0.030344	0.022125	0.034433	0.039597	0.0094541	0.16202	0.054404	0.070615	NaN
0.18513	0.40902	-0.020348	0.24229	NaN	0.10123	-0.048432	0.19979	1	-0.0027859	0.15844	0.11481	0.037789	0.14348	0.12586	0.24644	0.1702	0.094715	0.042369	0.053862	0.091582	0.45315	0.05948	0.56749	0.32097	NaN	0.053794	0.14115	0.054936	0.11862	0.14721	-0.03246	0.11675	0.23546	-0.090954	0.19936	0.073433	0.062046	0.10747	0.081747	0.07151	0.027045	0.18025	0.31584	0.12831	0.12554	0.052776	0.074522	0.12171	0.13385	0.019137	0.11079	0.10842	0.051993	0.21345	0.029959	-0.0025883	0.24168	0.08773	0.20842	-0.032397	0.04454	0.12002	0.051969	0.15977	0.058633	0.27038	0.084337	NaN	0.10772	0.10376	0.094457	0.0012627	0.16985	0.14839	0.094912	-0.047121	0.13191	0.11199	0.27511	0.098573	0.18817	0.21363	0.014012	0.28531	-0.0037536	0.29405	0.13939	0.025567	0.10223	0.016347	0.080607	0.049258	0.19318	0.085424	0.19832	0.25265	0.0067959	0.21906	0.14518	-0.091788	0.091732	-0.08645	0.050447	0.14336	0.023025	0.15567	0.20986	0.11306	0.10634	0.023733	0.095439	0.21981	0.10265	0.13809	0.035327	0.062594	0.088726	0.095928	0.093343	0.13925	0.13616	0.069669	0.082629	0.064132	0.16825	0.16759	0.073839	0.13933	0.088071	0.11532	0.10248	0.158	0.15588	0.07918	0.062635	-0.040086	0.17565	0.14119	0.064733	0.020114	0.18744	0.21015	0.21185	NaN
0.075654	0.12686	-0.0095145	0.0070741	NaN	0.083284	0.091787	0.03566	-0.0027859	1	0.16509	-0.011969	0.18194	0.085496	0.11004	0.10847	0.12213	0.060869	0.16439	0.061462	0.18514	0.011155	-0.067403	0.068468	0.076384	NaN	0.06251	-0.045339	0.12722	0.15495	0.22641	0.22912	0.06112	-0.023804	0.093828	0.16265	0.057823	0.176	0.21166	0.19907	0.20762	0.15011	0.15117	0.14811	0.2559	0.053451	0.15737	0.13435	0.23134	0.18081	0.15322	0.05982	0.20919	0.10066	0.1291	0.27475	-0.010489	0.061405	0.11171	0.041086	0.26639	0.019298	0.10907	0.1082	0.22031	0.1317	0.21056	0.018743	NaN	0.18591	0.12124	-0.013846	0.1076	0.12483	0.10736	0.11203	0.050724	0.096231	0.27232	0.13082	0.24987	0.111	0.040925	0.19087	0.11029	0.070744	0.067508	-0.0035675	0.1197	0.24559	0.19259	0.21048	0.20861	0.040233	0.036284	0.10456	0.12844	0.089933	0.057865	0.052126	0.002098	0.14737	0.17076	0.11592	0.1549	0.12675	0.0065591	0.01662	0.26748	0.13197	0.090499	-0.015159	-0.0063409	0.1632	0.15483	0.046362	0.02846	0.12245	-0.065899	0.1422	-0.0095202	0.17243	0.074887	0.12101	0.038174	0.18577	0.11073	0.073783	0.14844	0.024712	0.19603	0.15129	-0.11498	0.25964	0.059859	0.076422	0.17806	0.001057	0.067996	0.19741	0.10312	0.14689	0.18042	0.21791	NaN
0.044398	0.13408	-0.10256	0.11032	NaN	0.10195	0.19201	-0.0082976	0.15844	0.16509	1	-0.021426	0.059761	-0.022244	-0.014661	0.0071917	0.022914	0.060215	0.062864	-0.036952	0.030143	0.045103	0.13724	0.061443	0.14972	NaN	-0.037923	0.064854	0.062291	0.16562	0.045566	0.074934	0.094953	0.035741	0.029825	-0.030991	0.043164	0.053382	0.1547	0.10124	0.022181	0.11192	0.15648	0.13357	0.1789	0.15289	0.007635	0.088024	-0.12347	0.17117	-0.026946	0.036188	0.15048	0.083443	0.11776	0.056416	0.081353	0.12531	0.071058	0.16305	0.028795	0.094748	-0.037532	-0.00050443	0.027359	0.10048	0.22711	-0.049908	NaN	0.020067	0.064344	-0.018134	0.042681	0.078662	0.0024746	0.042619	-0.0074551	-0.040967	0.031507	0.14251	0.10563	0.069874	0.062315	0.010909	0.12681	0.055522	0.12082	0.090485	0.15587	0.10534	0.063075	-0.075248	0.038036	0.043905	-0.036798	0.1498	0.14387	0.080547	0.20411	0.18155	-0.28601	-0.0056144	0.070443	0.08914	0.10258	-0.021944	0.027322	0.22243	0.10814	0.14717	0.046329	0.030801	0.065042	-0.039978	0.041836	0.007693	-0.085114	-0.0018699	0.014582	0.080813	-0.018193	0.044185	0.050754	0.13774	0.1007	0.15567	-3.101e-005	-0.051329	0.17174	0.078458	0.049054	0.08488	0.091755	0.14231	0.023457	-0.046484	-0.040938	0.057532	0.12702	0.073492	0.01834	0.031633	0.08439	0.20336	NaN
0.063254	0.15179	0.11141	0.028784	NaN	0.016129	-0.018024	0.10709	0.11481	-0.011969	-0.021426	1	-0.018787	-0.070138	0.022596	-0.002555	0.10677	-0.047121	0.02799	0.029231	0.13402	0.043696	0.02974	0.10975	0.058252	NaN	0.093436	-0.012455	-0.010165	0.10142	0.082997	0.08393	-0.031767	0.1197	0.14151	0.14702	0.12676	0.072336	0.042154	0.021859	0.057308	-0.0016153	0.034589	0.075097	0.10568	-0.0029213	0.0035974	-0.052771	0.18003	0.076103	0.073094	0.019625	0.07109	0.12399	0.22843	0.048558	-0.024465	-0.012467	0.097506	0.18881	0.072634	0.12199	0.16562	-0.0076955	0.027178	0.0928	0.076694	0.11296	NaN	0.10448	0.02417	0.13746	0.060655	-0.02709	0.042134	0.078505	0.060472	0.089144	0.053547	0.10499	0.064598	0.081734	0.11405	0.05913	0.10988	0.21081	0.16232	0.071701	0.065138	0.078208	0.014938	0.061247	0.095499	0.07592	0.058451	0.096808	0.1147	0.030794	0.078445	0.12693	0.02375	0.060855	0.034934	0.071118	0.057894	-0.017333	0.038004	0.085607	0.049316	0.13197	-0.027153	0.019797	0.15853	0.13242	0.052808	0.052164	0.058994	0.14023	0.029223	0.12786	0.022273	0.14742	-0.02732	-0.02606	0.089454	0.093597	0.037676	0.053256	0.13051	-0.059289	0.052709	0.038522	0.18102	0.12166	0.0033323	0.16089	0.030909	0.13456	-0.034179	0.052561	0.069908	0.16411	0.16089	-0.033852	NaN
-0.071308	0.10757	0.1013	0.19405	NaN	0.21011	0.10498	-0.031596	0.037789	0.18194	0.059761	-0.018787	1	0.68952	0.21402	0.096804	0.083528	0.084114	0.21227	0.056244	0.21795	0.072987	0.12051	-0.017732	-0.04508	NaN	0.043539	-0.06113	0.1736	0.2044	0.045927	0.18433	0.066301	0.0015445	0.14331	0.24063	-0.0119	0.15727	0.26153	0.11365	0.15222	0.30033	0.095695	0.14434	0.37318	0.090053	0.10393	0.23347	0.20452	0.37629	0.095001	-0.010266	0.25988	0.11766	-0.0033453	0.18184	0.05218	0.14276	0.22501	0.19775	0.2628	0.097696	0.081257	0.074332	0.33082	0.2205	0.12685	-0.034953	NaN	0.38552	-0.0088169	0.024752	0.060155	0.14541	0.028282	0.73152	0.048895	0.023619	0.1605	0.12656	0.29022	0.075845	-0.014191	0.060461	0.30573	-0.074446	0.18469	-0.022844	0.0057317	0.10163	0.64388	0.16224	0.097051	0.091469	0.016249	0.18053	0.044006	0.02767	0.081652	0.11204	0.1197	0.031501	0.082804	0.17542	0.67078	0.63325	0.060863	0.020418	0.26487	0.19937	0.62328	-0.018044	0.076065	0.16926	0.20711	-0.0037189	0.075542	0.16877	0.079469	-0.02463	0.018195	0.17745	0.61519	0.51191	0.15255	0.19065	0.24245	-0.080757	0.11456	0.055807	0.68362	0.33337	0.10663	0.33778	-0.046201	0.15395	0.12074	0.099809	0.14677	0.16118	0.35106	0.21691	0.17206	0.20255	NaN
-0.02416	0.085857	0.075909	0.1972	NaN	0.13723	0.083487	-0.032741	0.14348	0.085496	-0.022244	-0.070138	0.68952	1	0.21817	0.14436	0.073307	0.056638	0.07869	0.050837	0.15163	0.093276	0.048865	0.052914	-0.007724	NaN	0.013109	-0.097981	0.16874	0.082499	-0.012418	0.17735	0.024638	-0.00056786	-0.0097186	0.22163	-0.011276	0.14331	0.15405	0.11782	0.10802	0.19249	0.0948	0.15653	0.24554	-0.0049565	0.049638	0.18488	0.13096	0.31599	0.006185	-0.026052	0.1712	0.06376	0.035387	0.16215	0.081703	0.10214	0.18588	0.17328	0.22156	0.059964	0.056847	0.067755	0.32399	0.11296	0.11515	-0.043434	NaN	0.31144	0.06174	0.054528	0.069439	0.15793	0.053229	0.6075	0.053684	0.050053	0.13324	0.08565	0.20283	0.025538	0.027548	0.11219	0.25216	-0.096325	0.17216	-0.0029511	0.0090708	0.073289	0.49966	0.16648	0.12309	0.082459	-0.024285	0.10594	-0.032062	0.11224	0.021685	0.022575	0.12308	-0.0096691	0.063478	0.086011	0.56934	0.53568	0.018513	0.065161	0.15203	0.11892	0.5418	0.073056	0.11142	0.16577	0.13164	-0.033666	0.07252	0.1475	0.019075	-0.033623	0.032694	0.13865	0.51994	0.45642	0.15088	0.20112	0.14922	-0.083437	0.0099097	0.099571	0.59335	0.18	0.089182	0.21044	-0.063611	0.047876	0.12679	0.1241	0.11626	0.18695	0.26962	0.18643	0.11895	0.27261	NaN
0.072656	0.073151	-0.047136	0.066988	NaN	0.075762	-0.0071848	0.053321	0.12586	0.11004	-0.014661	0.022596	0.21402	0.21817	1	0.02432	0.053462	0.12021	0.13495	0.12244	0.11713	0.039277	0.094977	0.11231	0.08549	NaN	0.11877	0.051266	0.09321	0.14493	0.13543	0.10709	0.021092	-0.050982	0.035337	0.15051	0.082277	0.15371	0.19517	0.13579	0.029999	0.14347	0.053253	0.14456	0.14698	0.070461	0.097442	0.12729	0.20076	0.083132	0.072773	0.030912	0.1224	0.13268	0.055232	0.209	0.077536	0.080513	0.093467	0.16607	0.068141	0.09526	0.13187	0.12835	0.16081	0.068205	0.084501	0.063277	NaN	0.1546	0.10416	0.036712	0.065994	0.081596	0.11922	0.14211	0.06029	0.13809	0.11612	0.020503	-0.025818	0.13277	0.043535	0.1612	0.16086	0.042304	0.17366	0.0013532	0.090342	0.15133	0.1375	0.12191	0.15283	0.060534	0.025866	0.13678	0.10498	0.13779	0.061986	0.056933	0.079518	0.045529	0.15528	0.064364	0.2325	0.13394	0.10958	0.0087787	0.2037	0.15477	0.11483	0.027484	0.016336	0.17239	0.10672	0.066042	0.065364	0.19534	0.029055	0.098646	0.0072574	0.14322	0.22005	0.12663	0.006718	0.10802	0.22953	0.010255	0.05653	0.089626	0.20199	0.13905	0.063864	0.20003	0.038682	0.089565	0.051246	0.064656	0.093921	0.16404	0.12445	0.1703	0.13371	0.15671	NaN
0.10552	0.17699	0.048727	0.14333	NaN	0.13463	0.026359	-0.013587	0.24644	0.10847	0.0071917	-0.002555	0.096804	0.14436	0.02432	1	0.119	0.10185	0.13354	-0.021401	0.23327	0.10877	-0.025665	0.18791	0.11951	NaN	-0.033627	0.039428	0.062603	0.066033	0.095595	0.07903	0.12081	0.10084	-0.041384	0.27022	0.10879	0.080256	0.053247	-0.040713	0.031934	0.16948	0.12242	0.089301	0.053442	0.071364	-0.047948	0.14819	0.037415	0.10388	0.18206	-0.0052091	0.093946	0.060446	-0.0041892	0.1465	0.0473	0.053396	0.059063	0.035481	0.16236	0.027514	0.12442	0.046801	0.19972	0.14318	0.15111	0.024727	NaN	0.098171	0.089248	0.12723	0.00057472	0.03999	0.14126	0.05875	0.019192	0.071836	0.14962	0.16298	0.21028	0.078009	0.15325	0.063249	0.13411	0.0090669	0.036034	0.060575	0.02329	0.13809	0.022119	0.14165	0.1634	0.087507	-0.023619	0.13287	0.032866	0.045518	0.070745	-0.047583	-0.053935	0.12374	0.083948	0.070641	0.095993	0.087494	0.04268	0.03441	0.066893	0.12273	0.036673	0.051239	0.05003	0.12527	0.11117	0.07647	0.034156	0.051577	0.1214	0.13428	0.18759	0.11698	0.021683	0.087682	0.066119	0.11921	0.032489	0.011222	0.086945	-0.031578	0.12138	0.057389	-0.0093927	0.093939	-0.011817	0.056865	0.18301	0.044253	0.12867	-0.0095292	0.029733	0.16306	0.15933	0.14514	NaN
0.068829	0.10964	-0.033438	0.099119	NaN	0.21659	0.077013	-0.023873	0.1702	0.12213	0.022914	0.10677	0.083528	0.073307	0.053462	0.119	1	0.045503	0.26526	0.080252	0.23306	0.019194	0.14587	0.11152	-0.11722	NaN	0.047974	-0.03036	0.19406	0.035112	0.099349	0.077389	0.12443	0.19856	0.086972	0.032404	0.14939	0.18326	0.24993	0.10732	0.025923	0.27636	0.13063	0.13007	0.34137	0.19097	0.14965	0.16924	0.14764	0.11194	0.10007	0.032564	0.34197	0.022086	0.13791	0.026292	-0.014454	0.21075	0.23046	0.056006	0.12496	0.10141	0.10196	0.061375	0.23245	0.15862	0.12936	0.032346	NaN	0.17772	0.12594	0.0667	-0.039215	0.1392	0.0374	0.036545	0.15437	0.053836	0.078284	0.195	0.086698	0.10285	0.16318	0.02882	0.20885	0.18664	0.13748	0.048677	0.042281	0.09016	0.13662	0.19591	0.074992	0.0153	0.093141	0.16552	0.12556	0.0026834	0.17269	0.060778	0.054123	0.089816	0.099488	0.087601	0.085709	0.10744	0.0061217	0.094064	0.12493	0.11417	0.075684	0.19823	0.18375	0.069956	0.12171	0.05825	0.033531	0.080942	0.031673	0.023615	0.077028	0.10636	-0.013238	0.087565	0.13385	0.10257	0.082541	0.052209	0.15178	0.050624	0.048978	0.23648	0.18355	0.18701	0.029127	0.058413	0.11409	0.1655	0.16208	0.0032295	0.010632	0.14071	0.14899	0.20183	NaN
-0.035383	0.078029	-0.073977	0.13625	NaN	-0.00099461	0.1169	0.068323	0.094715	0.060869	0.060215	-0.047121	0.084114	0.056638	0.12021	0.10185	0.045503	1	0.06054	-0.0073968	0.047473	0.052243	0.058756	0.097033	0.0015812	NaN	-0.041337	0.017126	0.051639	0.019908	0.017618	-0.063244	-0.024745	0.058203	-0.025293	0.10758	0.01435	-0.09947	0.034765	-0.073938	-0.061277	0.023742	0.1643	0.099918	0.082651	0.14712	0.072011	0.047528	0.041373	0.044351	0.06116	0.016549	-0.10608	-0.069999	0.075386	0.016182	0.015461	0.14642	0.070972	0.11618	0.078061	0.07719	0.059437	-0.024175	0.053593	-0.035924	0.10973	0.035026	NaN	0.012289	-0.0047068	-0.059933	0.017932	0.12442	0.027389	-0.041184	0.035294	0.025214	0.095391	0.12909	0.108	-0.0084225	0.058559	-0.059534	0.086224	0.0051807	0.12036	0.1243	0.07953	0.059921	0.064415	-0.034169	-0.001217	0.078544	0.046805	0.113	0.093072	0.026962	0.053336	0.042519	-0.026308	0.051737	-0.028248	0.087434	0.17251	0.020438	0.092846	-0.070667	-0.0053891	0.097384	0.069393	0.027071	0.063469	-0.15382	0.029233	0.041076	0.038357	0.13081	0.072693	0.0058121	0.068465	-0.059601	0.080387	-0.01884	0.075759	0.13716	0.093793	-0.051466	0.17577	0.069222	0.06136	0.029258	0.040047	0.13905	-0.043651	-0.012629	-0.061922	-0.030149	0.078834	0.094518	0.0033844	0.10052	0.028661	0.077055	NaN
-0.045798	0.15875	-0.029047	0.27052	NaN	0.22026	0.14796	0.04687	0.042369	0.16439	0.062864	0.02799	0.21227	0.07869	0.13495	0.13354	0.26526	0.06054	1	0.082276	0.35551	0.10617	0.069412	0.15069	0.010541	NaN	0.022802	0.047292	0.26891	0.066841	0.11406	0.03932	0.13697	0.18788	0.10172	0.14332	0.1004	0.17055	0.45211	0.26415	0.11832	0.48689	0.25033	0.1313	0.35283	0.15154	0.072309	0.12683	0.22338	0.31191	0.10218	0.096472	0.38878	0.13041	0.060008	0.10146	0.16924	0.25392	0.30471	0.15785	0.23245	0.043506	0.061516	0.098707	0.31342	0.23625	0.29025	0.12629	NaN	0.31832	0.07327	0.082025	0.040278	0.21178	0.13185	0.11485	0.079888	-0.016694	0.13389	0.33469	0.18402	0.12271	0.15614	0.099142	0.28831	0.09427	0.16291	0.16561	0.17361	0.15382	0.065661	0.11087	0.073112	0.07657	0.17935	0.13923	0.16925	0.137	0.20408	0.11567	0.083992	0.094257	0.060911	0.2146	0.16273	0.067553	0.0268	0.13368	0.25607	0.17583	0.015215	0.0077276	0.17886	0.070654	0.16593	0.03058	0.028959	-0.013536	0.085722	0.032022	0.17645	0.11487	0.03433	0.15099	0.14512	0.19953	0.22506	-0.045341	0.25344	0.074933	0.10634	0.30183	0.14012	0.35798	-0.056255	0.14617	0.14646	0.06676	0.17332	0.11418	0.12084	0.3253	0.20193	0.40762	NaN
-0.029255	0.044315	0.10355	-0.12511	NaN	0.075953	0.08355	0.12965	0.053862	0.061462	-0.036952	0.029231	0.056244	0.050837	0.12244	-0.021401	0.080252	-0.0073968	0.082276	1	0.11323	-0.080741	0.10884	-0.026839	0.083531	NaN	0.1396	0.0056187	0.029343	-0.038409	0.013248	0.075037	0.0036206	-0.040473	0.099966	0.019919	-0.0039716	-0.0064672	-0.029476	0.19518	0.058977	0.015189	0.036507	0.13132	0.04982	0.027988	0.039893	0.085566	0.20978	0.12864	0.12336	0.077461	-0.06829	0.094606	0.067836	0.1637	0.063393	0.076053	-0.051464	0.18229	0.056911	0.0044115	0.095721	0.072472	0.15549	0.056254	0.074228	-0.002893	NaN	0.081266	0.12085	0.10916	0.0072168	0.040941	0.057624	0.070689	0.051007	0.16515	0.099164	-0.011543	-0.036693	0.0501	0.059571	0.13335	0.094923	-0.034902	0.058405	-0.033181	0.097676	0.10148	0.052925	0.098875	-0.057349	0.045096	0.064904	0.051995	0.079045	0.027014	-0.063053	0.030084	0.097056	0.025126	0.16011	0.06932	0.046189	-0.036344	0.040029	-0.0075128	0.14855	0.1357	0.044832	-0.012329	-0.053548	0.092629	-0.035042	0.034669	0.28306	0.084961	-0.10528	0.019515	-0.18944	0.079033	-0.012553	0.033581	-0.07676	0.043086	0.095397	0.030565	-0.022107	0.029959	0.027088	0.17606	-0.06391	0.00061092	0.0072338	0.18484	0.21822	0.093754	0.031036	-0.0012805	0.0082859	0.00045319	0.061356	-0.0065639	NaN
0.076477	0.18086	0.0039182	0.2539	NaN	0.3746	0.07763	0.023017	0.091582	0.18514	0.030143	0.13402	0.21795	0.15163	0.11713	0.23327	0.23306	0.047473	0.35551	0.11323	1	0.028787	0.037756	0.095359	0.072344	NaN	0.044187	0.089691	0.23148	0.051276	0.1271	0.15292	0.21928	0.17435	0.17075	0.23225	0.21088	0.25855	0.29041	0.25606	0.070556	0.38723	0.13801	0.13901	0.38106	0.11789	0.024982	0.17191	0.28827	0.29775	0.13096	0.13196	0.40295	0.11178	0.097994	0.15418	-0.00078553	0.12631	0.223	0.21176	0.24055	0.14739	0.10688	0.11779	0.43918	0.28295	0.34887	0.11342	NaN	0.34073	0.028442	0.16306	0.0024979	0.18762	0.17333	0.15627	0.078879	0.087915	0.19613	0.25084	0.16917	0.092516	0.13304	0.21907	0.25604	0.13788	0.20269	0.10462	0.13511	0.20033	0.23152	0.14972	0.16084	0.038172	0.23235	0.19092	0.10074	0.12657	0.016075	0.083471	0.11067	0.14125	0.18318	0.19733	0.21152	0.14324	0.09431	0.10647	0.16811	0.15357	0.18491	-0.0043958	0.11293	0.21822	0.13556	0.042058	0.054715	0.051846	0.033996	0.090316	0.13733	0.14714	0.19208	0.14797	0.080547	0.21598	0.18011	0.0064146	0.15383	0.020724	0.18879	0.16619	0.10048	0.29206	-0.084922	0.095063	0.21062	0.18972	0.12138	0.11177	0.067839	0.27947	0.16213	0.26378	NaN
0.17566	0.30515	-0.00085029	0.23471	NaN	0.094892	-0.02255	0.15039	0.45315	0.011155	0.045103	0.043696	0.072987	0.093276	0.039277	0.10877	0.019194	0.052243	0.10617	-0.080741	0.028787	1	0.0017123	0.44567	0.26675	NaN	0.0090855	0.049271	0.1002	0.068862	0.072967	0.078999	0.046615	0.11062	0.0073839	0.14354	0.038648	0.076762	0.13656	-0.012388	0.14146	0.1631	0.064837	0.19566	0.09987	0.12963	0.032697	0.088269	0.14177	0.11466	0.018989	0.035035	0.16657	0.062244	0.13219	-0.00081088	-0.0079157	0.025006	0.12655	0.14061	0.060525	-0.054184	-0.02851	0.050524	0.039572	0.06026	0.1384	0.060728	NaN	0.053897	-0.07703	0.067252	0.0057532	0.20648	0.049469	0.12263	-0.058606	0.080196	0.045868	0.25008	0.022166	0.078228	0.22298	0.014426	0.31106	-0.06127	0.1516	0.15562	0.0093334	0.067995	0.032845	0.10298	0.058478	0.19916	0.01698	0.14507	0.11972	0.058962	0.16423	0.082896	-0.079811	0.029046	0.090774	0.13762	0.097515	0.044658	-0.050528	0.14216	0.086661	-0.0092349	0.083289	0.17248	0.20008	0.13484	0.13264	0.048246	-0.030263	0.031234	0.051498	-0.0043955	0.15084	-0.0017074	0.16677	0.12273	0.080159	0.12133	0.10319	0.03966	0.075903	0.036185	0.074326	0.074329	0.23764	0.16924	-0.025595	-0.0075356	-0.080408	0.044665	0.12803	0.062443	0.13529	0.20269	0.114	0.18909	NaN
-0.008874	0.034768	0.022075	0.040569	NaN	0.096859	0.18494	0.11523	0.05948	-0.067403	0.13724	0.02974	0.12051	0.048865	0.094977	-0.025665	0.14587	0.058756	0.069412	0.10884	0.037756	0.0017123	1	-0.050149	-0.065773	NaN	-0.063812	0.10367	0.02339	0.099818	0.039082	0.026411	-0.0089948	-0.010953	0.13403	-0.014368	0.095961	-0.0024696	0.10794	0.021416	0.014983	0.12641	0.085102	0.071634	0.031706	0.18926	-0.049414	0.15403	0.07247	0.079943	0.052874	0.041638	0.036788	0.1375	0.10845	0.057562	0.029748	0.08465	0.081012	0.0023398	-0.033559	0.054818	0.084282	-0.014583	0.041862	0.11333	0.018395	-0.023916	NaN	0.14061	-0.030478	0.053862	0.060714	0.076561	-0.032107	0.080849	-0.0056655	0.027018	-0.056931	0.032156	-0.11822	0.07914	0.066523	-0.2087	0.14974	-0.067698	0.12889	0.0053952	0.077829	0.026672	0.034531	0.075283	-0.041316	-0.025859	-0.10366	0.033425	-0.025533	0.022533	0.12282	0.042785	-0.040723	0.08156	0.17559	0.0026593	0.12441	0.088579	0.19829	0.14504	0.095599	0.045412	0.095331	0.074261	0.10506	0.085655	-0.054366	0.13646	-0.017987	0.031713	0.16036	0.033714	0.085438	-0.13834	-0.0067248	0.050136	0.091353	0.05441	0.18545	-0.033403	0.1002	0.0046385	0.07921	0.17729	0.12466	0.06136	0.10459	0.042346	-0.0203	0.13227	0.131	-0.04368	-0.065647	-0.0088054	0.013246	0.055725	NaN
0.20291	0.40177	-0.056831	0.19119	NaN	0.071141	-0.0029117	0.13682	0.56749	0.068468	0.061443	0.10975	-0.017732	0.052914	0.11231	0.18791	0.11152	0.097033	0.15069	-0.026839	0.095359	0.44567	-0.050149	1	0.36476	NaN	0.10567	0.10329	0.074178	0.089593	0.072351	-0.043937	0.10328	0.25743	-0.11189	0.11867	-0.009151	0.0031581	0.1909	0.15326	0.17015	0.13833	0.082993	0.20307	0.15581	0.080929	0.030661	0.047556	0.17483	0.11656	0.09521	0.13988	0.079737	-0.04025	0.23314	0.028384	0.034729	0.17331	0.15486	0.20591	0.083079	0.0092436	0.091235	0.038611	0.14532	0.071712	0.25753	0.1025	NaN	0.11543	0.078167	0.031851	0.024005	0.23147	0.09535	0.057852	-0.010019	0.1757	0.10089	0.33395	0.10672	0.13162	0.27823	0.040589	0.21023	0.034352	0.25866	0.15027	0.13269	0.13329	-0.007492	0.060042	0.041387	0.21806	0.04084	0.1807	0.15396	0.063218	0.17504	0.097153	-0.0054996	0.11113	-0.0211	0.076222	0.063314	0.036241	-0.0063465	0.1297	0.07825	0.050186	0.027675	0.058658	0.25879	0.006598	0.15586	0.062567	0.058893	-0.010898	0.103	0.07008	0.15486	0.18426	0.078994	0.046495	0.08196	0.19207	0.10763	-0.021444	0.1235	0.037048	0.014625	0.047691	0.13538	0.16105	0.075429	-0.021565	0.016043	0.17847	0.11199	0.034901	-0.0098837	0.22545	0.11695	0.29453	NaN
0.073727	0.33945	-0.027635	0.11533	NaN	0.062481	0.04694	0.11947	0.32097	0.076384	0.14972	0.058252	-0.04508	-0.007724	0.08549	0.11951	-0.11722	0.0015812	0.010541	0.083531	0.072344	0.26675	-0.065773	0.36476	1	NaN	0.16497	0.069641	-0.016448	0.034273	0.056231	0.068266	0.027837	0.16941	-0.040787	0.037138	-0.048841	-0.0081471	0.074143	0.10419	0.051924	0.069455	0.1193	0.093361	0.057176	0.029687	0.082748	0.058187	0.10146	0.065162	-0.027241	0.085952	0.070668	0.11331	0.20027	-0.017535	0.014033	0.077164	0.059747	0.15433	-0.096392	-0.033113	0.027461	0.062983	0.019982	0.017765	0.16774	0.064141	NaN	0.045765	0.12234	0.17496	0.070665	0.11571	0.15784	-0.019891	0.033231	0.049882	0.014773	0.10816	-0.024316	0.031785	0.17149	0.002412	0.061064	0.077111	0.10551	0.17134	0.057013	0.046061	-0.079601	-0.034289	0.047086	0.18706	-0.014002	0.11554	0.11322	0.14793	0.14696	0.082033	0.030386	0.025332	0.012733	0.01512	0.011808	-0.037006	0.07976	0.17102	0.082378	-0.0031778	-0.033907	0.10173	0.11836	0.029415	0.097186	0.021414	0.054178	0.1019	0.0032008	0.036958	0.15211	0.11962	0.013486	0.054604	0.067424	0.13981	0.13609	0.043012	0.021881	0.11157	0.02579	0.082302	0.05018	0.099128	0.090113	0.005307	0.005125	0.099674	0.057785	0.015711	0.098756	0.15555	0.091604	0.12772	NaN
NaN	NaN	NaN	NaN	NaN	NaN	NaN	NaN	NaN	NaN	NaN	NaN	NaN	NaN	NaN	NaN	NaN	NaN	NaN	NaN	NaN	NaN	NaN	NaN	NaN	NaN	NaN	NaN	NaN	NaN	NaN	NaN	NaN	NaN	NaN	NaN	NaN	NaN	NaN	NaN	NaN	NaN	NaN	NaN	NaN	NaN	NaN	NaN	NaN	NaN	NaN	NaN	NaN	NaN	NaN	NaN	NaN	NaN	NaN	NaN	NaN	NaN	NaN	NaN	NaN	NaN	NaN	NaN	NaN	NaN	NaN	NaN	NaN	NaN	NaN	NaN	NaN	NaN	NaN	NaN	NaN	NaN	NaN	NaN	NaN	NaN	NaN	NaN	NaN	NaN	NaN	NaN	NaN	NaN	NaN	NaN	NaN	NaN	NaN	NaN	NaN	NaN	NaN	NaN	NaN	NaN	NaN	NaN	NaN	NaN	NaN	NaN	NaN	NaN	NaN	NaN	NaN	NaN	NaN	NaN	NaN	NaN	NaN	NaN	NaN	NaN	NaN	NaN	NaN	NaN	NaN	NaN	NaN	NaN	NaN	NaN	NaN	NaN	NaN	NaN	NaN	NaN	NaN	NaN	NaN
0.14123	0.1402	0.020622	0.021061	NaN	0.11647	0.011598	0.13868	0.053794	0.06251	-0.037923	0.093436	0.043539	0.013109	0.11877	-0.033627	0.047974	-0.041337	0.022802	0.1396	0.044187	0.0090855	-0.063812	0.10567	0.16497	NaN	1	0.055996	-0.057073	0.022838	0.090885	0.041088	-0.049551	0.065329	-0.07627	0.002514	0.12224	0.021483	0.062336	0.1108	0.07089	0.073345	0.091528	0.070222	0.12975	-0.00013193	0.073897	-0.098903	0.26997	0.089085	0.065426	0.042266	-0.0010293	0.055838	0.11034	0.037271	-0.013281	0.038011	0.030666	0.21217	0.081544	0.061963	0.062322	-0.015828	0.090339	0.1227	0.12778	0.027052	NaN	0.14888	0.10977	0.12128	-0.0015413	0.036192	0.079345	0.022368	-0.016082	0.08117	0.033115	0.043547	0.034616	0.12599	0.024229	0.05447	0.074193	-0.028856	0.092893	0.010003	-0.039755	0.10882	0.041935	0.052798	-0.03898	0.12022	0.11283	0.021788	0.084797	0.12511	0.089011	0.050203	0.18105	0.060034	0.040598	0.038485	0.047138	0.068598	-0.03803	-0.015769	0.088659	0.08933	0.0077067	-0.028427	-0.046052	0.095131	0.065677	0.035498	0.075328	0.10263	-0.088287	0.039196	-0.0031739	0.12161	0.13794	0.056278	-0.035687	0.10555	-0.013122	0.034465	0.065119	0.019089	0.005511	0.15875	0.077703	0.10766	0.069203	0.031557	0.080777	0.031728	-0.056048	0.057388	0.11522	0.14059	0.1117	0.019697	NaN
-0.0090586	0.071144	-0.051321	0.10799	NaN	-0.0017083	0.054919	0.041242	0.14115	-0.045339	0.064854	-0.012455	-0.06113	-0.097981	0.051266	0.039428	-0.03036	0.017126	0.047292	0.0056187	0.089691	0.049271	0.10367	0.10329	0.069641	NaN	0.055996	1	0.030411	0.052719	0.12385	0.0443	0.1075	0.092441	-0.032843	0.027866	0.14978	0.011764	0.061165	0.040246	-0.019461	0.041552	0.11899	0.099055	0.047104	0.062817	0.041561	0.06243	0.047901	0.095067	0.1665	0.078623	0.034764	0.18192	0.14362	-0.061565	0.021903	0.13641	0.021521	0.11332	-0.044098	0.064316	0.10059	0.020802	-0.017772	0.13515	-0.020949	0.10758	NaN	0.057611	0.041767	0.0018687	0.070962	0.037489	0.074458	-0.082825	0.042994	0.11263	0.12074	0.075248	0.01092	0.034026	0.10141	0.12508	0.026325	-0.0012125	0.051542	0.031096	0.080433	0.056595	-0.097991	0.0035023	0.068822	0.066886	0.051416	-0.1145	0.032499	0.13942	0.050365	0.085543	-0.03934	0.092402	0.038691	0.054829	-0.063006	-0.046276	0.085294	0.093445	0.011917	0.0031442	-0.088974	0.004895	0.042095	0.04541	-0.018108	0.048081	0.081637	-0.033298	0.038979	0.097098	0.1039	-0.020086	0.0049006	-0.0016876	0.019124	0.068589	-0.022262	0.0891	0.064611	0.039623	-0.078882	0.099076	0.026943	0.16855	0.091589	-0.049506	-0.050012	0.088565	0.086629	0.051673	0.022156	0.070364	0.15274	0.049768	NaN
0.04793	0.10863	-0.082029	0.2167	NaN	0.27242	0.067396	0.045961	0.054936	0.12722	0.062291	-0.010165	0.1736	0.16874	0.09321	0.062603	0.19406	0.051639	0.26891	0.029343	0.23148	0.1002	0.02339	0.074178	-0.016448	NaN	-0.057073	0.030411	1	0.002393	0.044428	0.13741	0.093182	-0.0063642	0.11622	0.076964	0.12352	0.20813	0.24321	0.15279	0.020032	0.27763	0.14675	0.059648	0.27787	0.080401	0.030364	0.15789	0.12367	0.19999	0.087678	0.018903	0.30357	0.0864	0.029073	0.28494	0.057658	0.13234	0.20313	0.097738	0.11201	-0.059905	0.035912	0.17089	0.31397	0.086829	0.059496	0.11467	NaN	0.28388	0.10906	0.051526	0.062758	0.13767	0.063259	0.12204	0.11354	0.050468	0.13723	0.2057	0.20386	0.061029	0.088373	0.071871	0.17208	0.043936	0.11525	0.090555	0.031862	0.13775	0.09804	0.19849	0.23887	0.033649	0.026792	0.11819	0.1862	0.042982	0.13619	0.14592	0.12025	0.097712	0.12666	0.21635	0.16846	0.14421	0.00057206	-0.01651	0.16533	0.067328	0.14244	0.045829	0.069137	0.18987	0.23841	0.050478	0.084083	0.0047024	0.060677	0.072162	0.11078	0.052003	0.13537	0.14446	0.056436	0.16106	0.13573	0.059778	0.05348	0.031987	0.12739	0.1788	0.12491	0.23472	0.012324	-0.066529	0.20881	0.075026	-0.040114	0.046971	0.1098	0.18081	0.077702	0.3521	NaN
0.049497	0.024698	-0.033855	-0.0064565	NaN	0.2058	-0.054894	0.10075	0.11862	0.15495	0.16562	0.10142	0.2044	0.082499	0.14493	0.066033	0.035112	0.019908	0.066841	-0.038409	0.051276	0.068862	0.099818	0.089593	0.034273	NaN	0.022838	0.052719	0.002393	1	0.63747	0.15739	-0.063348	0.010615	0.16334	0.25508	-0.02724	0.16707	0.054745	-0.05929	0.23717	0.10663	0.037279	0.012526	0.090795	0.071642	0.093871	0.16782	0.11172	0.051564	0.54567	-0.067135	0.086949	0.0597	0.073724	0.19394	-0.017525	0.070183	0.044491	0.032701	0.11504	0.028816	0.5967	0.093023	0.081729	0.094187	0.086614	0.074272	NaN	0.14903	0.002882	0.11095	-0.020889	0.034828	0.13021	0.19648	-0.05818	0.38582	0.46842	-0.11985	0.052887	0.08572	0.010072	0.049496	0.12226	-0.038855	0.069614	-0.054413	0.076636	0.50232	0.14127	0.15216	0.13588	-0.072472	-0.042346	0.047995	0.16434	-0.046823	0.028139	0.20686	0.097144	0.59723	0.17245	-0.026799	0.22019	0.18199	0.49832	-0.072127	0.29332	0.044304	0.16084	-0.15989	0.021835	0.12709	0.18875	0.49003	0.074849	0.29522	0.07954	0.58538	0.055307	0.25898	0.10228	0.16358	0.16549	0.07511	0.13171	0.17188	0.13139	-0.030238	0.19289	0.063683	-0.0022187	0.13957	-0.016147	0.16288	0.17185	0.10656	0.04095	0.069495	0.064577	0.17852	0.16637	0.0065492	NaN
0.076234	0.096019	0.066419	0.033814	NaN	0.09906	-0.019484	0.079169	0.14721	0.22641	0.045566	0.082997	0.045927	-0.012418	0.13543	0.095595	0.099349	0.017618	0.11406	0.013248	0.1271	0.072967	0.039082	0.072351	0.056231	NaN	0.090885	0.12385	0.044428	0.63747	1	0.12578	0.012645	0.05525	0.19668	0.20534	0.021517	0.17002	0.080945	0.00073087	0.13298	0.11459	0.079146	0.084689	0.081701	0.032127	0.12618	0.080742	0.12597	0.017477	0.53828	0.05128	0.13686	0.098992	0.090596	0.1346	0.0097238	0.068455	0.077063	0.034653	0.12219	0.050524	0.5565	0.093095	-0.0031139	0.11496	0.057227	0.084957	NaN	0.10919	0.08555	0.085252	0.058066	0.07773	0.13721	0.017245	-0.055326	0.34685	0.52653	-0.086655	0.093366	0.091953	0.084306	0.050613	0.11162	0.023392	0.085142	-0.032282	0.043171	0.4879	0.066373	0.13946	0.12219	-0.072004	0.030698	-0.0020283	0.19391	0.016684	0.048489	0.18887	0.17378	0.58907	0.11414	0.048793	0.10998	0.088076	0.41049	-0.02636	0.20583	0.10387	0.0050874	-0.12512	0.060529	0.15859	0.14381	0.45155	0.15557	0.22091	0.029555	0.48105	0.020314	0.18092	-0.0023742	0.10549	0.17475	0.024243	-0.0041252	0.10489	0.089824	-0.030931	0.029072	0.066525	0.13239	0.12495	-0.039367	0.092256	0.16267	0.020741	0.058086	0.10344	0.037759	0.18248	0.19593	0.060968	NaN
0.12643	0.032226	-0.011787	0.025717	NaN	0.14482	0.13478	-0.04017	-0.03246	0.22912	0.074934	0.08393	0.18433	0.17735	0.10709	0.07903	0.077389	-0.063244	0.03932	0.075037	0.15292	0.078999	0.026411	-0.043937	0.068266	NaN	0.041088	0.0443	0.13741	0.15739	0.12578	1	-0.012583	-0.064083	0.26893	0.22176	0.17463	0.26042	0.1641	0.072434	0.19688	0.2174	-0.0031834	0.074423	0.2479	-0.01879	0.014662	0.26069	0.22766	0.15738	0.166	-0.032018	0.19431	0.21835	0.00745	0.3882	0.054433	-0.070354	0.0098229	0.091303	0.13759	0.011389	0.20216	0.268	0.15013	0.13604	-0.0156	0.062045	NaN	0.26775	0.024073	0.26126	0.11824	0.072174	0.17707	0.19444	0.08199	0.13381	0.13284	-0.018243	0.097843	0.024276	0.087947	0.29928	0.14638	0.033594	0.021958	-0.021172	-0.015464	0.20041	0.15179	0.40506	0.26521	-0.02426	-0.025508	0.15933	0.10547	0.086095	0.0085037	0.082317	0.14141	0.094324	0.40186	0.14246	0.11148	0.19985	0.083136	0.018077	0.30329	-0.0031829	0.11834	0.0041652	-0.087657	0.41388	0.24104	0.13186	0.16505	0.13627	0.001781	0.14589	0.0017125	0.20945	0.20537	0.18634	-0.021558	0.17981	0.060281	0.23169	0.039913	0.049601	0.22187	0.16463	0.016399	0.26662	0.027187	0.18938	0.31489	-0.0097625	-0.01031	0.064704	0.22211	0.13211	0.1649	0.11808	NaN
-0.02173	0.033432	0.020615	0.10736	NaN	0.085666	0.067892	-0.064306	0.11675	0.06112	0.094953	-0.031767	0.066301	0.024638	0.021092	0.12081	0.12443	-0.024745	0.13697	0.0036206	0.21928	0.046615	-0.0089948	0.10328	0.027837	NaN	-0.049551	0.1075	0.093182	-0.063348	0.012645	-0.012583	1	0.015332	-0.012236	0.072672	0.026389	0.048394	0.13195	0.14441	-0.076084	0.17614	0.079219	0.020415	0.12259	0.15475	0.0013902	0.059932	0.01205	0.1234	0.055771	0.17273	0.10271	0.11026	0.090806	0.015994	0.046525	0.16797	0.079951	0.058686	0.0020642	0.08122	-0.0071658	-0.014579	0.17874	0.14204	0.16694	0.018251	NaN	0.10205	0.0014428	-0.03496	0.035822	-0.018475	0.030763	0.019371	0.02563	-0.080051	0.029779	0.11741	0.010761	0.072744	0.049021	0.059897	0.063766	-0.022015	0.078941	0.057995	0.051852	-0.053198	0.10519	0.05361	-0.022371	-0.063259	0.21608	0.13044	0.058081	0.086007	-0.040848	0.045529	-0.00012049	0.0042376	0.059965	0.17242	0.073298	0.086081	0.0021448	0.042263	0.03193	0.0030099	0.00039874	0.028512	0.03402	-0.0045085	0.074813	0.061745	0.043055	-0.078395	-0.019446	0.025345	0.010596	0.063944	0.035962	0.087481	0.0092489	0.16809	-0.016337	-0.050524	0.0088106	0.01185	0.045878	0.11878	0.010658	0.0746	0.091353	0.06157	0.085463	-0.010288	0.11553	0.068675	0.06741	0.076542	0.13738	0.136	NaN
