1	0.12692	-0.0017091	0.019762	0.10178	0.08028	0.020115	0.065125	0.056489	0.001744	0.11075	-0.054473	0.11677	0.099792	0.097946	0.12658	0.095107	0.035396	0.091368	0.074935	0.064232	0.099944	0.026295	0.14719	0.094925	0.0786	0.094124	0.012515	0.15443	0.10761	0.12563	0.089201	0.18555	0.083853	0.19115	0.18296	0.020138	0.081568	0.10286	0.055966	0.1272	0.14101	0.13337	0.015039	-0.0096497	0.10636	0.049378	0.12656	0.12075	0.1212	-0.01724	0.091527	0.0036435	-0.073648	0.11692	0.10304	0.062988	0.07217	0.08715	0.12458	0.0094128	0.13581	0.1185	0.1293	-0.0082245	0.03042	0.09234	0.029473	0.25658	0.098404	0.05956	0.10224	0.10803	0.068785	0.015113	0.095135	0.15261	0.10733	0.071592	0.080976	0.053244	0.047226	0.0010628	0.003577	0.061085	-0.052318	0.059823	0.13666	-0.028706	0.18826	0.093432	0.086658	0.13322	0.037265	0.078424	0.12776	0.14408	0.0091031	-0.028376	0.10225	-0.037416	0.13027	0.071677	0.050674	0.13161	0.10747	0.054402	0.10063	0.039241	0.094996	0.0014804	0.12273	0.118	0.1378	0.084502	0.062023	0.099489	0.083705	0.19351	0.019725	0.10257	0.017228	0.14083	0.10705	-0.081144	0.089827	0.14299	0.046378	0.089444	0.09383	0.082176	0.098911	0.16341	0.020141	0.14853	0.09444	0.17577	0.18192	0.20934	0.0092353	0.10094	0.090615	-0.041823	-0.03317	0.022906
0.12692	1	-0.05984	0.13616	0.20196	0.014012	0.14984	0.096636	0.1041	0.13528	0.23597	0.075452	0.042928	0.27639	0.074063	0.13147	0.094505	0.055437	0.17259	0.078409	0.18255	-0.024036	0.09609	0.021089	0.13655	0.069556	0.20108	0.011491	0.06908	0.18341	0.096195	0.18202	0.10197	0.119	0.17857	0.091323	0.064352	0.25009	-0.019364	0.12469	0.17182	0.28124	0.11964	0.16757	0.13913	0.22479	0.16748	0.15728	0.19623	0.1235	-0.10821	0.10882	0.057571	0.0094459	0.1019	0.094271	0.20584	0.031305	0.096924	0.20137	0.20385	0.074956	0.24266	0.15985	0.17777	0.29728	0.2223	0.20508	0.20723	0.059805	0.23904	0.14253	0.20053	0.12377	0.027093	0.25037	0.14726	0.21752	0.14191	0.1177	0.11356	0.24155	0.0013032	0.23849	0.21885	-0.031542	0.074414	0.24194	-0.035041	0.0043925	0.15107	0.069813	0.13771	0.10264	0.17914	0.1601	0.15261	0.086783	0.052486	0.15886	0.12102	0.17524	0.075813	0.068491	0.082117	0.1134	0.22683	0.07122	0.10649	0.13973	0.12914	0.16349	0.13594	0.098016	0.21393	0.1682	0.042087	0.2098	0.22086	-0.0041576	0.17086	0.18653	0.096074	0.11846	0.052335	0.10291	0.21585	0.092697	0.019804	0.15717	0.044481	0.13606	0.18998	0.093892	0.10683	0.2136	0.083873	0.20055	0.10009	0.055508	0.13301	0.15318	0.14178	0.18102	0.20257
-0.0017091	-0.05984	1	0.011241	0.021753	0.091639	0.003776	-0.01793	-0.087254	0.016378	0.054761	-0.022274	0.038209	0.0081801	0.01662	0.010591	-0.0039049	-0.13982	0.014827	-0.0030178	0.10606	0.0022525	0.066155	-0.01448	0.06881	0.068904	0.036746	-0.026633	-0.076058	0.033349	0.011901	-0.084436	0.05738	0.024166	-0.003079	-0.040394	0.059433	0.034182	-0.0023679	-0.043115	0.0042607	-0.033915	-0.014481	0.11018	0.014356	-0.086688	-0.060744	0.076779	0.037609	0.084127	-0.065302	-0.058852	-0.028733	-0.064121	0.032503	0.11896	-0.088204	-0.037098	0.063434	-0.0018984	0.055427	-0.010353	0.0046831	-0.043702	0.06931	-0.033665	0.057266	0.007725	-0.02944	0.07954	0.0062874	-0.033096	0.054312	0.06287	-0.014505	0.0040473	-0.0054714	-0.046942	0.01828	0.013862	-0.00013197	0.0089835	-0.051106	-0.0093472	0.0089597	0.041968	-0.04688	-0.012191	-0.050354	0.10803	-0.033774	0.05658	0.04075	0.038131	0.022847	-0.031017	0.10204	0.0086998	-0.00010229	0.022417	0.043046	-0.04184	0.11708	0.043594	-0.023007	-0.013227	-0.018961	0.084547	-0.041648	0.0010099	0.0085309	-0.032272	0.064047	0.043838	0.068856	0.029504	-0.0038912	0.081307	-0.029865	-0.052231	0.090095	0.032923	0.11291	-0.038735	-0.021504	-0.075763	-0.074417	0.10242	-0.024617	0.028406	0.046898	0.0046897	0.03524	0.023212	0.054925	0.014612	-0.029902	-0.022766	0.021165	-0.054231	0.12409	0.07097	0.072328	0.026259	0.031
0.019762	0.13616	0.011241	1	0.19326	0.1081	0.14596	0.10323	0.26022	0.1993	0.1906	0.11977	0.084823	0.12582	0.094996	0.14377	0.073954	0.20076	0.16316	0.19179	0.18834	0.18441	0.026422	0.1296	0.13497	0.1581	0.26213	0.16198	0.31204	0.23955	0.1745	0.24361	0.21079	0.20796	0.15708	0.12889	0.13646	0.25438	0.17144	0.30951	0.13742	0.26856	0.15581	0.10758	0.31386	0.25687	0.22337	0.11193	0.15965	0.24379	0.027124	0.1478	0.15837	-0.049561	0.267	0.19421	0.21723	0.16356	0.20374	0.1784	0.14451	0.27533	0.2857	0.14517	0.12994	0.23584	0.1596	0.18846	0.19614	0.24507	0.12285	0.06268	0.24381	0.22897	0.12446	0.2016	0.2455	0.10515	0.13404	0.10067	0.13197	0.18865	0.12532	0.11692	0.13929	0.084156	0.14286	0.042204	0.20301	0.064933	0.21713	0.17279	0.1723	0.034477	-0.031832	0.15146	0.17189	0.068879	0.02453	0.25421	0.10056	0.002422	0.16671	0.053583	0.071786	0.22779	0.1437	0.068108	-0.0053774	0.060245	0.11884	0.27993	0.1455	0.10875	0.30767	0.23726	0.033584	0.26029	0.16373	0.087173	0.21867	0.2681	0.23542	0.33097	0.056679	0.23018	0.1974	0.11695	0.07103	0.15529	0.18807	0.25515	0.23757	0.044865	0.09303	0.28442	0.22274	0.17012	0.19579	0.15117	0.23573	0.27741	0.08927	0.16606	0.22496
0.10178	0.20196	0.021753	0.19326	1	0.017885	0.11943	0.19763	0.13224	0.20681	0.17318	0.18132	0.19271	0.29213	0.30305	0.13517	0.1867	0.15174	0.17527	0.2005	0.052218	0.31724	0.12935	0.14051	0.099577	0.080905	0.29239	0.26032	0.12518	0.23998	0.25254	0.22311	0.22863	0.27416	0.22202	0.27826	0.36229	0.17939	0.33257	0.37551	0.24001	0.22662	0.24881	0.12616	0.21084	0.20604	0.28417	0.20208	0.28547	0.30883	0.22333	0.17783	0.10813	0.055822	0.35827	0.17371	0.30547	0.13031	0.25186	0.25405	0.18413	0.2185	0.32946	0.25013	0.15683	0.15351	0.16196	0.20955	0.17155	0.30559	0.19568	0.18036	0.30235	0.27787	0.078781	0.16548	0.25189	0.18739	0.12543	0.12301	0.28614	0.1791	0.14944	0.17913	0.18462	0.11392	0.21184	0.18477	0.29966	0.16931	0.19795	0.16029	0.36351	-0.0072548	0.11501	0.18774	0.32657	0.12522	0.041227	0.24701	0.1153	0.26824	0.19141	0.14746	0.11338	0.18461	0.1844	0.13989	0.10363	0.27679	0.0588	0.29895	0.2953	0.26623	0.29208	0.23063	0.16365	0.2859	0.30905	0.1313	0.17115	0.29943	0.3245	0.13538	0.11294	0.28642	0.38064	0.27593	0.0011059	0.21458	0.17351	0.23343	0.20944	0.29529	0.063953	0.27632	0.17158	0.32448	0.1032	0.20532	0.23217	0.35372	-0.021464	0.045176	0.26007
0.08028	0.014012	0.091639	0.1081	0.017885	1	-0.13859	0.11438	-0.018096	-0.072324	0.11684	-0.044926	0.0042796	0.1057	-0.01524	-0.094283	0.065579	0.052371	-0.0037398	0.098571	0.050572	-0.0076502	0.044657	0.043082	0.075612	0.11248	0.043845	0.12718	0.097404	-0.007287	0.011812	0.041597	-0.021721	-0.10401	0.035656	0.085003	-0.056345	0.029712	-0.11307	0.062902	0.14787	0.054313	0.10053	-0.010466	0.15026	0.002757	0.1044	-0.043628	0.055063	0.1113	-0.0072037	-0.01928	0.069224	-0.010096	0.10995	-0.021407	-0.14207	-0.094113	0.08042	0.027664	0.0050947	0.12905	0.044236	0.041356	-0.048468	0.13203	0.08053	0.060755	0.024636	0.11078	0.0013369	-0.085175	0.070772	0.068285	0.087162	0.035689	-0.026617	-0.12689	-0.038859	-0.045484	0.072367	-0.02217	-0.037385	-0.0727	-0.015838	0.031573	-0.003986	0.050583	0.094998	0.053576	0.070429	0.044321	0.048595	0.062241	0.060388	0.011645	0.1497	0.047824	0.064297	0.063236	0.17092	0.026662	0.081806	-0.02774	0.026085	0.092573	-0.037762	0.020461	0.01897	-0.0087876	-0.04396	-0.011039	0.02266	0.023373	0.044774	0.050355	0.061593	0.09946	0.029802	-0.013399	0.077759	-0.066776	0.028714	0.048513	-0.047665	0.044124	0.023192	0.039494	0.035766	0.076525	0.076258	0.0008207	0.034461	-0.022097	0.10107	0.15156	0.038746	-0.055996	-0.010529	-0.030526	0.036933	0.092181	0.053567	-0.066548	0.11395
0.020115	0.14984	0.003776	0.14596	0.11943	-0.13859	1	0.25039	0.18814	0.27978	0.14081	0.21536	0.088388	0.05881	0.052723	0.22783	0.17482	0.29683	0.21251	0.0023995	0.10071	0.15964	0.099069	0.15851	0.12788	0.13391	0.19084	0.046371	0.030016	0.17973	0.13679	0.13832	0.20874	0.25104	0.254	0.094504	0.0589	0.16869	0.13846	0.092465	0.15931	0.1957	0.082573	0.23005	0.049478	0.23687	0.16896	0.25666	0.12072	0.086983	0.11886	0.14343	0.079554	0.13366	0.15743	0.16881	0.22559	-0.00012806	0.10803	0.21553	0.048566	0.030639	0.25648	0.12434	0.20804	0.1741	0.1535	0.18771	0.20166	0.096448	0.15681	0.10986	0.20604	0.066239	0.14543	0.15312	0.060759	0.27403	0.092617	0.1573	0.077911	0.23748	0.088297	0.26324	0.15537	0.0713	0.12348	0.12362	0.21626	0.14739	0.27176	0.20277	0.13972	0.10706	0.19833	0.12417	0.11686	0.10579	-0.10291	0.078153	0.059835	0.18765	0.27968	0.11717	0.13237	0.23498	0.26211	0.072882	0.039699	0.13918	0.25794	0.25804	0.18398	0.14383	0.2845	0.074778	0.099824	0.16413	0.23024	0.1933	0.22292	0.27391	0.13658	0.053247	0.26474	0.20039	0.12317	0.063859	0.017955	0.13894	0.23667	0.13748	0.15726	0.16191	0.21855	0.13819	0.13271	0.091565	0.14839	0.1271	0.15684	0.24385	0.16002	0.23766	0.13589
0.065125	0.096636	-0.01793	0.10323	0.19763	0.11438	0.25039	1	0.24727	0.27539	0.13165	0.41894	0.13527	0.11926	0.098341	0.092841	0.11318	0.19963	0.24904	-0.038859	0.060322	0.038317	0.21755	0.20469	0.17545	0.04217	0.21445	0.0060906	0.15393	0.19246	0.16123	0.041515	0.25824	0.18084	0.15613	-0.027075	0.04996	0.14671	-0.0006764	0.052995	0.16758	0.26376	0.17139	0.1238	0.13967	0.30241	0.18548	0.34883	0.18574	0.21816	0.090067	0.14448	0.20937	0.21398	0.23279	0.24118	0.23441	0.063555	0.11209	0.19906	0.095467	0.029231	0.22432	0.17341	0.1668	0.17862	0.22914	0.15665	0.15329	0.23897	0.23258	0.23315	0.2149	0.13098	0.25655	0.10341	0.055587	0.25828	0.15681	0.12995	0.10839	0.37013	0.14623	0.31702	0.27509	0.080404	0.10215	0.11962	0.1466	0.22394	0.32731	0.18037	0.046599	0.1229	0.21317	0.054252	0.17301	0.11875	-0.046765	0.20192	0.04056	0.18349	0.23941	0.12502	0.1745	0.25588	0.21343	0.12511	0.084518	0.20837	0.13112	0.31534	0.24451	0.18018	0.27755	0.10393	0.11473	0.25037	0.12952	0.094472	0.13953	0.28715	0.14435	0.073142	0.20174	0.10223	0.15092	0.10384	0.15136	0.034668	0.23652	0.18578	0.13524	0.18479	0.21147	0.22377	0.10628	0.071449	0.19383	-0.025555	0.11922	0.28578	0.05767	0.11861	0.10676
0.056489	0.1041	-0.087254	0.26022	0.13224	-0.018096	0.18814	0.24727	1	0.18253	0.22283	0.22827	0.085616	0.12301	0.12881	0.051828	0.13572	0.29608	0.24736	0.11597	0.14609	0.15829	0.21124	0.26296	0.18083	0.12896	0.41016	0.11732	0.12736	0.35481	0.18605	0.14674	0.25156	0.15213	0.31924	0.19541	0.085646	0.3075	0.16433	0.19525	0.19943	0.24611	0.23307	-0.014627	0.12083	0.27678	0.20736	0.14036	0.29289	0.18513	-0.013457	0.16148	0.16742	0.066329	0.2655	0.13067	0.33116	0.078447	0.19846	0.25967	0.13331	0.29608	0.17357	0.24891	0.12646	0.19072	0.19214	0.23695	0.2304	0.17185	0.28526	0.43475	0.46078	0.13848	0.11604	0.16636	0.18191	0.13284	0.22082	0.18812	0.10954	0.14018	0.16903	0.2785	0.19916	0.10495	0.11468	0.15977	0.21153	0.18416	0.25376	0.28482	0.17833	-0.10446	0.18795	0.081682	0.14219	0.17338	0.12155	0.17289	0.15201	0.14463	0.14107	0.047717	0.0579	0.27821	0.25333	0.27762	0.01476	0.19153	0.27359	0.31734	0.34836	0.27436	0.32499	0.35391	0.17734	0.38152	0.28229	0.21042	0.23831	0.4274	0.17958	0.085795	0.20746	0.28094	0.21342	0.2278	0.12145	0.28109	0.14504	0.20718	0.24518	0.13731	0.13628	0.32866	0.1174	0.10622	0.29171	0.19372	0.14798	0.38524	0.15223	0.16494	0.16178
0.001744	0.13528	0.016378	0.1993	0.20681	-0.072324	0.27978	0.27539	0.18253	1	0.26587	0.32294	0.10107	0.10751	0.074534	0.20216	0.27136	0.28059	0.23469	0.022403	0.1947	0.2537	0.1208	0.20276	0.18744	0.19875	0.17781	0.18804	0.22555	0.24212	0.17588	0.21385	0.3167	0.35377	0.25591	0.16749	0.19752	0.28892	0.16234	0.2106	0.11837	0.20847	0.1862	0.264	0.087617	0.21346	0.27769	0.32645	0.304	0.23667	0.15358	0.11927	0.13225	0.17508	0.33015	0.18236	0.32454	0.024946	0.20204	0.24384	0.20179	0.15303	0.32708	0.19525	0.22635	0.29238	0.24701	0.24307	0.2863	0.22863	0.17269	0.20803	0.23011	0.18968	0.21862	0.14088	0.14512	0.36646	0.16172	0.2059	0.1677	0.24148	0.12509	0.27502	0.17112	0.13859	0.17182	0.20088	0.27451	0.13776	0.30332	0.29197	0.051822	0.018996	0.20147	0.20036	0.10848	0.049445	0.022119	0.22939	0.13529	0.24196	0.2924	0.21767	0.083428	0.31601	0.23655	0.096375	0.03944	0.1726	0.17754	0.27115	0.19825	0.12362	0.35727	0.14591	0.079215	0.19813	0.25289	0.24835	0.29223	0.32793	0.1859	0.23247	0.26822	0.15822	0.16947	0.078624	0.034497	0.094339	0.26122	0.17323	0.18832	0.07095	0.15406	0.19113	0.2257	0.23665	0.27279	0.054594	0.25455	0.23188	0.09394	0.35676	0.21001
0.11075	0.23597	0.054761	0.1906	0.17318	0.11684	0.14081	0.13165	0.22283	0.26587	1	0.19578	0.15999	0.18155	0.1496	0.16923	0.17938	0.23631	0.20839	0.20832	0.17481	0.15378	0.15504	0.16467	0.19972	0.069744	0.35645	0.09184	0.12323	0.29752	0.20084	0.23023	0.22042	0.21569	0.3518	0.084335	0.21451	0.20825	0.23323	0.20373	0.082552	0.2313	0.14807	0.18693	0.1909	0.12293	0.15419	0.22544	0.30578	0.22522	0.0087432	0.092816	0.13288	-0.0053598	0.24112	0.2753	0.27334	0.0064612	0.21504	0.23821	0.2481	0.12905	0.18167	0.17605	0.092877	0.2954	0.25214	0.27829	0.20494	0.18993	0.17438	0.24685	0.38331	0.22365	0.036584	0.20921	0.076405	0.27486	0.11843	0.35015	0.1528	0.11551	0.08578	0.23142	0.16058	0.054467	0.11669	0.27079	0.17322	0.19779	0.21363	0.2949	0.10874	0.045171	0.23493	0.2219	0.17094	0.045741	0.0029177	0.11186	0.22014	0.22022	0.15243	0.25811	0.13415	0.16538	0.21756	0.29282	0.043818	0.20447	0.14062	0.26209	0.33441	0.1029	0.27525	0.20496	0.24244	0.3371	0.29775	0.15647	0.28154	0.32264	0.19218	0.086631	0.31079	0.20196	0.14944	0.24025	0.027397	0.23356	0.29439	0.13258	0.17836	0.20799	0.2747	0.14542	0.16048	0.18023	0.18055	0.0612	0.18294	0.32731	0.18039	0.16662	0.22413
-0.054473	0.075452	-0.022274	0.11977	0.18132	-0.044926	0.21536	0.41894	0.22827	0.32294	0.19578	1	0.14476	0.082045	0.11094	0.17434	0.16307	0.22518	0.21317	0.093142	0.0089141	0.10838	0.20022	0.16649	0.17829	0.11625	0.22395	-0.0034968	0.18738	0.17447	0.21426	0.10992	0.26961	0.20964	0.13869	0.022298	0.030384	0.18515	0.092085	0.13134	0.21183	0.08685	0.13009	0.17076	0.14128	0.22202	0.11784	0.24441	0.1842	0.19483	0.10778	0.1633	0.21378	0.17922	0.1794	0.15458	0.24561	-0.0063006	0.15116	0.17971	0.21761	0.024455	0.30293	0.11562	0.19122	0.069862	0.19159	0.12785	0.1363	0.17883	0.2541	0.25093	0.23138	0.14956	0.31518	0.14688	0.066135	0.20017	0.11209	0.17558	0.064471	0.32198	0.15412	0.32466	0.21136	0.15708	0.084395	0.095425	0.15859	0.15435	0.15655	0.23883	0.034468	0.039582	0.28839	0.085066	0.14203	0.069428	-0.0022742	0.19044	0.048302	0.18051	0.19089	0.18175	0.066437	0.20299	0.29004	0.12203	0.16623	0.17591	0.17796	0.33473	0.34437	0.12126	0.24555	0.14816	0.22742	0.26194	0.11425	0.13869	0.20232	0.27488	0.094351	0.088622	0.30719	0.093427	0.1349	0.1873	0.085506	0.04659	0.12746	0.14483	0.17986	0.23689	0.071173	0.087454	0.066634	0.064545	0.23694	0.063676	0.13562	0.25095	0.15296	0.20579	0.11693
0.11677	0.042928	0.038209	0.084823	0.19271	0.0042796	0.088388	0.13527	0.085616	0.10107	0.15999	0.14476	1	0.18103	0.12005	0.050982	0.068961	0.14174	0.10785	0.10417	0.067794	0.14596	0.10532	0.075833	0.17795	0.054533	0.12747	0.067777	0.23321	0.17097	0.20017	0.17144	0.10945	0.086629	0.11431	0.022407	0.13048	0.061244	0.10775	0.18007	0.13877	0.10504	0.20788	0.096879	0.1466	0.1807	0.090637	0.05161	0.15958	0.14944	-0.0058261	0.075778	0.11138	0.036368	0.072067	0.1084	0.13318	0.19837	0.15291	0.14836	0.052034	0.083048	0.17874	0.17035	0.073944	0.047542	0.13117	0.12186	0.05645	0.1269	0.15517	0.13104	0.13113	0.20525	0.022549	0.1646	0.055985	0.14322	0.10046	0.15476	0.08112	0.030347	0.11212	0.10959	0.090126	0.085957	0.067196	0.11672	0.098557	0.097318	0.1041	0.06322	0.17473	-0.023103	0.13272	0.012602	0.16208	0.1454	0.010809	0.095245	0.13012	0.091874	0.12021	0.15779	0.068391	0.16908	0.072708	0.14112	0.061385	0.17741	0.072682	0.18514	0.20282	0.18916	0.18355	0.12983	0.16464	0.15914	0.19479	0.10176	0.064683	0.10746	0.16768	0.13203	0.072247	0.096731	0.16936	0.21509	0.029571	0.10997	0.13939	0.10236	0.15922	0.083518	0.14054	0.12167	0.1039	0.19029	0.072029	0.070482	0.14103	0.11163	0.077231	-0.010509	0.065538
0.099792	0.27639	0.0081801	0.12582	0.29213	0.1057	0.05881	0.11926	0.12301	0.10751	0.18155	0.082045	0.18103	1	0.24097	0.10665	0.12989	0.19773	0.16254	0.12824	0.036517	0.29047	0.1338	0.15532	0.065552	0.044932	0.20264	0.12522	0.13453	0.25628	0.28532	0.30924	0.060471	0.11073	0.21702	0.3865	0.30901	0.19475	0.18298	0.20256	0.2959	0.21439	0.18586	0.041868	0.1273	0.26957	0.15907	0.030665	0.26789	0.13901	-0.011391	0.18721	0.066346	-0.11273	0.24354	0.1764	0.37738	0.081997	0.15723	0.27132	0.071413	0.29708	0.22544	0.24314	0.16582	0.27205	0.11025	0.18831	0.12745	0.043751	0.16245	0.21925	0.26309	0.20113	0.018831	0.24768	0.21142	0.11615	0.17337	0.16826	0.10642	0.041096	0.21231	0.18855	0.037745	0.12443	0.10791	0.1493	0.14607	0.11314	0.20723	0.21809	0.081713	0.021634	0.11462	0.036519	0.17054	0.10971	0.048331	0.11924	0.099047	0.235	0.18846	0.17152	0.038903	0.1288	0.21507	0.2197	0.15382	0.30378	0.046594	0.26063	0.24384	0.2533	0.25126	0.20935	0.1894	0.24991	0.22741	0.14609	0.15301	0.30884	0.13551	0.17532	-0.061901	0.20969	0.17692	0.11172	0.041733	0.23035	0.22815	0.26482	0.18677	0.21833	0.15685	0.20647	0.098355	0.26081	0.085582	0.096876	0.25607	0.3022	0.094974	0.028385	0.20913
0.097946	0.074063	0.01662	0.094996	0.30305	-0.01524	0.052723	0.098341	0.12881	0.074534	0.1496	0.11094	0.12005	0.24097	1	0.094322	0.17344	0.106	0.043626	0.1053	0.011512	0.26313	0.19744	0.19561	0.062756	-0.049182	0.10825	-0.021807	0.094413	0.13267	0.21934	0.1869	0.15549	0.086142	0.1285	0.16375	0.28055	0.099436	0.23041	0.11214	0.06356	0.11233	0.12445	0.12813	0.15724	0.18047	0.072374	0.23789	0.10084	0.12188	0.073608	0.14944	-0.023732	0.086585	0.26321	0.18206	0.16925	0.12542	0.12837	0.16759	0.027556	0.13889	0.2227	0.14165	0.12405	0.047744	0.063715	0.039553	0.13846	0.086461	0.093374	0.184	0.16002	0.19322	0.15146	0.078117	0.15365	0.06572	0.15198	0.11528	0.11558	0.048604	0.1453	0.081497	0.024024	0.14112	0.075925	0.035285	0.23964	-0.028806	0.062873	0.11177	0.18266	0.089963	0.057267	0.075115	0.13251	0.16631	0.013646	0.14125	0.070383	0.036479	0.17971	0.055736	0.025713	0.10007	0.082984	0.056745	0.08959	0.19015	0.077528	0.24901	0.20714	0.22532	0.10353	0.13394	0.16997	0.15407	0.14632	0.25155	0.080927	0.15551	0.17758	0.099761	0.04416	0.22117	0.21779	0.22992	-0.0024389	0.12863	0.1633	0.21769	0.15807	0.048352	0.11727	0.16151	0.049643	0.097936	0.074216	0.089177	0.22756	0.13788	0.026819	0.079564	0.022771
0.12658	0.13147	0.010591	0.14377	0.13517	-0.094283	0.22783	0.092841	0.051828	0.20216	0.16923	0.17434	0.050982	0.10665	0.094322	1	0.091729	0.15875	0.13288	0.091582	0.066678	0.11016	0.0023168	0.17002	0.10005	0.053727	0.21093	0.081348	0.065711	0.17286	0.18108	0.062239	0.21906	0.22516	0.14707	0.16113	0.089771	0.15646	0.12069	0.15298	-0.0098748	0.16041	0.13732	0.12311	0.03944	0.20388	0.03542	0.29352	0.17658	0.17776	0.091479	0.057202	0.071047	0.12146	0.15488	0.26752	0.18495	0.17854	0.12325	0.10677	0.095762	0.20678	0.15445	0.097365	0.16778	0.12849	0.11996	0.040566	0.12288	0.12209	0.15718	0.17916	0.18048	0.12284	0.093783	0.072395	0.20802	0.20517	0.10536	0.20304	0.043558	0.1508	-0.064372	0.2142	0.20498	0.047265	0.065946	0.065839	0.15885	0.1195	0.15625	0.19595	0.0052925	0.043449	0.13293	0.17285	0.11283	0.087981	0.024707	0.084838	0.091015	0.10899	0.1597	0.0748	0.17583	0.10085	0.2555	0.089937	0.016235	0.18406	0.060749	0.16236	0.17921	0.17095	0.097027	0.031016	0.16202	0.19094	0.18261	0.073306	0.26037	0.21533	0.17214	0.15283	0.074689	0.070941	0.16733	0.054327	0.071068	0.21055	0.15573	0.21443	0.039038	0.074854	0.13734	0.069442	0.094139	0.14979	0.16894	0.021905	0.095909	0.1984	0.18015	0.13868	0.066042
0.095107	0.094505	-0.0039049	0.073954	0.1867	0.065579	0.17482	0.11318	0.13572	0.27136	0.17938	0.16307	0.068961	0.12989	0.17344	0.091729	1	0.064487	0.080841	0.13159	0.069531	0.25987	0.14752	0.18529	0.036313	0.1826	0.23768	0.13604	0.026059	0.22594	0.1913	0.15878	0.041484	0.21516	0.25354	0.20156	0.18132	0.21373	0.21067	0.18254	0.15353	0.13696	0.15487	0.068476	0.10819	0.16646	0.14318	0.059354	0.18207	0.10207	0.014684	0.11095	0.065119	-0.063813	0.17854	0.16361	0.21741	-0.024146	0.11624	0.19215	0.11426	0.15242	0.21855	0.28073	0.070817	0.11847	0.10017	0.19134	0.23563	0.089561	0.13054	0.11659	0.27716	0.1781	0.21637	0.20753	0.12951	0.19923	0.17671	0.046212	0.16825	0.10862	0.10297	0.1533	0.16423	0.068001	0.11419	0.23424	0.22976	0.074787	0.12145	0.17276	0.037077	-0.11043	0.1001	0.13253	0.10453	0.098281	-0.058163	0.14046	0.070864	0.22856	0.18894	0.078594	0.083208	0.12122	0.10561	0.11417	0.14238	0.12683	0.065511	0.2008	0.22811	0.1077	0.15201	0.13853	0.20276	0.19671	0.23921	0.26614	0.20809	0.14274	0.16271	0.09839	0.17905	0.20571	0.1929	0.069628	0.1301	0.19052	0.16146	0.088611	0.15865	0.13546	0.14857	0.11388	0.12282	0.21699	0.15063	0.057772	0.24218	0.2125	0.07777	0.17771	0.16538
0.035396	0.055437	-0.13982	0.20076	0.15174	0.052371	0.29683	0.19963	0.29608	0.28059	0.23631	0.22518	0.14174	0.19773	0.106	0.15875	0.064487	1	0.16143	0.10326	0.1138	0.21533	0.12061	0.23779	0.11779	0.17285	0.35881	0.19654	0.20845	0.30605	0.29131	0.24454	0.24407	0.26818	0.34472	0.21902	0.14936	0.24709	0.19001	0.30771	0.23527	0.30202	0.18237	0.20318	0.23775	0.19594	0.2248	0.15632	0.30815	0.23096	0.149	0.12213	0.16212	0.12931	0.27375	0.20753	0.28612	0.088846	0.17815	0.30595	0.2334	0.28862	0.22475	0.27333	0.19364	0.24106	0.181	0.28525	0.3336	0.26154	0.2899	0.25194	0.35903	0.17055	0.10054	0.098591	0.0521	0.25027	0.13625	0.27187	0.083212	0.14258	0.14129	0.29666	0.11071	0.071941	0.20918	0.23369	0.2136	0.17703	0.33277	0.32262	0.18635	-0.016433	0.2127	0.18834	0.14564	0.094293	0.076601	0.1835	0.12555	0.25414	0.19134	0.11061	0.20366	0.31216	0.27394	0.20015	-0.048314	0.21382	0.24554	0.33885	0.24389	0.20695	0.43083	0.2743	0.25079	0.37387	0.39502	0.22097	0.23613	0.35947	0.19145	0.16887	0.17309	0.23639	0.22768	0.16979	0.047043	0.19941	0.26506	0.22418	0.24215	0.20308	0.28781	0.23208	0.1376	0.14648	0.24769	0.13531	0.17807	0.39244	0.11052	0.11118	0.1951
0.091368	0.17259	0.014827	0.16316	0.17527	-0.0037398	0.21251	0.24904	0.24736	0.23469	0.20839	0.21317	0.10785	0.16254	0.043626	0.13288	0.080841	0.16143	1	0.13331	0.080574	0.070808	0.16666	0.088802	0.33204	0.037682	0.25367	-0.067006	0.074475	0.29463	0.18895	0.10714	0.15748	0.10563	0.21395	-0.05019	0.026447	0.24203	0.076212	0.19248	0.18633	0.14591	0.18304	0.16781	0.055229	0.29853	0.23252	0.25686	0.29426	0.24977	0.0016419	0.15964	0.068318	0.041881	0.22333	0.1789	0.22188	0.034523	0.27315	0.20993	0.15976	0.16224	0.2384	0.23873	0.054881	0.16244	0.14728	0.19039	0.22557	0.23547	0.21285	0.21744	0.25668	0.067497	0.20587	0.1815	0.081938	0.19526	0.12096	0.13308	0.12639	0.23002	0.11923	0.29824	0.20095	0.12402	0.078851	0.10457	0.16237	0.15012	0.1867	0.18199	0.14724	-0.043744	0.16683	0.13827	0.060202	0.045697	0.073857	0.11861	0.13988	0.18082	0.18174	0.23179	0.11818	0.24845	0.24087	0.15905	-0.074848	0.047526	0.073229	0.2718	0.32516	0.13593	0.28418	0.094078	0.12893	0.32532	0.26001	0.12922	0.2162	0.31244	0.050125	0.14671	0.26189	0.14224	0.15459	0.20082	0.11878	0.10985	0.095007	0.22837	0.1809	0.050515	0.19714	0.18509	0.20224	0.073022	0.10981	0.20007	0.092504	0.32748	0.15162	0.23731	0.20313
0.074935	0.078409	-0.0030178	0.19179	0.2005	0.098571	0.0023995	-0.038859	0.11597	0.022403	0.20832	0.093142	0.10417	0.12824	0.1053	0.091582	0.13159	0.10326	0.13331	1	-0.014023	0.14625	0.051704	0.049933	0.12975	0.18467	0.21015	0.14927	0.068864	0.20342	0.19545	0.13881	0.060523	0.10779	0.12322	0.089955	0.090576	0.075643	0.10599	0.40605	0.075158	0.12692	0.17476	0.16365	0.31708	0.09251	0.19625	0.12443	0.23013	0.064577	0.044903	0.14357	0.064451	0.031089	0.16561	0.19779	0.055373	0.070804	0.19677	0.14547	0.19079	0.13312	0.035321	0.20868	0.16316	0.16993	0.12332	0.2263	0.090582	0.056491	0.12286	0.065038	0.23834	0.23786	-0.031959	0.17296	0.13486	-0.010446	0.10946	0.075357	0.21789	0.02071	0.12757	0.043856	0.084309	0.067214	0.13	0.045898	0.061069	0.09703	0.18837	0.1391	0.28997	-0.043123	0.076587	0.077658	0.14792	-0.0019397	0.079642	0.18194	0.15186	0.074522	0.13568	0.13503	0.097505	0.10322	0.0030217	0.083129	0.011108	0.11954	0.078057	0.018278	0.21066	0.14637	0.17332	0.17484	0.14816	0.22311	0.17376	0.098021	0.12595	0.067267	0.15568	0.061208	0.057652	0.23065	0.27431	0.17743	0.089381	0.086689	0.24823	0.057886	0.13108	0.20863	0.10775	0.12261	0.14721	0.16079	0.14492	0.30397	0.038304	0.1657	0.068591	0.078514	0.43582
0.064232	0.18255	0.10606	0.18834	0.052218	0.050572	0.10071	0.060322	0.14609	0.1947	0.17481	0.0089141	0.067794	0.036517	0.011512	0.066678	0.069531	0.1138	0.080574	-0.014023	1	0.064853	0.054902	0.13018	0.063989	0.003866	0.13064	0.08571	0.1907	0.1303	0.078532	0.010453	0.20446	0.19825	0.19669	0.11305	0.087158	0.19263	0.083066	0.058388	-0.024201	0.11904	0.067229	0.13151	0.11055	0.14086	0.03348	0.062828	0.21147	0.23929	0.023008	0.021913	0.070563	0.091103	0.14412	0.13089	0.13417	0.12856	0.097625	0.15754	0.16165	0.059028	0.13728	0.11674	0.074207	0.058808	0.13169	0.11292	0.26268	0.059689	0.10743	0.03316	0.14713	0.06844	0.067566	0.084157	0.10866	0.079076	0.036397	0.064955	0.11536	0.058337	0.034356	0.10086	0.029831	0.064636	0.068142	0.12604	0.036162	0.090375	0.076602	0.079072	0.12236	0.099262	0.093254	0.11385	0.06807	0.095368	-0.021239	0.134	0.015398	0.085299	0.16271	0.13476	0.16665	0.13318	0.10579	0.066943	0.0048824	0.036717	0.11465	0.093302	-0.013512	0.033275	0.11435	0.077286	0.012888	0.12082	0.13588	0.092954	0.18106	0.101	0.14608	-0.017007	0.12319	0.003894	0.080919	0.03058	0.13787	0.17979	0.12621	0.13637	0.2132	0.033848	0.21684	0.20335	0.1141	0.12069	0.19143	0.0060665	0.1252	0.10112	0.069554	0.16202	0.16477
0.099944	-0.024036	0.0022525	0.18441	0.31724	-0.0076502	0.15964	0.038317	0.15829	0.2537	0.15378	0.10838	0.14596	0.29047	0.26313	0.11016	0.25987	0.21533	0.070808	0.14625	0.064853	1	0.02307	0.16567	0.10925	0.0065118	0.23269	0.23474	0.19237	0.25417	0.2521	0.25253	0.15973	0.23386	0.26475	0.32971	0.31127	0.19975	0.30082	0.23096	0.17472	0.09676	0.16364	0.0022609	0.091592	0.10805	0.031756	0.055888	0.11316	0.17677	0.087114	0.20514	-0.020712	-0.079934	0.28392	0.2137	0.26821	0.046193	0.21075	0.15276	0.075804	0.21533	0.22527	0.35905	0.059672	0.10751	0.077771	0.12486	0.25645	0.16609	0.079339	0.1752	0.27315	0.1807	0.13769	0.11193	0.16764	0.14534	0.13898	0.105	0.18086	-0.0040818	0.19394	0.17567	0.011229	0.052218	0.17883	0.16455	0.37665	0.091324	0.081175	0.20104	0.19964	-0.072196	-0.013296	-0.0015927	0.089355	-0.026391	-0.017423	0.14163	0.020602	0.19745	0.15951	0.010797	-0.020413	0.20803	0.15913	0.15799	0.1066	0.28758	0.10433	0.28484	0.21865	0.19224	0.15293	0.13947	0.17035	0.22801	0.17894	0.28539	0.20489	0.22926	0.18856	0.19169	0.13625	0.28603	0.15325	0.22695	0.050236	0.18354	0.238	0.21542	0.19535	0.20181	0.12649	0.15405	0.14979	0.29974	0.12019	0.13083	0.16688	0.29701	0.028366	0.036673	0.15506
0.026295	0.09609	0.066155	0.026422	0.12935	0.044657	0.099069	0.21755	0.21124	0.1208	0.15504	0.20022	0.10532	0.1338	0.19744	0.0023168	0.14752	0.12061	0.16666	0.051704	0.054902	0.02307	1	0.16855	0.27903	0.078078	0.31225	0.025228	0.088668	0.35759	0.19857	0.1286	0.127	0.05739	0.23661	0.042118	0.033398	0.18789	0.078151	0.050511	0.25764	0.093258	0.22292	0.11301	0.08636	0.18395	0.1385	0.14907	0.18959	0.19646	0.10168	0.17034	0.082362	0.073843	0.23141	0.22323	0.18372	0.069503	0.29291	0.20105	0.14839	-0.001319	0.21526	0.19266	0.16846	0.1279	0.096091	0.1375	0.17201	0.19073	0.18759	0.23163	0.33348	0.14317	0.18846	0.137	0.0007064	0.096122	0.21586	0.080054	0.17304	0.13952	0.24495	0.28342	0.089662	0.081839	0.17431	0.072506	0.10518	0.15485	0.1631	0.11955	0.15773	-0.017401	0.14347	0.13127	0.17953	0.16845	0.055114	0.17046	0.16425	0.12312	0.18766	0.13604	0.027591	0.24649	0.18873	0.19404	0.025598	0.15989	0.13439	0.26867	0.28633	0.30067	0.27418	0.1711	0.2364	0.3495	0.13152	0.22059	0.050853	0.25867	0.22923	-0.02969	0.22299	0.25008	0.17222	0.27863	0.0711	0.13628	0.1262	0.14219	0.24956	0.16703	0.14184	0.21517	0.12582	0.025924	0.2459	0.074938	0.18621	0.33315	0.16787	0.12097	0.13273
0.14719	0.021089	-0.01448	0.1296	0.14051	0.043082	0.15851	0.20469	0.26296	0.20276	0.16467	0.16649	0.075833	0.15532	0.19561	0.17002	0.18529	0.23779	0.088802	0.049933	0.13018	0.16567	0.16855	1	0.15766	0.17822	0.23284	0.13157	0.085305	0.19925	0.12656	0.12816	0.15863	0.1082	0.31975	0.13059	0.14837	0.28915	0.17209	0.048161	0.20829	0.22892	0.10703	0.13856	0.082223	0.17964	0.16586	0.24811	0.19226	0.20285	0.10846	0.06787	0.10286	0.23288	0.29615	0.14676	0.1413	0.059166	0.015486	0.18511	0.078831	0.18336	0.21872	0.30651	0.077395	0.072369	0.17267	0.1376	0.30622	0.12994	0.072132	0.11787	0.30252	0.099506	0.10182	0.1529	0.061434	0.10107	0.098841	0.23033	0.16542	0.15174	0.12749	0.18367	0.090473	0.020743	0.15916	0.078806	0.16312	0.13106	0.13978	0.16465	0.10652	0.011519	0.26889	0.20862	0.16706	0.10484	0.00030059	0.15872	0.16803	0.15095	0.20523	0.015674	0.090934	0.2782	0.31158	0.097012	0.074785	0.27177	0.01313	0.20671	0.17405	0.26055	0.20485	0.18479	0.26362	0.23103	0.17556	0.16012	0.15698	0.28985	0.21606	0.00055512	0.11959	0.15016	0.15195	0.11839	0.022318	0.2367	0.17464	0.11427	0.1171	0.11896	0.33053	0.16447	0.15658	0.12347	0.24258	0.088829	0.17892	0.24046	0.048613	0.1513	0.092959
0.094925	0.13655	0.06881	0.13497	0.099577	0.075612	0.12788	0.17545	0.18083	0.18744	0.19972	0.17829	0.17795	0.065552	0.062756	0.10005	0.036313	0.11779	0.33204	0.12975	0.063989	0.10925	0.27903	0.15766	1	-0.015307	0.18013	0.13614	0.14403	0.26763	0.1173	0.11985	0.16551	0.15721	0.24523	0.064862	0.076241	0.20335	0.046823	0.049028	0.22718	0.17321	0.1349	0.1502	0.093056	0.14878	0.17525	0.33618	0.2814	0.2331	-0.0090679	0.14937	0.18946	0.10055	0.23807	0.15765	0.16539	-0.070026	0.33549	0.19473	0.20703	0.10921	0.2044	0.21349	0.062043	0.20619	0.1651	0.28373	0.1772	0.17422	0.17104	0.16347	0.21479	0.11638	0.1814	0.12723	-0.029381	0.15584	0.21088	0.14871	0.11599	0.10753	0.12461	0.21454	0.13762	0.096923	0.24801	0.026122	0.13016	0.17888	0.22497	0.22254	0.10607	0.056308	0.19927	0.13485	0.077482	0.046687	-0.016626	0.13578	0.21284	0.23997	0.1654	0.10935	0.091179	0.17346	0.22887	0.090804	0.053676	0.018082	0.26063	0.26103	0.3106	0.21187	0.27478	0.18535	0.13847	0.26593	0.15873	0.095086	0.17563	0.30792	0.12617	0.13459	0.24473	0.02595	0.15109	0.20465	0.10568	0.074426	0.049415	0.099603	0.23515	0.10366	0.14895	0.1875	0.1898	0.13047	0.23482	0.083172	0.079063	0.27883	0.0084962	0.087104	0.12721
0.0786	0.069556	0.068904	0.1581	0.080905	0.11248	0.13391	0.04217	0.12896	0.19875	0.069744	0.11625	0.054533	0.044932	-0.049182	0.053727	0.1826	0.17285	0.037682	0.18467	0.003866	0.0065118	0.078078	0.17822	-0.015307	1	0.22868	0.13441	0.063248	0.14981	0.20115	0.22062	0.10021	0.15403	0.12093	0.050146	-0.040396	0.066352	0.083509	0.2155	0.23435	0.15528	0.13518	0.0048637	0.027199	0.14518	0.27087	0.11617	0.10883	0.16896	0.070111	0.018487	0.12582	0.071635	0.037053	0.16849	0.065322	0.069693	0.10087	0.068228	0.075094	0.16302	0.16305	0.16232	0.079773	0.062028	0.15102	0.10142	0.084127	0.12224	0.15787	0.033585	0.20042	0.20456	0.16622	0.17709	0.098016	0.20319	0.056165	0.059494	0.039741	0.094644	0.030311	-0.024559	0.10441	0.098843	0.12723	0.13017	0.061061	0.098754	0.14412	0.059332	0.1725	-0.051686	0.11788	0.23816	0.024943	0.048056	0.20934	0.15284	0.060739	0.22626	0.12731	0.091369	0.11457	0.15285	-0.0011608	0.039704	0.0089601	0.12702	0.0083747	0.019246	0.04561	0.13897	0.26789	0.088283	0.10353	0.2157	0.23827	0.078569	0.15617	0.14723	0.057043	0.11547	0.18142	0.10982	0.14542	-0.033216	-0.088359	0.15405	0.13545	0.13224	0.094994	0.11224	0.17085	0.14754	0.1388	0.13985	0.13518	0.14081	0.15133	0.21029	0.091892	0.091866	0.17668
0.094124	0.20108	0.036746	0.26213	0.29239	0.043845	0.19084	0.21445	0.41016	0.17781	0.35645	0.22395	0.12747	0.20264	0.10825	0.21093	0.23768	0.35881	0.25367	0.21015	0.13064	0.23269	0.31225	0.23284	0.18013	0.22868	1	0.16808	0.18641	0.69168	0.29002	0.23706	0.11424	0.19262	0.40528	0.17928	0.069488	0.35808	0.24893	0.28408	0.38487	0.38256	0.29669	0.069258	0.14009	0.25993	0.15878	0.16357	0.34853	0.28093	0.04946	0.21972	0.19264	0.042302	0.25535	0.41684	0.3085	0.095191	0.35158	0.29485	0.28445	0.28701	0.2792	0.37667	0.14593	0.25632	0.32724	0.31788	0.31549	0.3296	0.37401	0.42317	0.899	0.35691	0.11168	0.2575	0.19943	0.22495	0.20683	0.23615	0.19667	0.15219	0.1818	0.40036	0.20038	0.053516	0.19993	0.27209	0.19999	0.25779	0.35962	0.25144	0.24719	-0.094834	0.22093	0.28655	0.34727	0.049289	0.090739	0.23946	0.14705	0.28646	0.16865	0.21534	0.12392	0.30541	0.27153	0.18076	0.075687	0.27884	0.16359	0.42707	0.44572	0.36932	0.41867	0.44311	0.29318	0.77242	0.53285	0.18651	0.26829	0.45645	0.304	0.20267	0.17023	0.20727	0.32748	0.35746	0.031703	0.62887	0.27805	0.25685	0.35546	0.14788	0.3249	0.23874	0.25393	0.31277	0.28389	0.10184	0.303	0.81899	0.19986	0.13227	0.14392
0.012515	0.011491	-0.026633	0.16198	0.26032	0.12718	0.046371	0.0060906	0.11732	0.18804	0.09184	-0.0034968	0.067777	0.12522	-0.021807	0.081348	0.13604	0.19654	-0.067006	0.14927	0.08571	0.23474	0.025228	0.13157	0.13614	0.13441	0.16808	1	0.15116	0.16409	0.08611	0.056657	0.16919	0.21318	0.21038	0.20732	0.079543	0.071764	0.23174	0.2927	0.16397	0.18794	0.10274	0.07359	0.17246	0.10777	0.22389	0.057917	0.12379	0.17001	0.071815	-0.063848	0.063252	0.068698	0.22861	0.067496	0.16043	0.0063578	0.21428	0.080528	0.042335	0.069842	0.19322	0.091956	0.083016	0.10543	0.091618	0.063262	0.096548	0.18549	0.080406	0.084518	0.15653	0.026564	0.042333	0.10297	0.026328	0.038328	0.01761	0.079734	0.097063	0.033838	0.13298	0.066967	0.078018	0.011912	0.10228	0.073167	0.295	0.021865	0.1324	0.18622	0.13491	-0.052465	0.041066	0.13912	0.107	0.14635	-0.025381	0.03695	0.038329	0.21326	0.13517	-0.02293	0.057482	0.12345	0.056635	0.050315	0.18636	0.10434	0.049838	0.15263	0.16569	0.2154	0.20084	0.083163	0.14769	0.1381	0.17776	0.087446	0.11559	0.15878	0.20425	0.073054	0.066516	0.084612	0.1438	0.098678	0.080748	0.14105	0.16322	0.058327	0.064071	0.13565	0.048069	0.14422	0.22984	0.13322	-0.0040508	0.14376	0.078367	0.20084	0.032532	0.01408	0.23471
0.15443	0.06908	-0.076058	0.31204	0.12518	0.097404	0.030016	0.15393	0.12736	0.22555	0.12323	0.18738	0.23321	0.13453	0.094413	0.065711	0.026059	0.20845	0.074475	0.068864	0.1907	0.19237	0.088668	0.085305	0.14403	0.063248	0.18641	0.15116	1	0.26525	0.18655	0.25903	0.166	0.0533	0.17908	0.10499	0.066303	0.24509	0.1213	0.15067	0.1884	0.23422	0.15471	0.096697	0.069949	0.16772	0.094029	0.054849	0.18546	0.16766	0.061744	0.14215	0.093181	0.059102	0.15224	0.053717	0.15906	0.076243	0.080158	0.11463	0.04005	0.31205	0.16765	0.11678	0.042168	0.1308	0.17303	0.10575	0.23638	0.18924	0.15804	0.14403	0.16398	0.23234	0.073217	0.090321	0.17636	0.12613	0.1148	0.17958	0.12667	0.087075	0.13359	0.18362	-0.01405	-0.02638	0.071866	0.081441	0.11458	-0.013481	0.15203	0.15904	0.11178	-0.061649	0.045479	0.017493	0.17575	0.15086	0.032893	0.15738	-0.0074011	0.057618	0.18362	0.12156	0.068081	0.15632	0.1471	0.083446	0.045568	0.10848	0.05118	0.13773	0.14478	0.10798	0.22304	0.043597	0.052613	0.21803	0.097501	0.1439	0.10058	0.29917	0.14064	0.13073	-0.02575	0.16247	0.16545	0.079676	0.031585	0.1574	0.14642	0.16411	0.15062	0.05885	0.11386	0.15869	0.11391	0.15464	0.10935	0.073597	0.16087	0.19148	-0.0056334	0.13933	0.086163
0.10761	0.18341	0.033349	0.23955	0.23998	-0.007287	0.17973	0.19246	0.35481	0.24212	0.29752	0.17447	0.17097	0.25628	0.13267	0.17286	0.22594	0.30605	0.29463	0.20342	0.1303	0.25417	0.35759	0.19925	0.26763	0.14981	0.69168	0.16409	0.26525	1	0.36231	0.25764	0.16973	0.16857	0.30477	0.13654	0.15105	0.30801	0.17206	0.27094	0.3758	0.31428	0.22339	0.055274	0.13234	0.22911	0.21018	0.14799	0.39362	0.27641	0.025997	0.21984	0.19294	0.011386	0.34037	0.37622	0.24981	0.10571	0.41936	0.32028	0.28422	0.28054	0.34794	0.32546	0.14082	0.32719	0.31466	0.35154	0.30404	0.32178	0.32469	0.32492	0.73204	0.23419	0.13039	0.24844	0.13607	0.19847	0.22394	0.19695	0.25311	0.17742	0.25718	0.37164	0.12983	0.015925	0.13328	0.26067	0.20896	0.30775	0.33156	0.23877	0.27158	-0.056612	0.15245	0.14844	0.26952	0.090028	0.037215	0.18992	0.2358	0.2696	0.16929	0.2787	0.20371	0.27462	0.28937	0.20046	0.039361	0.1822	0.12428	0.42053	0.40745	0.37714	0.39691	0.33136	0.31573	0.71092	0.48068	0.18361	0.2638	0.42374	0.33581	0.20162	0.17906	0.21661	0.26591	0.33127	0.073724	0.49827	0.28262	0.28156	0.33544	0.10999	0.2778	0.23047	0.27351	0.31743	0.25635	0.13349	0.23045	0.715	0.21525	0.16179	0.23928
0.12563	0.096195	0.011901	0.1745	0.25254	0.011812	0.13679	0.16123	0.18605	0.17588	0.20084	0.21426	0.20017	0.28532	0.21934	0.18108	0.1913	0.29131	0.18895	0.19545	0.078532	0.2521	0.19857	0.12656	0.1173	0.20115	0.29002	0.08611	0.18655	0.36231	1	0.23153	0.22817	0.17295	0.1976	0.15739	0.23727	0.16078	0.16489	0.25782	0.31547	0.22717	0.15824	0.046875	0.20661	0.3031	0.20554	0.20028	0.14637	0.1247	0.057428	0.074473	0.19028	0.082044	0.20969	0.25335	0.2701	0.10466	0.2991	0.21294	0.1675	0.30766	0.27139	0.13827	0.08859	0.13742	0.19604	0.15708	0.12862	0.16234	0.20181	0.17497	0.29116	0.23604	0.044955	0.18418	0.21989	0.20664	0.12172	0.12876	0.33735	0.10528	0.18574	0.16688	0.14171	0.017214	0.15011	0.15824	0.19916	0.18137	0.27472	0.25172	0.11685	-0.033762	0.20935	0.19173	0.1638	0.050658	0.055744	0.12671	0.19003	0.13116	0.16507	0.17047	0.12626	0.14212	0.092506	0.29819	0.10327	0.16763	0.04844	0.34334	0.25677	0.25894	0.25108	0.14357	0.16894	0.40377	0.28735	0.19117	0.16173	0.23788	0.29676	0.10944	0.17242	0.32063	0.091124	0.20509	0.084805	0.16566	0.39462	0.35392	0.24805	0.12373	0.16664	0.14822	0.16925	0.26392	0.15052	0.22483	0.26919	0.37907	0.12213	0.017131	0.19175
0.089201	0.18202	-0.084436	0.24361	0.22311	0.041597	0.13832	0.041515	0.14674	0.21385	0.23023	0.10992	0.17144	0.30924	0.1869	0.062239	0.15878	0.24454	0.10714	0.13881	0.010453	0.25253	0.1286	0.12816	0.11985	0.22062	0.23706	0.056657	0.25903	0.25764	0.23153	1	0.13192	0.20804	0.20204	0.12991	0.28733	0.28351	0.29679	0.15868	0.29836	0.22305	0.14845	0.080168	0.037229	0.19178	0.20316	0.075996	0.14331	0.10628	0.04055	0.19167	0.1431	-0.066996	0.23011	0.12996	0.28534	0.077499	0.14071	0.21078	0.064063	0.35794	0.25693	0.25559	0.16465	0.17811	0.26174	0.13847	0.21684	0.16855	0.25392	0.1532	0.30288	0.40629	0.081637	0.27432	0.15787	0.13541	0.1986	0.11189	0.15989	0.12496	0.14434	0.18881	0.042323	0.034612	0.21141	0.1708	0.17764	0.038956	0.26025	0.1146	0.14563	0.022883	0.061972	0.10656	0.16725	0.066991	0.11829	0.19195	0.090903	0.1926	0.21692	0.099167	0.16615	0.26162	0.11168	0.097326	0.061986	0.2112	0.12255	0.30584	0.23179	0.17272	0.30898	0.18565	0.20065	0.28118	0.32677	0.19442	0.17406	0.28148	0.33779	0.23171	0.032169	0.22674	0.16781	0.17165	0.11186	0.17001	0.1908	0.21804	0.12557	0.15509	0.09384	0.15218	0.09089	0.29564	0.094342	0.20134	0.24535	0.26892	0.0065089	0.059808	0.20831
0.18555	0.10197	0.05738	0.21079	0.22863	-0.021721	0.20874	0.25824	0.25156	0.3167	0.22042	0.26961	0.10945	0.060471	0.15549	0.21906	0.041484	0.24407	0.15748	0.060523	0.20446	0.15973	0.127	0.15863	0.16551	0.10021	0.11424	0.16919	0.166	0.16973	0.22817	0.13192	1	0.34477	0.20178	0.14707	0.065665	0.16429	0.12692	0.11749	0.073018	0.14615	0.20002	0.18422	0.19118	0.29736	0.23093	0.31239	0.26254	0.28859	0.19186	0.19855	0.18421	0.17154	0.26196	0.15365	0.28375	0.081729	0.1774	0.21127	0.071893	0.1542	0.30403	0.19593	0.21084	0.16856	0.25457	0.0921	0.21805	0.24706	0.26764	0.1289	0.13024	0.10837	0.2544	0.123	0.17479	0.2195	0.11869	0.22381	0.15422	0.17414	0.17309	0.23553	0.1331	0.0023167	0.19507	0.11546	0.23839	0.20635	0.24996	0.2543	0.060309	0.17494	0.1951	0.21904	0.16105	0.16548	-0.0095534	0.29795	0.11109	0.1894	0.28246	0.090368	0.20718	0.21169	0.22169	0.17857	0.12146	0.22139	0.11349	0.2655	0.20973	0.15856	0.21652	0.19292	0.12951	0.18033	0.19364	0.12465	0.24816	0.26226	0.35085	0.13416	0.1681	0.1287	0.13925	0.121	0.032626	0.085349	0.21945	0.2745	0.15634	0.21043	0.16122	0.17074	0.24577	0.1787	0.31335	0.11364	0.21454	0.1836	0.15524	0.24423	0.16078
