1	0.16238	0.10474	0.083866	0.15957	-0.0002502	0.050681	0.16596	0.13694	0.10658	0.24127	0.19527	0.21689	0.23424	0.19052	0.034147	0.07845	0.14958	0.16316	0.13849	-0.048943	0.01402	0.087812	0.15814	0.12316	0.20484	0.21534	0.204	0.032199	0.2366	0.23684	0.13262	0.14602	0.11803	0.15416	0.28973	0.165	0.13985	0.15034	0.13438	0.25066	0.15742	0.18073	0.091298	0.1576	0.13806	0.031044	0.18464	0.14251	0.21071	0.13361	0.18886	0.020822	0.040198	0.069992	0.10871	0.1787	-0.027757	0.18565	0.09722	0.13624	0.20778	0.064365	0.1193	0.22562	0.13478	0.045768	0.17473	0.11713	0.068476	0.11474	0.12534	0.17344	0.23447	0.18285	0.13823	0.061561	0.13934	0.031152	0.14711	0.14031	0.12669	0.19133	0.094039	0.10833	0.154	0.15947	0.067677	0.066899	0.039056	0.17573	0.26809	0.17701	0.076807	0.1249	0.12565	0.094488	0.11601	0.088565	0.20618	0.12227	0.091946	0.18169	0.055123	0.031363	0.2021	0.11122	0.12273	0.059754	0.087777	0.13063	0.18006	0.18345	0.18243	0.12489	0.16118	0.052396	0.25405	0.21642	0.15976	0.10546	0.15696	0.087614	0.1018	0.20609	0.12262	0.14206	0.13472	-0.070236	0.16697	0.18643	0.18415	0.20383	0.18493	0.11804	0.18233	0.124	0.11944	0.076225	0.088939	0.15163	0.22668	0.090899	0.094044	0.23727
0.16238	1	0.26269	0.196	0.27766	0.031744	0.22952	0.28316	0.28286	0.30291	0.29351	0.23514	0.14227	0.25285	0.070194	0.1851	0.24937	0.33754	0.41044	0.33608	0.096413	0.20057	0.33731	0.33925	0.42604	0.31066	0.46497	0.2241	0.17019	0.38655	0.23121	0.28102	0.17973	0.28245	0.41373	0.16777	0.25529	0.36613	0.091817	0.31046	0.33652	0.41198	0.25923	0.32847	0.31691	0.3269	0.26995	0.30699	0.40641	0.26956	0.14625	0.31979	0.29167	0.17724	0.25952	0.24002	0.32873	0.063	0.37683	0.26691	0.27096	0.14301	0.31465	0.23204	0.2858	0.5467	0.18371	0.34212	0.35818	0.20538	0.3372	0.3574	0.38426	0.24557	0.1296	0.20187	0.17978	0.41729	0.23174	0.25285	0.25253	0.28352	0.27618	0.37119	0.24171	0.18458	0.274	0.3222	0.23289	0.26959	0.34691	0.34339	0.31651	0.071804	0.38971	0.26356	0.25173	0.2928	0.052451	0.32184	0.17284	0.21933	0.28705	0.24872	0.26811	0.25101	0.33299	0.20193	0.15358	-0.022488	0.32079	0.43428	0.45	0.38742	0.30818	0.40461	0.22638	0.39671	0.2286	0.23229	0.28798	0.43134	0.24793	0.27795	0.30381	0.27969	0.36916	0.2255	0.14059	0.26989	0.32096	0.20602	0.25614	0.3141	0.23511	0.36234	0.24204	0.30109	0.3374	0.12571	0.21319	0.40799	0.30473	0.29131	0.23293
0.10474	0.26269	1	0.14326	0.21739	0.012062	0.26115	0.31957	0.16427	0.24152	0.18332	0.35229	0.26411	0.18116	0.098978	0.2699	0.27742	0.23144	0.21784	0.3307	0.072276	0.12918	0.17665	0.2586	0.16467	0.25055	0.23792	0.29424	-0.054818	0.20668	0.27963	0.27134	0.072116	0.16544	0.22361	0.1774	0.23039	0.3187	0.12737	0.27122	0.21483	0.19988	0.31258	0.22438	0.24829	0.19651	0.31329	0.13989	0.30128	0.22926	0.16266	0.24697	0.15551	0.085205	0.094973	0.17481	0.18416	0.086774	0.176	0.21963	0.18436	0.089311	0.32554	0.23398	0.18346	0.17487	0.072327	0.21327	0.32488	0.28159	0.18349	0.13606	0.17504	0.2614	0.10012	0.19603	0.15343	0.2362	0.20378	0.10002	0.22402	0.19711	0.12983	0.21364	0.21037	0.19193	0.21591	0.19128	0.16967	0.039458	0.2438	0.32188	0.34084	0.15951	0.19805	0.14804	0.28565	0.2831	0.081308	0.31613	0.15058	0.19858	0.24367	0.1258	0.26703	0.097921	0.21604	0.15482	0.22139	0.082205	0.11318	0.32113	0.3215	0.18044	0.28905	0.16267	0.15847	0.1874	0.2598	0.13934	0.17068	0.33335	0.2679	0.18473	0.20488	0.20187	0.3354	0.14508	0.11345	0.23498	0.31293	0.16223	0.22083	0.22245	0.18025	0.32168	0.16356	0.25446	0.26227	0.13863	0.23434	0.24866	0.20916	0.19213	0.19133
0.083866	0.196	0.14326	1	0.21508	0.069978	-0.009495	0.12261	0.046292	0.12668	0.043701	0.11814	0.13091	0.10735	0.13458	0.15099	0.14286	0.14384	0.056211	0.21544	0.13301	0.096172	0.16241	0.14677	0.15634	0.18399	0.18386	0.22952	0.072694	0.26262	0.10732	0.18057	0.13819	0.19811	0.17966	0.16697	0.11979	0.296	0.13397	0.15759	0.069642	0.1844	0.1996	0.14057	0.22742	0.24393	0.13312	0.088797	0.12072	0.2271	0.15113	0.10433	0.13613	0.044134	0.072346	0.13774	0.13924	0.017925	0.040568	0.10882	0.095415	0.14355	0.25841	0.11725	0.10754	0.18203	0.080402	0.11764	0.14751	0.17287	0.10849	0.11476	0.13584	0.12254	0.02556	0.16367	0.10853	0.18395	0.055264	0.20316	0.21869	0.056521	0.10384	0.085021	0.13458	0.21973	0.17187	0.11226	0.14968	0.14675	0.13409	0.18453	0.19413	0.10496	0.14842	0.19208	0.1437	0.10626	0.09883	0.15985	0.13285	0.14313	0.075124	0.068247	0.1945	0.21949	0.042959	0.20155	0.11586	0.029482	0.14141	0.23206	0.16316	0.18846	0.18258	0.011145	0.10923	0.17101	0.18322	0.18622	0.10021	0.084639	0.17206	0.14728	0.13354	0.15034	0.084395	0.16087	0.11607	0.23109	0.14221	0.15361	0.10907	0.18282	0.10577	0.21051	0.11039	0.22928	0.13975	0.16997	0.18963	0.17743	0.13601	0.062219	0.11609
0.15957	0.27766	0.21739	0.21508	1	0.029331	0.010936	0.17277	0.22389	0.31723	0.25777	0.22937	0.323	0.33099	0.15062	0.2757	0.46023	0.3076	0.25799	0.35638	0.22258	0.20893	0.24866	0.26938	0.3577	0.33563	0.40306	0.21225	0.042564	0.52705	0.38064	0.4414	0.12858	0.32703	0.38825	0.41992	0.16408	0.35935	0.21266	0.33608	0.36139	0.37626	0.43954	0.19651	0.42083	0.33588	0.22262	0.16266	0.25795	0.30867	0.27078	0.24702	0.17775	0.32765	0.21078	0.36787	0.27554	0.18719	0.33833	0.28513	0.2427	0.42279	0.39519	0.23031	0.1777	0.24718	0.2772	0.19572	0.3253	0.24007	0.1723	0.22746	0.40389	0.35297	0.18209	0.2629	0.33117	0.23053	0.14971	0.26715	0.42188	0.22705	0.18004	0.26967	0.24361	0.39696	0.27047	0.17049	0.24811	0.29234	0.34864	0.32351	0.41127	0.19271	0.24312	0.38234	0.35993	0.30523	0.17352	0.38382	0.33204	0.25421	0.18563	0.33088	0.29654	0.3198	0.20826	0.3307	0.1951	0.03813	0.09151	0.32919	0.30599	0.40395	0.37429	0.20442	0.24124	0.35825	0.3717	0.32541	0.13123	0.22405	0.405	0.33886	0.25263	0.42747	0.32781	0.37565	0.17473	0.4224	0.37846	0.21294	0.44452	0.26299	0.21218	0.31597	0.38656	0.35165	0.26617	0.16025	0.43355	0.35956	0.14264	0.16098	0.29866
-0.0002502	0.031744	0.012062	0.069978	0.029331	1	-0.046553	-0.054736	-0.018511	-0.066314	0.02	-0.02255	0.076094	0.10934	0.080913	-0.020755	0.02418	-0.011312	0.031175	0.046492	-0.060661	-0.050937	0.092267	0.061742	0.051925	0.083103	0.0052428	0.11891	0.025257	-0.013053	0.090023	0.070809	0.071715	-0.074715	-0.040681	-0.046842	-0.075255	-0.012759	0.027125	-0.008006	0.014367	-0.052812	-0.0053967	-0.018064	0.051053	0.10775	0.012996	-0.025187	-0.06521	0.048154	-0.0019456	-0.012767	0.023674	-0.054797	0.074663	-0.0071702	-0.074563	-0.0004484	-0.056084	-0.052943	-0.08034	0.063493	0.014072	0.075022	0.062521	0.049458	0.097142	-0.11109	-0.0060925	0.10406	-0.016528	-0.041532	0.012337	0.056544	0.033263	-0.0043478	0.03798	0.093773	-0.011286	-0.059931	0.02002	0.13801	0.094742	-0.034408	0.073039	0.026455	0.052258	0.0075419	0.11825	-0.03469	-0.01257	0.010073	0.057069	0.031811	-0.069858	0.052127	0.11606	-0.030155	-0.0084082	0.080036	0.018252	0.09808	-0.032994	-0.0084961	0.035314	0.018492	-0.0051179	0.029205	-0.079765	0.084595	-0.038137	0.014339	0.027153	0.0091236	0.041547	-0.11667	-0.015554	0.057391	0.014861	-0.017091	-0.019709	0.06631	0.032837	0.025473	-0.087643	0.04558	-0.047913	0.07357	-0.065761	0.0077394	-0.0091731	0.076682	0.10903	0.11976	-0.07118	-0.049586	0.016591	0.091186	-0.036475	0.091842	0.022645	0.065144	0.034931	-0.048166	-0.034914
0.050681	0.22952	0.26115	-0.009495	0.010936	-0.046553	1	0.1388	0.14374	0.071093	0.090492	0.15649	-0.01814	0.046654	0.096356	0.082487	0.17676	0.25102	0.28969	0.20787	0.0039223	0.070394	0.12529	0.099217	0.11602	0.091795	0.19589	0.12735	0.024507	0.17853	0.12183	0.090003	-0.048677	0.21708	0.10215	0.075841	0.0503	0.19441	0.082046	0.16054	0.044621	0.047326	0.22713	0.15012	0.14287	0.041389	0.078819	0.11619	0.14274	0.1645	0.0089545	0.22236	0.087081	0.010203	-0.00052074	0.16032	0.1493	0.10542	0.18729	0.088481	0.085173	-0.051249	0.25208	0.077297	0.2117	0.17548	-0.050178	0.084513	0.26839	0.14299	0.19418	0.22543	0.16212	0.13798	0.03155	0.092492	0.10262	0.0031552	0.11666	0.10471	0.12711	0.11166	0.055574	0.13862	0.19742	0.15633	0.031122	0.076564	0.10538	0.1431	0.11103	0.06486	0.097723	-0.086341	0.13444	0.13927	0.15389	0.16122	0.028363	0.15295	0.090862	0.081897	0.13113	0.088678	0.10828	0.025773	0.10952	0.057549	-0.054698	0.00066381	0.068639	0.17089	0.15252	0.23253	0.16862	0.050288	0.066111	0.18731	0.13928	-0.0025404	0.094842	0.12515	0.053544	0.086238	0.1421	0.080835	0.15405	0.059158	0.0045535	0.11196	0.11761	-0.05126	0.06792	0.11782	0.01479	0.09509	0.026752	0.13238	0.093226	0.024106	0.17288	0.20235	0.095165	0.15995	0.16416
0.16596	0.28316	0.31957	0.12261	0.17277	-0.054736	0.1388	1	0.28023	0.21136	0.23527	0.49478	0.19018	0.12052	0.08262	0.052716	0.18633	0.25122	0.19904	0.18927	0.066631	0.088308	0.26261	0.20832	0.28357	0.1763	0.23673	0.1336	0.069854	0.22114	0.18206	0.042731	0.049826	0.1618	0.274	0.11962	0.12841	0.27733	0.086722	0.07293	0.2276	0.15445	0.21822	0.32546	0.1768	0.36209	0.1919	0.24574	0.27236	0.20357	0.19954	0.23161	0.28607	0.15763	0.092881	0.19113	0.23669	0.038074	0.10951	0.23387	0.20059	0.043471	0.24291	0.23948	0.35375	0.25266	0.14903	0.24618	0.21838	0.16135	0.2764	0.20474	0.18982	0.094615	0.10026	0.11033	0.11985	0.31832	0.16675	0.18358	0.19846	0.24858	0.12112	0.28765	0.33639	0.092342	0.27777	0.23247	0.22668	0.19079	0.14538	0.23846	0.18091	-0.079369	0.32001	0.079383	0.21169	0.3061	0.057821	0.13343	0.1618	0.10005	0.2151	0.219	0.29647	0.24884	0.33191	0.14905	0.11921	0.0032919	0.36657	0.27734	0.36595	0.25654	0.24681	0.27747	0.21945	0.23337	0.13318	0.19415	0.27949	0.29638	0.15235	0.10638	0.35765	0.040814	0.23507	0.16665	0.19046	0.16379	0.17265	0.14516	0.19274	0.2736	0.23797	0.27043	0.20599	0.17194	0.28031	0.054604	0.21508	0.22022	0.30727	0.26503	0.28761
0.13694	0.28286	0.16427	0.046292	0.22389	-0.018511	0.14374	0.28023	1	0.20686	0.28059	0.11476	0.28762	0.23212	0.1476	0.045751	0.36134	0.35759	0.22523	0.25672	0.15735	0.18672	0.17973	0.20621	0.21191	0.16907	0.42971	0.30242	0.028215	0.36008	0.42581	0.27385	0.051726	0.21437	0.23717	0.14677	0.24511	0.28022	0.181	0.25202	0.30001	0.23631	0.19774	0.24009	0.29914	0.32612	0.20606	0.15892	0.33247	0.2869	0.10378	0.27523	0.22574	0.16272	0.1122	0.28722	0.29671	0.16808	0.30013	0.24201	0.23343	0.20456	0.24183	0.19351	0.18402	0.21995	0.20952	0.23585	0.26814	0.23345	0.40956	0.55442	0.42965	0.27083	0.0070168	0.16466	0.33566	0.24783	0.13864	0.12615	0.1639	0.13921	0.19205	0.31493	0.16886	0.20721	0.25437	0.17852	0.21938	0.28667	0.17368	0.1281	0.32639	0.1275	0.21762	0.065758	0.30275	0.23645	0.047987	0.195	0.28056	0.11647	0.23191	0.23539	0.12365	0.22211	0.25235	0.28626	0.20359	0.12191	0.18963	0.26136	0.34543	0.35959	0.36664	0.36791	0.32119	0.39258	0.25702	0.24778	0.18953	0.34473	0.25463	0.16836	0.23083	0.3623	0.37236	0.36947	0.15675	0.3416	0.2484	0.22828	0.33882	0.14831	0.13254	0.23108	0.30863	0.32739	0.14919	0.11964	0.21546	0.44923	0.13558	0.077671	0.13967
0.10658	0.30291	0.24152	0.12668	0.31723	-0.066314	0.071093	0.21136	0.20686	1	0.32066	0.21503	0.27622	0.18887	0.04338	0.16487	0.3827	0.2269	0.25867	0.30969	0.064748	0.1457	0.19166	0.2249	0.28919	0.19213	0.46002	0.20631	0.04796	0.36992	0.24721	0.29051	0.07018	0.2387	0.3174	0.16804	0.22702	0.28986	0.16873	0.30342	0.3263	0.32517	0.22766	0.2652	0.29156	0.27574	0.24416	0.17115	0.31272	0.14049	0.16664	0.21827	0.19246	0.10554	0.1247	0.14813	0.31654	0.1315	0.30946	0.20311	0.2347	0.18964	0.29966	0.27887	0.23034	0.21035	0.18808	0.2187	0.349	0.15683	0.24119	0.24155	0.414	0.22875	0.18488	0.18382	0.16684	0.22608	0.061471	0.17686	0.22578	0.14181	0.16867	0.28586	0.13409	0.20399	0.18806	0.22296	0.1434	0.20369	0.40216	0.3911	0.31748	0.14041	0.31578	0.19946	0.24329	0.32508	0.021073	0.27731	0.24682	0.15079	0.25189	0.28307	0.2674	0.38945	0.33272	0.17898	0.13663	0.043302	0.18708	0.3501	0.26205	0.24994	0.39828	0.29842	0.21259	0.38296	0.22926	0.25079	0.24007	0.29338	0.23757	0.26339	0.13116	0.29258	0.32454	0.24401	0.22985	0.3765	0.32131	0.13406	0.24683	0.20523	0.14022	0.34885	0.33072	0.32879	0.15324	0.22117	0.30257	0.35793	0.1646	0.22176	0.20842
0.24127	0.29351	0.18332	0.043701	0.25777	0.02	0.090492	0.23527	0.28059	0.32066	1	0.27981	0.19554	0.2382	0.11724	0.17532	0.26171	0.40098	0.2063	0.3083	0.017467	0.14975	0.23963	0.274	0.26814	0.32618	0.37453	0.13135	0.10154	0.35276	0.24256	0.29613	0.14345	0.18933	0.34517	0.21627	0.24839	0.32095	0.063584	0.19774	0.30583	0.22098	0.30621	0.33473	0.28597	0.30711	0.19092	0.27088	0.40883	0.24573	0.081664	0.31258	0.20201	0.1743	0.19898	0.3047	0.28489	0.078936	0.33689	0.20644	0.24794	0.11332	0.27141	0.22337	0.28241	0.26649	0.20228	0.23478	0.25263	0.10657	0.26028	0.24971	0.37065	0.29227	0.12916	0.11968	0.19804	0.27182	0.20032	0.28647	0.20901	0.24715	0.21949	0.24739	0.26646	0.21281	0.20562	0.27005	0.27794	0.16616	0.27373	0.31828	0.27233	0.10004	0.3347	0.25359	0.23383	0.28292	0.017899	0.23574	0.22856	0.13249	0.4245	0.16418	0.26797	0.41474	0.24681	0.2548	0.15544	0.16254	0.18866	0.34607	0.32431	0.31306	0.36732	0.29501	0.11828	0.32471	0.29168	0.2026	0.36265	0.31078	0.30575	0.23249	0.13576	0.25731	0.32498	0.25438	0.089871	0.24834	0.35593	0.26302	0.23771	0.26486	0.21739	0.33717	0.25341	0.32417	0.27472	0.071153	0.29388	0.35291	0.21213	0.29012	0.18541
0.19527	0.23514	0.35229	0.11814	0.22937	-0.02255	0.15649	0.49478	0.11476	0.21503	0.27981	1	0.133	0.084136	0.13163	0.267	0.15448	0.26659	0.28171	0.17348	0.020115	0.13259	0.14188	0.14112	0.20286	0.18269	0.20708	0.14151	0.030193	0.19922	0.15145	0.12513	-0.010122	0.22295	0.25566	0.21255	0.14914	0.30423	0.093962	0.19481	0.24384	0.14177	0.18621	0.28599	0.21206	0.22252	0.24845	0.29204	0.29217	0.21079	0.14201	0.2737	0.22392	0.14591	0.14453	0.20976	0.16412	0.098108	0.10534	0.14628	0.24435	0.042049	0.21334	0.17597	0.33021	0.25136	0.13477	0.16088	0.27727	0.14189	0.20728	0.10372	0.1803	0.20303	0.12683	0.06057	0.15136	0.26123	0.20993	0.20257	0.1936	0.24796	0.1559	0.26428	0.35004	0.12296	0.28073	0.30016	0.17222	0.21939	0.10348	0.25877	0.21658	-0.023721	0.29429	0.16499	0.20924	0.22166	0.070077	0.22372	0.13904	0.22888	0.28281	0.259	0.3008	0.24423	0.28581	0.12248	0.088597	0.07192	0.23887	0.28682	0.34509	0.25337	0.28059	0.19728	0.10565	0.17203	0.24457	0.15053	0.25426	0.2799	0.15002	0.15133	0.24623	0.15367	0.23295	0.14498	0.11697	0.10802	0.15883	0.14516	0.20606	0.17505	0.2161	0.23834	0.18912	0.22471	0.2611	0.092624	0.21105	0.16555	0.26016	0.30808	0.22506
0.21689	0.14227	0.26411	0.13091	0.323	0.076094	-0.01814	0.19018	0.28762	0.27622	0.19554	0.133	1	0.23366	0.19613	0.10548	0.36673	0.23828	0.06325	0.32292	0.030042	0.19778	0.13966	0.14167	0.15447	0.24278	0.21863	0.31452	0.078828	0.22452	0.23851	0.21924	0.072258	0.23134	0.23465	0.23016	0.13467	0.26157	0.099974	0.25352	0.2946	0.24676	0.21054	0.12845	0.20564	0.23277	0.21172	0.10408	0.26785	0.15198	0.21981	0.22564	0.22419	0.097352	0.19465	0.26093	0.24317	0.099475	0.19571	0.20832	0.2573	0.1451	0.23666	0.2206	0.11047	0.1965	0.19283	0.19075	0.22346	0.16942	0.1109	0.19618	0.22363	0.26998	0.12645	0.21312	0.22663	0.10241	0.17498	0.23379	0.18355	0.05436	0.13171	0.17565	0.11473	0.2404	0.19732	0.12844	0.18259	0.098309	0.22871	0.2098	0.28688	0.21314	0.13317	0.15502	0.16635	0.15113	0.16572	0.27964	0.21336	0.095636	0.13334	0.15474	0.11877	0.25336	0.23576	0.20178	0.17053	0.056768	0.12863	0.25031	0.25553	0.25864	0.2477	0.25892	0.2128	0.26148	0.1717	0.2977	0.1456	0.22867	0.1806	0.1919	0.15342	0.31675	0.25757	0.24767	0.071415	0.20428	0.22292	0.15155	0.24976	0.13425	0.075125	0.26459	0.29358	0.30493	0.10427	0.1716	0.30082	0.26974	0.1171	0.063341	0.084281
0.23424	0.25285	0.18116	0.10735	0.33099	0.10934	0.046654	0.12052	0.23212	0.18887	0.2382	0.084136	0.23366	1	0.20144	0.087576	0.2159	0.18098	0.24043	0.29777	0.18377	0.14204	0.26468	0.15931	0.22142	0.28171	0.37129	0.33717	0.092876	0.38475	0.30612	0.37673	0.15787	0.25642	0.33038	0.38144	0.21878	0.21968	0.2267	0.31185	0.32908	0.34214	0.1905	0.10812	0.32584	0.18701	0.10566	0.074929	0.3274	0.22099	0.13138	0.19264	0.071269	0.17155	0.18134	0.25935	0.28689	0.2633	0.30054	0.26843	0.15374	0.24276	0.39215	0.25458	0.074728	0.20668	0.18718	0.10589	0.24861	0.3017	0.17493	0.12611	0.39175	0.29945	0.070738	0.31116	0.17272	0.12445	0.19366	0.16896	0.31286	0.19009	0.32752	0.16236	0.11151	0.29008	0.26413	0.13862	0.33044	0.11872	0.3103	0.31206	0.33553	0.2111	0.13871	0.19749	0.34066	0.22579	0.16352	0.37014	0.34328	0.14339	0.16221	0.20038	0.094268	0.24335	0.19138	0.23781	0.21464	-0.060727	0.041748	0.28715	0.24004	0.27081	0.30161	0.25875	0.20345	0.31278	0.31638	0.16605	0.12065	0.22751	0.41241	0.19573	0.19902	0.4252	0.29981	0.26073	0.078175	0.35109	0.28935	0.25243	0.23202	0.22052	0.12692	0.34532	0.27852	0.31618	0.18103	0.14217	0.40166	0.37663	0.12266	0.06814	0.085919
0.19052	0.070194	0.098978	0.13458	0.15062	0.080913	0.096356	0.08262	0.1476	0.04338	0.11724	0.13163	0.19613	0.20144	1	0.10289	0.20776	0.20223	0.11415	0.25589	0.075568	0.11707	0.095043	0.067472	0.0702	0.12369	0.22076	0.14454	0.014006	0.2086	0.36934	0.22395	0.072597	0.13867	0.18344	0.25135	0.12942	0.15385	0.17576	0.089808	0.2322	0.16528	0.22413	0.063118	0.18354	0.087692	0.077401	0.015779	0.084478	0.14783	0.006322	0.15673	0.099806	0.025073	0.12824	0.20002	0.18142	0.24488	0.092161	0.055712	0.077003	0.1959	0.11319	0.067876	0.098382	0.070708	0.14632	0.031934	0.15985	0.064068	0.0069652	0.091524	0.29799	0.24353	-0.078869	0.088353	0.2251	-0.0022813	0.12072	0.046181	0.15891	0.0097862	0.29569	0.038872	0.076009	0.3113	0.088929	0.10652	0.15504	0.02338	0.13646	0.088491	0.28454	0.12462	0.096244	0.11774	0.11831	0.040181	0.17987	0.25582	0.22394	0.10139	0.13292	0.10851	0.22131	0.089001	0.053504	0.30912	0.063091	0.11764	0.065528	-0.0064926	0.16791	0.1469	0.077235	0.14529	0.061026	0.21596	0.25143	0.078034	0.076553	0.049238	0.19768	0.1332	0.18567	0.29449	0.22634	0.16421	0.040494	0.30067	0.16874	0.087945	0.12602	0.10667	-0.040536	0.28456	0.22428	0.23238	0.095182	0.17676	0.28601	0.27715	0.032404	-0.010317	0.067005
0.034147	0.1851	0.2699	0.15099	0.2757	-0.020755	0.082487	0.052716	0.045751	0.16487	0.17532	0.267	0.10548	0.087576	0.10289	1	0.30977	0.1128	0.27423	0.24663	0.19709	0.059196	0.15512	0.25927	0.15074	0.34454	0.21979	0.12483	0.029302	0.24677	0.13122	0.22469	0.10814	0.21122	0.22739	0.16066	0.18464	0.26281	0.056208	0.11836	0.18703	0.11569	0.25063	0.28265	0.34334	0.19933	0.13938	0.29194	0.1491	0.17933	-0.0034797	0.15574	0.26524	0.22369	0.055355	0.12813	0.094624	0.16636	0.127	0.18729	0.088707	0.10747	0.16309	0.15136	0.27313	0.084906	0.15791	0.012683	0.24617	0.02031	0.11426	0.048535	0.19283	0.1867	0.1292	0.086057	0.079755	0.19866	0.21001	0.22836	0.14192	0.19262	0.151	0.15414	0.1302	0.22194	0.19079	0.17173	0.069804	0.19419	0.23477	0.27653	0.27599	0.17588	0.26286	0.27936	0.17827	0.18639	0.071961	0.19267	0.21978	0.22419	0.20057	0.19661	0.34429	0.16122	0.1982	0.080562	0.19665	0.048897	0.20745	0.16133	0.36504	0.21468	0.21245	0.0010102	0.14992	0.1514	0.17403	0.14733	0.22244	0.21701	0.26557	0.25682	0.2176	0.11637	0.12921	0.11438	0.054572	0.16856	0.11053	0.18471	0.16248	0.19702	0.17254	0.16415	0.10601	0.23833	0.24383	0.11891	0.3394	0.13964	0.18244	0.16317	0.24662
0.07845	0.24937	0.27742	0.14286	0.46023	0.02418	0.17676	0.18633	0.36134	0.3827	0.26171	0.15448	0.36673	0.2159	0.20776	0.30977	1	0.35834	0.16481	0.4741	0.17969	0.21264	0.23747	0.27515	0.23925	0.30424	0.44686	0.3924	0.026474	0.41983	0.34607	0.38211	0.091821	0.23396	0.31663	0.22412	0.22698	0.36946	0.21066	0.30023	0.21814	0.34278	0.47559	0.25324	0.38391	0.37425	0.26456	0.19488	0.2816	0.23208	0.13194	0.29044	0.23602	0.22888	0.26879	0.30535	0.35975	0.25024	0.33058	0.26534	0.25895	0.27935	0.34224	0.19977	0.23144	0.25134	0.21672	0.20874	0.32981	0.22439	0.24144	0.3596	0.4256	0.35653	0.12051	0.23476	0.35875	0.22979	0.22728	0.16429	0.36451	0.13238	0.24359	0.28093	0.20035	0.32863	0.21506	0.20648	0.20315	0.33323	0.30411	0.26963	0.43589	0.18174	0.2296	0.28924	0.31768	0.31435	0.15169	0.41062	0.43196	0.25321	0.20881	0.25744	0.25039	0.20671	0.20568	0.26104	0.16653	0.057882	0.2107	0.33975	0.29894	0.36161	0.40958	0.28105	0.22879	0.41169	0.35465	0.30144	0.16612	0.34545	0.36922	0.2819	0.21466	0.42289	0.33581	0.31464	0.19651	0.40439	0.29153	0.17687	0.32402	0.31995	0.081222	0.28079	0.43486	0.42837	0.22554	0.14192	0.41777	0.43543	0.16603	0.21719	0.22211
0.14958	0.33754	0.23144	0.14384	0.3076	-0.011312	0.25102	0.25122	0.35759	0.2269	0.40098	0.26659	0.23828	0.18098	0.20223	0.1128	0.35834	1	0.20709	0.30228	0.10436	0.16615	0.26634	0.12134	0.23849	0.23197	0.43785	0.2148	0.0177	0.38627	0.37624	0.30934	0.078997	0.2652	0.36127	0.2364	0.14043	0.36103	0.13004	0.26584	0.34272	0.35001	0.38784	0.28528	0.33489	0.2674	0.2399	0.17622	0.37092	0.30098	0.12119	0.23778	0.16759	0.1076	0.24517	0.31621	0.30579	0.11126	0.33999	0.2586	0.14459	0.18094	0.33767	0.27451	0.22058	0.2649	0.1373	0.27384	0.35723	0.25276	0.29565	0.3211	0.38166	0.33865	0.058908	0.11885	0.35104	0.22698	0.23616	0.23256	0.26231	0.17411	0.26956	0.37478	0.21599	0.32943	0.29521	0.25481	0.21461	0.22796	0.28239	0.27573	0.38513	0.065903	0.24289	0.24819	0.3293	0.25276	0.11603	0.32308	0.21503	0.21065	0.27289	0.19794	0.15646	0.33187	0.25885	0.34575	0.2161	0.16206	0.20851	0.46719	0.379	0.37622	0.47824	0.32242	0.15319	0.353	0.42284	0.21335	0.19688	0.32399	0.34473	0.22152	0.2966	0.38409	0.35963	0.38882	0.14809	0.29345	0.44976	0.17357	0.28286	0.22478	0.11983	0.34546	0.35202	0.42873	0.22292	0.12394	0.25852	0.42529	0.25387	0.21481	0.184
0.16316	0.41044	0.21784	0.056211	0.25799	0.031175	0.28969	0.19904	0.22523	0.25867	0.2063	0.28171	0.06325	0.24043	0.11415	0.27423	0.16481	0.20709	1	0.19335	0.11026	0.021304	0.2086	0.20858	0.32982	0.17266	0.44661	0.23935	0.17546	0.40455	0.20879	0.30323	0.11738	0.23871	0.25048	0.1646	0.096345	0.32455	0.092221	0.16252	0.33718	0.32566	0.15138	0.24153	0.23305	0.25998	0.12838	0.32578	0.34138	0.16386	0.12972	0.28977	0.28455	0.16504	0.072016	0.18546	0.20648	0.11931	0.30067	0.25429	0.097248	0.095739	0.2098	0.20865	0.35134	0.30982	0.11874	0.17239	0.29664	0.11945	0.35495	0.31393	0.37946	0.27478	0.088221	0.13163	0.13321	0.24558	0.13596	0.3346	0.16269	0.34207	0.1963	0.37727	0.3039	0.10434	0.21255	0.35123	0.20371	0.25827	0.23294	0.21569	0.21803	0.059498	0.39963	0.22051	0.19767	0.20113	-0.024237	0.25236	0.19204	0.35481	0.35928	0.20527	0.30729	0.29319	0.21807	0.15746	0.037929	0.12157	0.19864	0.35997	0.42853	0.30856	0.29844	0.18507	0.24879	0.39175	0.24482	0.1287	0.34534	0.37935	0.20449	0.22369	0.2988	0.23704	0.27619	0.28044	0.20506	0.26632	0.26833	0.20659	0.19538	0.20369	0.17945	0.20572	0.10284	0.21528	0.20299	0.099876	0.25219	0.36907	0.27061	0.25018	0.25145
0.13849	0.33608	0.3307	0.21544	0.35638	0.046492	0.20787	0.18927	0.25672	0.30969	0.3083	0.17348	0.32292	0.29777	0.25589	0.24663	0.4741	0.30228	0.19335	1	0.21539	0.24347	0.16803	0.28615	0.27557	0.32033	0.39411	0.38145	0.067821	0.36929	0.31077	0.40832	0.092542	0.22384	0.32202	0.3066	0.20834	0.3919	0.23398	0.40635	0.27413	0.36956	0.42258	0.23842	0.47493	0.25033	0.28523	0.27692	0.39063	0.23228	0.080193	0.35866	0.17083	0.16402	0.24495	0.35839	0.2693	0.27072	0.25023	0.22057	0.16159	0.24278	0.2926	0.23463	0.21131	0.30583	0.20191	0.27063	0.34471	0.21242	0.25231	0.25708	0.40314	0.31727	-0.0025954	0.15948	0.20934	0.28817	0.17928	0.1836	0.32122	0.12676	0.23838	0.29846	0.1724	0.27107	0.30063	0.14538	0.23971	0.1539	0.36786	0.35255	0.52479	0.15268	0.26221	0.32107	0.27121	0.24974	0.15461	0.44313	0.34655	0.13078	0.24704	0.29932	0.19447	0.25088	0.18099	0.29544	0.24274	0.044801	0.1932	0.28251	0.29499	0.27515	0.26073	0.27944	0.27169	0.40021	0.33459	0.21834	0.2363	0.32943	0.36767	0.20776	0.23445	0.38863	0.3326	0.2194	0.077392	0.42325	0.29992	0.22485	0.29478	0.3482	0.12382	0.34051	0.31812	0.32623	0.21016	0.30069	0.36713	0.4214	0.18153	0.13846	0.43356
-0.048943	0.096413	0.072276	0.13301	0.22258	-0.060661	0.0039223	0.066631	0.15735	0.064748	0.017467	0.020115	0.030042	0.18377	0.075568	0.19709	0.17969	0.10436	0.11026	0.21539	1	0.020117	0.074981	0.20639	0.17872	0.16038	0.16813	0.13839	0.07589	0.23635	0.12512	0.15652	0.10348	0.13687	0.20076	0.083256	0.080974	0.1982	0.021101	0.043808	0.092525	0.13214	0.11219	0.13664	0.20615	0.16946	0.067293	0.088006	0.14629	0.19973	0.10299	0.14578	0.18137	0.1643	0.0020006	0.10155	0.12395	0.19506	0.12733	0.16988	0.077709	0.073419	0.16521	0.16514	0.17787	0.09859	0.14617	0.071214	0.20938	0.062013	0.16638	0.12654	0.17554	0.15455	0.076397	0.11593	0.030348	0.16322	0.10021	0.13245	0.08626	0.17912	0.13119	0.17075	0.086037	0.094135	0.15592	0.11462	0.17873	0.15434	0.14325	0.20155	0.19842	0.051271	0.13924	0.22949	0.19665	0.09577	0.0062069	0.22075	0.23421	0.25093	0.10414	0.23698	0.16404	0.15244	0.09893	0.15807	0.20331	0.042306	0.070943	0.082332	0.094295	0.03317	0.21107	0.047772	0.20563	0.13549	0.078872	0.18254	0.04941	0.082102	0.17939	0.19204	0.20393	0.12547	0.12292	0.07841	0.084587	0.23777	0.10721	0.16606	0.17736	0.14818	0.11772	0.17552	0.085034	0.23331	0.35481	0.094034	0.084005	0.13863	0.07126	0.11463	0.1801
0.01402	0.20057	0.12918	0.096172	0.20893	-0.050937	0.070394	0.088308	0.18672	0.1457	0.14975	0.13259	0.19778	0.14204	0.11707	0.059196	0.21264	0.16615	0.021304	0.24347	0.020117	1	0.063151	0.13879	0.12792	0.15868	0.22089	0.075281	-0.0087622	0.18155	0.22055	0.22269	0.11711	0.15118	0.28278	0.24474	0.19295	0.22592	0.049607	0.23237	0.15739	0.18338	0.27006	0.01606	0.13573	0.09803	0.19885	0.011325	0.21964	0.10773	0.1013	0.095529	0.056949	0.074494	0.15438	0.21935	0.18519	0.20908	0.19269	0.066489	0.099818	0.061119	0.17656	0.18197	0.0099004	0.11629	0.089604	0.11652	0.21112	0.25447	0.21339	0.20595	0.2275	0.25573	0.11335	0.1269	0.20498	0.13287	0.011607	-0.0058084	0.18121	0.0026185	0.07156	0.11523	0.13878	0.29186	0.1966	0.12786	0.17688	0.23186	0.13832	0.11134	0.24117	0.068324	0.13309	0.043924	0.33558	0.19878	0.14951	0.25701	0.14758	0.07194	0.13724	0.073434	0.050069	0.20518	0.093044	0.26819	0.13307	0.090114	0.12972	0.16854	0.1735	0.25432	0.15184	0.22461	0.22039	0.15482	0.18039	0.20888	0.1082	0.20662	0.15394	0.13144	0.1262	0.26398	0.11025	0.14567	-0.0014224	0.17045	0.14982	0.066119	0.023527	0.13683	0.084924	0.2291	0.18857	0.23443	0.21496	0.089568	0.2253	0.16407	0.06822	0.089594	0.034699
0.087812	0.33731	0.17665	0.16241	0.24866	0.092267	0.12529	0.26261	0.17973	0.19166	0.23963	0.14188	0.13966	0.26468	0.095043	0.15512	0.23747	0.26634	0.2086	0.16803	0.074981	0.063151	1	0.19659	0.40501	0.31125	0.39583	0.16022	0.081304	0.38827	0.18319	0.2995	0.13131	0.25153	0.32087	0.16257	0.021419	0.31593	0.22018	0.16325	0.28875	0.20871	0.22308	0.24778	0.23676	0.29037	0.14346	0.28211	0.31086	0.21723	0.10627	0.24179	0.21979	0.072133	0.16216	0.2475	0.31425	0.058029	0.33825	0.24713	0.12676	0.16177	0.33865	0.10297	0.20911	0.25389	0.19904	0.16029	0.27072	0.1839	0.18335	0.16372	0.32866	0.20673	0.070052	0.18376	0.28262	0.24503	0.076557	0.19364	0.3124	0.14417	0.20055	0.27571	0.24251	0.27839	0.23085	0.27032	0.33019	0.22494	0.29455	0.26019	0.20948	0.19046	0.24719	0.1382	0.213	0.22931	-0.064117	0.22993	0.19654	0.25346	0.2443	0.19993	0.23958	0.35146	0.20305	0.060632	0.15398	-0.093209	0.16956	0.41293	0.34677	0.3585	0.33428	0.21557	0.10855	0.34105	0.26885	0.26761	0.24008	0.36942	0.18202	0.142	0.25581	0.19642	0.32944	0.28051	0.15155	0.29331	0.34096	0.081244	0.19956	0.25813	0.15458	0.37587	0.26766	0.27248	0.24689	0.076733	0.28581	0.37576	0.22621	0.17636	0.15568
0.15814	0.33925	0.2586	0.14677	0.26938	0.061742	0.099217	0.20832	0.20621	0.2249	0.274	0.14112	0.14167	0.15931	0.067472	0.25927	0.27515	0.12134	0.20858	0.28615	0.20639	0.13879	0.19659	1	0.23352	0.30633	0.32692	0.16202	0.16866	0.25022	0.20234	0.21578	0.087131	0.18065	0.2478	0.19805	0.26295	0.28912	0.127	0.24462	0.19487	0.20648	0.22778	0.32581	0.23232	0.25405	0.18513	0.2915	0.36458	0.23003	0.11492	0.2292	0.25072	0.1334	0.16993	0.26293	0.18686	0.079186	0.23699	0.20396	0.18397	0.20535	0.26959	0.22074	0.25701	0.19303	0.24484	0.139	0.24258	0.21359	0.25409	0.19091	0.31615	0.20849	0.19272	0.19758	0.12153	0.29129	0.19224	0.29013	0.19829	0.19028	0.22703	0.35272	0.2209	0.19304	0.23752	0.2645	0.1848	0.17092	0.27018	0.33181	0.27822	0.10781	0.3313	0.21786	0.21721	0.27735	0.10198	0.21503	0.29318	0.17178	0.24985	0.15446	0.25539	0.19589	0.20891	0.1158	0.16502	0.07342	0.14523	0.29874	0.30985	0.28795	0.26101	0.25265	0.20922	0.30185	0.23243	0.29967	0.29329	0.25147	0.22326	0.17377	0.24438	0.17079	0.29137	0.18042	0.20656	0.24148	0.2816	0.16261	0.17626	0.23898	0.30804	0.31922	0.16788	0.24254	0.39285	0.13634	0.22831	0.30166	0.21384	0.22249	0.1708
0.12316	0.42604	0.16467	0.15634	0.3577	0.051925	0.11602	0.28357	0.21191	0.28919	0.26814	0.20286	0.15447	0.22142	0.0702	0.15074	0.23925	0.23849	0.32982	0.27557	0.17872	0.12792	0.40501	0.23352	1	0.22698	0.39637	0.12812	0.071941	0.36028	0.23414	0.30157	0.16071	0.23644	0.42179	0.24905	0.091644	0.37805	0.25971	0.16428	0.25238	0.34455	0.24912	0.25408	0.31114	0.30698	0.11586	0.29274	0.36974	0.27767	0.078635	0.27813	0.23819	0.15768	0.046147	0.26455	0.31371	0.11312	0.35879	0.34354	0.25122	0.19035	0.33138	0.26748	0.28672	0.40231	0.21277	0.23278	0.27522	0.19251	0.27616	0.27427	0.31584	0.18569	0.043269	0.12603	0.13488	0.30071	0.13895	0.13174	0.22344	0.2177	0.16765	0.39807	0.31992	0.19762	0.28544	0.31261	0.2042	0.2282	0.34242	0.28876	0.28792	0.089841	0.27211	0.21229	0.26638	0.29962	0.094696	0.22597	0.12739	0.20578	0.27079	0.2666	0.21723	0.27498	0.25423	0.25149	0.17573	0.040079	0.23447	0.42457	0.34777	0.33298	0.25167	0.25831	0.28579	0.35063	0.2445	0.24091	0.2459	0.3559	0.22934	0.184	0.2559	0.22611	0.24911	0.25532	0.21729	0.26909	0.3565	0.1576	0.30516	0.28779	0.18879	0.37626	0.21971	0.2924	0.30582	0.09914	0.28862	0.32562	0.24028	0.20402	0.22675
0.20484	0.31066	0.25055	0.18399	0.33563	0.083103	0.091795	0.1763	0.16907	0.19213	0.32618	0.18269	0.24278	0.28171	0.12369	0.34454	0.30424	0.23197	0.17266	0.32033	0.16038	0.15868	0.31125	0.30633	0.22698	1	0.36163	0.25648	0.12826	0.37582	0.23995	0.29587	0.25366	0.2453	0.31305	0.19402	0.27225	0.34839	0.23081	0.27235	0.32292	0.36695	0.32656	0.1642	0.27435	0.23067	0.20548	0.23332	0.27613	0.25239	0.11206	0.26681	0.15963	0.12672	0.21588	0.35891	0.30187	0.14449	0.25001	0.22381	0.12409	0.21819	0.31857	0.27341	0.20047	0.25713	0.21823	0.12551	0.23383	0.19194	0.18977	0.2218	0.38173	0.33161	0.076421	0.25043	0.20854	0.28659	0.19007	0.25244	0.27689	0.21253	0.18874	0.2265	0.19185	0.38266	0.2669	0.23332	0.24235	0.21569	0.34982	0.32682	0.38355	0.15784	0.14209	0.29834	0.33182	0.28229	0.16837	0.33159	0.26903	0.16703	0.17161	0.28588	0.26127	0.36205	0.17022	0.16022	0.18588	-0.017	0.066799	0.37146	0.35789	0.33208	0.26261	0.25727	0.21346	0.33072	0.31656	0.16871	0.20833	0.27135	0.41838	0.34732	0.24145	0.26132	0.34476	0.27205	0.082823	0.37761	0.23476	0.22398	0.24752	0.2688	0.14007	0.36648	0.32777	0.27974	0.25094	0.19241	0.37182	0.34093	0.16443	0.16029	0.13602
0.21534	0.46497	0.23792	0.18386	0.40306	0.0052428	0.19589	0.23673	0.42971	0.46002	0.37453	0.20708	0.21863	0.37129	0.22076	0.21979	0.44686	0.43785	0.44661	0.39411	0.16813	0.22089	0.39583	0.32692	0.39637	0.36163	1	0.3889	0.10778	0.78232	0.44072	0.52658	0.17687	0.3775	0.42915	0.32383	0.17385	0.47007	0.20898	0.4174	0.41807	0.54084	0.40392	0.34488	0.43545	0.40425	0.27675	0.30819	0.52956	0.33802	0.10116	0.44433	0.30158	0.27543	0.19494	0.4266	0.46977	0.16641	0.54366	0.41185	0.33601	0.26624	0.45991	0.26535	0.31926	0.36738	0.31018	0.36545	0.49865	0.30854	0.42312	0.40513	0.88436	0.42243	0.02434	0.23899	0.33031	0.34233	0.23778	0.31619	0.42913	0.23982	0.29017	0.53468	0.25508	0.3707	0.30385	0.34849	0.29041	0.37887	0.48336	0.42371	0.41937	0.18959	0.34858	0.31118	0.42853	0.35208	0.13776	0.43458	0.40919	0.26621	0.41635	0.28767	0.38261	0.42364	0.28453	0.33178	0.17757	0.11095	0.21424	0.53568	0.49423	0.51877	0.55385	0.48827	0.29082	0.81113	0.51173	0.28159	0.37016	0.46831	0.46465	0.28756	0.30904	0.43371	0.47928	0.50551	0.23127	0.69637	0.53653	0.22182	0.46474	0.28739	0.19767	0.56413	0.40391	0.50773	0.32176	0.18278	0.41556	0.85204	0.33301	0.27979	0.25957
0.204	0.2241	0.29424	0.22952	0.21225	0.11891	0.12735	0.1336	0.30242	0.20631	0.13135	0.14151	0.31452	0.33717	0.14454	0.12483	0.3924	0.2148	0.23935	0.38145	0.13839	0.075281	0.16022	0.16202	0.12812	0.25648	0.3889	1	0.13028	0.32369	0.27219	0.37677	0.080418	0.21827	0.16498	0.19984	0.13621	0.22704	0.25633	0.3989	0.21811	0.2555	0.22024	0.11083	0.28901	0.23318	0.18971	0.20431	0.20132	0.10027	0.037354	0.16996	0.17046	0.049828	0.15807	0.28023	0.31118	0.16622	0.25122	0.25549	0.13571	0.31524	0.27956	0.21906	0.16271	0.16822	0.20651	0.084575	0.24629	0.12279	0.25257	0.23019	0.30166	0.26554	0.044322	0.20844	0.2269	0.15088	0.17907	0.16758	0.25365	0.095287	0.27101	0.20538	0.10825	0.32702	0.21921	0.16652	0.15138	0.10747	0.2631	0.28889	0.3963	0.15922	0.12844	0.18988	0.21741	0.14207	0.1488	0.32646	0.3807	0.14652	0.14975	0.18422	0.16104	0.1419	0.04241	0.17863	0.16128	-0.030063	0.088252	0.22846	0.23168	0.19135	0.27951	0.18611	0.1847	0.36783	0.32232	0.14403	0.047026	0.29103	0.37194	0.13343	0.16687	0.33113	0.3685	0.25286	0.10037	0.31894	0.2421	0.23474	0.29749	0.21824	0.024552	0.26564	0.33101	0.27538	0.058178	0.27832	0.35053	0.46967	0.1082	0.11607	0.21883
0.032199	0.17019	-0.054818	0.072694	0.042564	0.025257	0.024507	0.069854	0.028215	0.04796	0.10154	0.030193	0.078828	0.092876	0.014006	0.029302	0.026474	0.0177	0.17546	0.067821	0.07589	-0.0087622	0.081304	0.16866	0.071941	0.12826	0.10778	0.13028	1	0.14352	-0.022964	0.0016082	0.056382	0.012659	0.081861	0.069707	0.12079	0.088561	0.094828	0.10273	0.055671	0.12332	0.064726	0.11153	0.0078246	0.11199	-0.0039537	-0.0017975	0.089887	0.055603	0.0073833	0.082368	0.083199	0.025813	0.06859	0.16245	0.18955	0.0018389	0.22227	0.16894	0.041505	0.19064	0.10676	0.023595	0.082631	0.094304	0.13652	0.026322	0.062192	0.10429	0.026955	0.12025	0.054811	0.029343	0.12974	0.03486	0.016955	0.067436	0.043598	0.15277	0.060308	0.033281	0.051909	0.15506	0.11632	-0.032229	0.15293	0.093311	0.2543	0.15099	0.10712	0.084273	-0.042854	0.08305	0.1092	0.069105	0.039205	0.092012	0.035004	0.11439	0.087054	0.10435	0.061355	0.040932	0.089026	0.063073	0.017107	0.041224	-0.002034	0.06283	0.0092332	0.12477	0.10957	0.085202	0.11118	0.073367	0.019174	0.1239	0.069708	0.13218	0.12292	0.11136	0.11751	0.13243	0.08307	0.045756	0.089721	0.14928	0.062981	0.039956	0.027297	0.067379	0.08248	0.034552	0.13369	0.087282	0.043704	-0.034824	0.10022	0.059551	0.12026	0.10175	0.16995	0.099272	0.036705
0.2366	0.38655	0.20668	0.26262	0.52705	-0.013053	0.17853	0.22114	0.36008	0.36992	0.35276	0.19922	0.22452	0.38475	0.2086	0.24677	0.41983	0.38627	0.40455	0.36929	0.23635	0.18155	0.38827	0.25022	0.36028	0.37582	0.78232	0.32369	0.14352	1	0.41102	0.52615	0.19513	0.34077	0.45635	0.36609	0.14532	0.48963	0.2024	0.40347	0.41095	0.46698	0.39346	0.26771	0.43781	0.35212	0.19008	0.21133	0.45448	0.36881	0.10971	0.36502	0.18583	0.24589	0.18263	0.40114	0.44922	0.15541	0.51764	0.3578	0.33636	0.25848	0.47414	0.25142	0.29556	0.38409	0.33239	0.33138	0.46432	0.28006	0.33818	0.41219	0.76079	0.37767	0.049059	0.21614	0.3243	0.29626	0.18288	0.3368	0.41148	0.22297	0.2411	0.42788	0.22877	0.35382	0.253	0.37028	0.32051	0.41579	0.46914	0.41261	0.40168	0.16141	0.32035	0.31464	0.35685	0.3154	0.10739	0.39982	0.39923	0.32739	0.29411	0.22984	0.3855	0.47811	0.32091	0.28233	0.17994	0.086874	0.24211	0.48806	0.47077	0.48646	0.45669	0.36625	0.27451	0.70044	0.46872	0.26181	0.29868	0.37657	0.43321	0.26339	0.28828	0.40346	0.41129	0.46444	0.18407	0.65076	0.46416	0.20376	0.46922	0.24066	0.16125	0.45059	0.35057	0.45008	0.29467	0.15855	0.42339	0.72603	0.29307	0.255	0.23136
0.23684	0.23121	0.27963	0.10732	0.38064	0.090023	0.12183	0.18206	0.42581	0.24721	0.24256	0.15145	0.23851	0.30612	0.36934	0.13122	0.34607	0.37624	0.20879	0.31077	0.12512	0.22055	0.18319	0.20234	0.23414	0.23995	0.44072	0.27219	-0.022964	0.41102	1	0.44939	0.11333	0.27046	0.41066	0.30087	0.21847	0.30481	0.20489	0.32413	0.38553	0.37222	0.34042	0.12828	0.39307	0.37509	0.14339	0.1197	0.35125	0.2811	0.18623	0.25418	0.18981	0.21335	0.23718	0.26704	0.35156	0.19863	0.23513	0.17176	0.24552	0.31291	0.36285	0.20697	0.17765	0.20644	0.18287	0.28677	0.38169	0.21918	0.3726	0.39127	0.43483	0.46696	0.13547	0.30619	0.40972	0.1934	0.21083	0.19074	0.3523	0.1058	0.24734	0.29043	0.14918	0.30436	0.26344	0.13248	0.12936	0.24279	0.34594	0.31077	0.45563	0.13898	0.23197	0.20534	0.38519	0.27378	0.17374	0.4068	0.3256	0.1729	0.19511	0.23236	0.25821	0.27732	0.17175	0.45785	0.23583	0.082803	0.20811	0.24881	0.33596	0.33035	0.33474	0.28546	0.2749	0.42941	0.36032	0.21778	0.15326	0.36835	0.36237	0.21994	0.28499	0.51666	0.37197	0.32613	0.20365	0.43609	0.33727	0.29475	0.35184	0.25481	0.020534	0.4187	0.37466	0.40617	0.1944	0.23861	0.33813	0.46541	0.20162	0.12789	0.23864
0.13262	0.28102	0.27134	0.18057	0.4414	0.070809	0.090003	0.042731	0.27385	0.29051	0.29613	0.12513	0.21924	0.37673	0.22395	0.22469	0.38211	0.30934	0.30323	0.40832	0.15652	0.22269	0.2995	0.21578	0.30157	0.29587	0.52658	0.37677	0.0016082	0.52615	0.44939	1	0.11195	0.3056	0.30917	0.24774	0.17339	0.4002	0.27472	0.39556	0.36141	0.43721	0.41753	0.16016	0.36211	0.27509	0.14529	0.16021	0.41334	0.20071	0.033299	0.29943	0.17141	0.15062	0.25544	0.37294	0.30204	0.23149	0.41805	0.24552	0.19648	0.38944	0.37209	0.2618	0.15071	0.20701	0.28182	0.2502	0.42178	0.33032	0.27028	0.24856	0.50333	0.43088	0.14291	0.28926	0.3668	0.17493	0.15146	0.24128	0.34481	0.13115	0.23601	0.28608	0.2192	0.41584	0.23874	0.33691	0.19498	0.28191	0.36813	0.29758	0.46491	0.21997	0.21048	0.2744	0.37865	0.31772	0.1824	0.44052	0.41371	0.23612	0.29433	0.21177	0.25216	0.36059	0.19609	0.35683	0.233	0.14137	0.034104	0.33054	0.31401	0.30472	0.33968	0.3002	0.23111	0.49996	0.38877	0.21042	0.17911	0.32064	0.44606	0.23068	0.25556	0.44313	0.41509	0.33419	0.18373	0.46903	0.42559	0.23225	0.26714	0.20914	0.17455	0.40184	0.39087	0.45703	0.22502	0.13858	0.37428	0.51458	0.1542	0.1633	0.20651
0.14602	0.17973	0.072116	0.13819	0.12858	0.071715	-0.048677	0.049826	0.051726	0.07018	0.14345	-0.010122	0.072258	0.15787	0.072597	0.10814	0.091821	0.078997	0.11738	0.092542	0.10348	0.11711	0.13131	0.087131	0.16071	0.25366	0.17687	0.080418	0.056382	0.19513	0.11333	0.11195	1	0.046295	0.16545	0.15329	-0.020855	0.10437	0.075205	0.10698	0.12217	0.1821	0.15744	0.059798	0.096562	0.15226	0.11964	-0.014439	0.10813	0.15847	0.058899	0.065138	0.10948	0.042234	0.048407	0.020376	0.03934	0.030731	0.1453	0.0069179	0.090017	0.20064	0.063937	0.10048	0.14574	0.10837	0.020993	0.09281	0.079499	0.042984	0.01998	0.044924	0.15259	0.16343	0.041642	0.15576	-0.033792	0.20844	0.012433	0.059741	0.028058	0.25547	0.12892	0.10755	0.10642	0.16384	0.14397	0.12207	0.1653	0.094964	0.15174	0.1251	0.1179	0.014158	0.11193	0.062607	0.12846	0.083909	0.095786	0.15257	0.077371	0.10711	-0.015567	0.12905	0.062579	0.14097	0.063993	0.11158	0.10226	0.066835	0.0011033	0.13791	0.23952	0.15316	0.078417	0.064676	0.067482	0.18125	0.074761	0.18388	-0.01253	0.1513	0.097427	0.042904	0.1036	0.15786	0.14947	0.23452	4.331e-005	0.12416	0.20526	0.18682	0.13215	0.10754	0.14547	0.20121	0.11819	0.091581	0.14498	0.13589	0.11388	0.18296	0.15224	0.18345	0.049263
0.11803	0.28245	0.16544	0.19811	0.32703	-0.074715	0.21708	0.1618	0.21437	0.2387	0.18933	0.22295	0.23134	0.25642	0.13867	0.21122	0.23396	0.2652	0.23871	0.22384	0.13687	0.15118	0.25153	0.18065	0.23644	0.2453	0.3775	0.21827	0.012659	0.34077	0.27046	0.3056	0.046295	1	0.33056	0.1997	0.17051	0.39012	0.18809	0.32079	0.2536	0.2276	0.3185	0.23261	0.32232	0.1895	0.19569	0.17375	0.23962	0.15668	0.10761	0.14983	0.11155	0.23106	0.11156	0.23381	0.26512	0.16859	0.30141	0.22839	0.12554	0.13541	0.33169	0.22286	0.11452	0.21365	0.14639	0.16233	0.33084	0.094316	0.25333	0.16864	0.35184	0.30169	0.11334	0.33429	0.14295	0.23565	0.11179	0.22293	0.24511	0.1098	0.21613	0.20711	0.28891	0.27742	0.27201	0.20977	0.23285	0.21194	0.21905	0.21923	0.32894	0.10396	0.21258	0.2752	0.26794	0.23675	0.099916	0.33308	0.36904	0.18099	0.22581	0.18868	0.16135	0.23589	0.21325	0.15418	0.2068	0.015391	0.070264	0.24886	0.1956	0.27976	0.33048	0.16998	0.19961	0.28023	0.2342	0.20196	0.18933	0.23303	0.24564	0.291	0.20471	0.28291	0.33644	0.22027	0.082305	0.34802	0.31296	0.18326	0.14691	0.17728	0.19933	0.3519	0.29349	0.29036	0.24814	0.218	0.33162	0.32331	0.16169	0.15575	0.13437
