1	0.14591	0.10432	0.17444	0.13921	0.11646	0.061313	0.19948	0.16703	0.11736	0.24248	0.11356	0.2914	0.16818	0.30724	0.26859	0.25777	0.23641	0.1658	0.20192	0.0075153	0.17535	0.19125	0.24824	0.077134	0.24461	0.2629	0.20448	0.21656	0.23013	0.21414	0.37769	0.071489	0.20486	0.20658	0.18862	0.38327	0.10332	0.2599	0.15171	0.22632	0.18509	0.37198	0.090519	0.16823	0.19926	0.19306	0.1262	0.17388	0.19965	-0.045668	0.27413	0.08387	0.24052	0.28446	0.33788	0.23551	0.19226	0.089901	0.18925	0.14823	0.26869	0.16043	0.19278	0.23528	0.21516	0.20371	0.13838	0.098421	0.12866	0.19628	0.18748	0.23656	0.14695	0.13566	0.20207	0.10372	0.07351	0.28125	0.020412	0.20761	0.075016	0.25293	0.21937	0.23231	0.16791	0.29276	0.17912	0.23485	0.24483	0.19615	-0.068628	0.26899	0.13368	0.18097	0.19911	0.30286	0.19434	0.093292	0.091262	0.23819	0.18877	0.14834	0.33092	0.18908	0.18622	0.13761	0.18959	0.20922	0.24028	-0.012748	0.25942	0.24329	0.29279	0.27323	0.24311	0.19699	0.23455	0.18366	0.2553	0.257	0.086119	0.27811	0.27031	0.18921	0.21574	0.1923	0.2174	0.15153	0.24092	0.11397	0.24473	0.20426	0.16477	0.2161	0.20218	0.06216	0.22745	0.10528	0.18033	0.24026	0.268	0.32603	0.033502	0.082268
0.14591	1	0.085695	0.29176	0.45154	0.008699	0.24549	0.43407	0.35121	0.56489	0.45751	0.3173	0.14938	0.29713	0.2361	0.40874	0.13422	0.5052	0.2761	0.3088	-0.05523	0.39406	0.41521	0.19459	0.71481	0.48931	0.53979	0.32044	0.38333	0.51814	0.26569	0.41356	0.19598	0.28783	0.32139	0.30767	0.23529	0.32778	0.40451	0.21173	0.19827	0.24758	0.2558	0.16954	0.10794	0.41536	0.14032	0.35178	0.46298	0.56545	0.18728	0.28092	0.28014	0.32541	0.29776	0.32418	0.48403	0.23079	0.40214	0.44148	0.4396	0.32074	0.3742	-0.013058	0.24394	0.63944	0.4074	0.34549	0.21305	0.3621	0.44669	0.41769	0.5061	0.32399	0.2373	0.32292	0.13664	0.17085	0.25191	0.044709	0.33829	0.37247	0.26743	0.32745	0.19303	0.059709	0.24862	0.24097	0.3341	0.32963	0.40436	0.18992	0.23218	0.27287	0.068643	0.13327	0.38016	0.31191	0.35923	0.50032	0.24645	0.22088	0.28731	0.20045	0.21581	0.35804	0.29124	0.18045	0.21337	0.018459	0.056231	0.5897	0.34844	0.35354	0.41992	0.39121	0.40727	0.49229	0.45632	0.23284	0.17232	0.12734	0.35627	0.2256	0.27879	0.37469	0.48202	0.37435	0.35976	0.56376	0.34544	0.20005	0.15484	0.26832	0.39982	0.47343	0.086892	0.35289	0.092423	0.25825	0.19251	0.54226	0.23927	0.015138	0.27548
0.10432	0.085695	1	0.11005	0.16357	0.098838	-0.0059459	0.1263	0.15235	0.21702	0.11977	0.06905	0.0426	0.12145	0.16831	0.084094	0.03593	0.19208	0.048744	0.13968	-0.082639	0.24002	0.12005	0.12133	0.084468	0.11947	0.11926	0.16714	0.19967	0.078862	0.16562	0.17609	0.18466	0.063784	0.13738	0.17971	0.23871	0.059728	0.15135	0.10944	0.1845	0.082937	0.15524	-0.021273	0.066548	0.17922	0.062168	0.012863	0.22194	0.15328	0.080303	0.14438	0.0013653	0.081309	0.13916	0.14836	0.073168	0.10963	0.11571	0.083321	0.19724	0.13923	0.16792	0.050675	0.20288	0.10846	0.10765	0.17712	-0.074557	0.1617	0.21469	0.17066	0.12618	0.16509	0.18617	0.14648	0.17866	0.12775	0.12404	0.086539	0.22732	0.1021	0.17079	0.10992	0.22355	0.030198	0.22129	0.16053	0.1633	0.10778	0.1869	0.054174	0.16226	0.11086	-0.010779	0.056651	0.15045	0.048924	0.060076	0.13043	0.075713	0.1119	0.055547	0.26566	0.067852	0.12708	0.083196	0.091042	0.13795	0.063651	-0.012888	0.17478	0.027759	0.1799	0.16668	0.14752	0.15729	0.10237	0.12327	0.18275	0.15865	0.048914	0.20409	0.1676	0.059035	0.042559	0.066922	0.088662	0.047471	0.13047	0.10558	0.20427	0.13527	0.27036	0.1404	0.10349	-0.00028614	0.094441	-0.0031682	0.10793	0.12697	0.08507	0.22026	0.0087191	0.16814
0.17444	0.29176	0.11005	1	0.40401	-0.0020742	0.17659	0.25807	0.2866	0.24012	0.37545	0.19374	0.26958	0.30099	0.29799	0.21985	0.19652	0.25114	0.20857	0.40152	-0.024136	0.36815	0.31628	0.19274	0.22894	0.35284	0.39737	0.37459	0.38845	0.41089	0.32263	0.34461	0.1399	0.25025	0.2437	0.36263	0.33267	0.31863	0.27242	0.31126	0.30079	0.24185	0.34194	0.085363	0.082929	0.2544	0.28901	0.11787	0.30706	0.33166	0.10009	0.32634	0.1813	0.31117	0.24014	0.32182	0.26061	0.22876	0.20569	0.3379	0.37784	0.24236	0.22366	0.099372	0.19795	0.23569	0.39742	0.35805	0.057463	0.24532	0.18937	0.33606	0.34613	0.32727	0.076634	0.35856	0.13361	0.028336	0.25949	0.099664	0.34628	0.29192	0.22464	0.27357	0.27961	0.15281	0.32307	0.27664	0.28749	0.26224	0.28816	0.15099	0.30656	0.22862	0.046869	0.17206	0.27307	0.271	0.2574	0.24466	0.25722	0.22397	0.24062	0.28162	0.25483	0.29538	0.23522	0.27977	0.24863	0.23103	-0.060855	0.33094	0.33106	0.39618	0.32141	0.35418	0.32983	0.46313	0.29518	0.35835	0.24541	0.027443	0.31198	0.12798	0.18358	0.3492	0.28282	0.37331	0.29134	0.39131	0.29494	0.25473	0.17324	0.14554	0.26247	0.28678	0.087742	0.32846	0.077214	0.26496	0.21027	0.40861	0.26869	0.14631	0.27077
0.13921	0.45154	0.16357	0.40401	1	-0.044169	0.29832	0.37962	0.44851	0.45022	0.387	0.23079	0.23711	0.43057	0.36303	0.43428	0.18969	0.51711	0.22555	0.37663	-0.044807	0.52421	0.41892	0.22143	0.3985	0.41133	0.4262	0.35182	0.43908	0.45697	0.37275	0.41047	0.23011	0.42579	0.43082	0.43274	0.33378	0.40119	0.51836	0.35061	0.39597	0.25549	0.41968	0.15713	0.16254	0.38068	0.15736	0.29184	0.5234	0.47916	0.20215	0.34107	0.27985	0.38135	0.42824	0.36756	0.48186	0.40037	0.32713	0.46001	0.52886	0.30905	0.20861	0.09151	0.37067	0.3837	0.35519	0.40522	0.19951	0.31487	0.33179	0.40207	0.35677	0.3606	0.15952	0.38413	0.17114	0.18277	0.34652	0.10909	0.41187	0.35098	0.25782	0.34263	0.33897	0.27023	0.4025	0.32095	0.38698	0.39528	0.35483	0.12632	0.34688	0.26975	0.095458	0.2294	0.40155	0.42025	0.37067	0.41313	0.34015	0.24721	0.24292	0.29514	0.3034	0.43427	0.25355	0.30423	0.27518	0.11717	-0.026839	0.45567	0.44998	0.37243	0.46431	0.40312	0.41882	0.45457	0.44288	0.3999	0.22797	0.17239	0.40996	0.22371	0.2201	0.3804	0.43136	0.39291	0.39648	0.47625	0.4352	0.24366	0.19574	0.24076	0.30576	0.50982	0.15153	0.34045	0.15809	0.37175	0.26415	0.42368	0.34713	0.1141	0.30236
0.11646	0.008699	0.098838	-0.0020742	-0.044169	1	0.016121	0.010991	-0.012529	0.1126	0.055783	-0.022236	0.046297	0.18269	0.15182	0.020653	0.14878	0.065377	0.047447	0.083865	-0.023712	0.1252	0.024559	0.11491	0.01799	0.066202	0.061816	-0.011654	0.14718	0.050246	0.062097	0.078746	-0.043277	0.092659	0.092813	0.062862	0.10714	0.10611	0.12983	0.11789	0.061238	0.087795	0.14424	0.090784	0.12271	0.002724	0.10294	0.030337	0.092746	0.12619	-0.033405	0.066485	-0.051982	0.10833	0.088576	-0.022253	0.058156	0.1039	0.012494	0.065941	0.12487	0.053467	0.05565	0.011578	0.1736	0.1002	0.11105	0.050255	-0.045775	0.098431	-0.01613	0.064883	0.072886	0.10294	0.084838	0.083487	-0.010624	-0.096645	0.12563	0.00024268	0.013575	0.035162	0.085403	0.057248	0.07063	0.086129	0.085001	0.030925	0.138	0.062529	0.077685	0.0018127	0.087518	0.076417	0.10565	0.067217	0.093479	0.055266	0.08497	0.040904	0.063419	0.016301	0.014461	0.0034988	0.072666	0.089669	0.032788	0.017041	0.082249	0.0035497	-0.10467	0.10309	0.058926	0.091848	0.084778	0.041601	0.064908	0.052171	-0.055548	0.18097	0.19841	0.056636	0.0059435	0.066792	0.069853	0.067839	0.033343	0.085433	-0.051197	0.078999	0.12606	0.16224	0.13936	0.12785	0.092819	0.060721	0.061579	0.044139	0.29805	0.093506	0.085182	0.057119	0.079833	0.11317	-0.02002
0.061313	0.24549	-0.0059459	0.17659	0.29832	0.016121	1	0.34883	0.46621	0.23066	0.27007	0.26523	0.10824	0.25427	0.16254	0.11413	0.09639	0.31455	0.10538	0.20995	-0.0066007	0.32542	0.27204	0.074782	0.23851	0.2403	0.21323	0.25402	0.31584	0.186	0.19459	0.25751	0.13094	0.2124	0.33421	0.28855	0.19399	0.33222	0.3442	0.15027	0.37257	0.092457	0.21587	0.032397	0.091267	0.20044	0.054404	0.35191	0.39746	0.31854	0.16036	0.28241	0.34978	0.25757	0.27655	0.19884	0.3646	0.1943	0.2988	0.26326	0.32325	0.14052	0.14676	0.11234	0.18608	0.14922	0.2471	0.27131	0.386	0.24522	0.2372	0.30824	0.18098	0.271	0.045881	0.20212	0.14601	0.31888	0.26297	0.18266	0.27403	0.30251	0.19634	0.26371	0.41564	0.10448	0.2602	0.29891	0.22356	0.19756	0.25577	0.0728	0.17982	0.10217	0.089789	0.13401	0.32339	0.20392	0.22092	0.29756	0.3608	0.22348	0.23437	0.18167	0.30094	0.21786	0.3314	0.20088	0.21977	0.071283	0.21649	0.21225	0.21151	0.25512	0.32613	0.25149	0.26453	0.18525	0.23776	0.19823	0.22412	0.084901	0.2576	0.1194	0.24779	0.18396	0.30595	0.24665	0.3256	0.27171	0.26702	0.14371	0.009965	0.2181	0.14749	0.38091	0.15894	0.20514	-0.028175	0.2248	-0.060789	0.18933	0.33083	0.080929	0.21745
0.19948	0.43407	0.1263	0.25807	0.37962	0.010991	0.34883	1	0.39795	0.42475	0.41552	0.6312	0.22183	0.30831	0.30048	0.37711	0.18109	0.46143	0.32938	0.29531	0.061691	0.3876	0.49787	0.23782	0.43709	0.456	0.51945	0.38528	0.48504	0.51528	0.34338	0.56662	0.12246	0.31762	0.33419	0.38614	0.30471	0.33197	0.41635	0.23435	0.30389	0.18726	0.33217	0.17383	0.067048	0.38411	0.20004	0.31115	0.45959	0.45607	0.17327	0.35774	0.38453	0.29913	0.35407	0.3959	0.49136	0.23733	0.47676	0.5226	0.4379	0.24516	0.37252	0.1151	0.3494	0.40812	0.27573	0.44426	0.35426	0.33626	0.34915	0.44044	0.42649	0.39858	0.18355	0.52642	0.13246	0.31232	0.41952	0.16525	0.5313	0.55883	0.37626	0.33773	0.35158	0.18682	0.31919	0.34787	0.37949	0.37735	0.38052	0.082996	0.28082	0.23514	0.097786	0.24292	0.4817	0.31863	0.36279	0.46082	0.40813	0.30565	0.25311	0.40569	0.27992	0.43263	0.47894	0.3013	0.26855	0.21764	0.1151	0.56798	0.54223	0.49629	0.52884	0.53199	0.50348	0.5247	0.5782	0.29122	0.26999	0.10878	0.51439	0.30694	0.34017	0.32092	0.51436	0.43987	0.58236	0.53963	0.47522	0.27305	0.16965	0.27051	0.31434	0.51888	0.08594	0.32861	0.081324	0.28029	0.2666	0.52169	0.34746	0.0066362	0.29461
0.16703	0.35121	0.15235	0.2866	0.44851	-0.012529	0.46621	0.39795	1	0.32512	0.41726	0.34674	0.24207	0.35696	0.34911	0.35042	0.17586	0.43796	0.2717	0.34452	-0.01811	0.44591	0.43862	0.17434	0.38066	0.36377	0.39594	0.24811	0.50744	0.36674	0.35239	0.4093	0.23794	0.35435	0.41078	0.42724	0.34957	0.39635	0.42557	0.2707	0.41243	0.14203	0.33132	0.18252	0.19587	0.3911	0.088643	0.23028	0.41016	0.46257	0.090999	0.37166	0.41909	0.30922	0.36083	0.40476	0.42014	0.33874	0.31001	0.42199	0.4386	0.34461	0.29503	0.099671	0.27911	0.33875	0.29262	0.32904	0.2904	0.28729	0.42406	0.56915	0.30892	0.31492	0.089336	0.31103	0.16631	0.43259	0.30877	0.11314	0.38196	0.36123	0.33068	0.38576	0.45382	0.26077	0.30662	0.36672	0.37749	0.4019	0.36065	0.02632	0.31712	0.18471	0.10192	0.15585	0.39487	0.34757	0.37865	0.38625	0.35422	0.24222	0.32255	0.3015	0.28299	0.2989	0.45343	0.32674	0.2953	0.181	0.10241	0.4756	0.408	0.47697	0.45001	0.40829	0.45807	0.3757	0.42553	0.2516	0.30594	0.13749	0.36327	0.23403	0.22875	0.35051	0.42892	0.29572	0.44546	0.42464	0.42534	0.24541	0.22459	0.24067	0.30672	0.37227	0.16121	0.33312	-0.0092247	0.2528	0.14393	0.38047	0.30992	0.082173	0.24822
0.11736	0.56489	0.21702	0.24012	0.45022	0.1126	0.23066	0.42475	0.32512	1	0.40102	0.32647	0.02263	0.45005	0.18679	0.27784	0.14598	0.55968	0.20987	0.3286	-0.18778	0.53685	0.33501	0.20336	0.48269	0.53041	0.44006	0.31954	0.4378	0.43194	0.2618	0.41294	0.21731	0.3686	0.48572	0.36965	0.26014	0.46814	0.55067	0.21751	0.33124	0.19054	0.28752	0.16094	0.10371	0.4248	0.11617	0.21378	0.66334	0.55321	0.30628	0.28042	0.27607	0.41706	0.27992	0.28387	0.54257	0.17753	0.54279	0.46327	0.47731	0.36005	0.34387	-0.059992	0.44725	0.55895	0.38653	0.28344	0.090619	0.51324	0.41824	0.38241	0.44737	0.36315	0.32831	0.34113	0.15885	0.15681	0.34244	0.15686	0.36581	0.42467	0.32728	0.36085	0.3236	0.031587	0.36878	0.26307	0.31888	0.35443	0.45601	0.28654	0.29389	0.25556	0.13046	0.08538	0.40639	0.3448	0.36076	0.51608	0.21942	0.19766	0.29567	0.34881	0.20662	0.43487	0.27909	0.28075	0.27705	0.051297	0.059762	0.60862	0.34382	0.30169	0.49168	0.36623	0.4043	0.44627	0.46779	0.30963	0.14825	0.16028	0.34373	0.25875	0.2961	0.31525	0.47926	0.35014	0.36984	0.44327	0.36767	0.26529	0.17293	0.40148	0.29987	0.53394	0.060094	0.31616	0.078109	0.295	0.19578	0.45402	0.34712	0.10834	0.36246
0.24248	0.45751	0.11977	0.37545	0.387	0.055783	0.27007	0.41552	0.41726	0.40102	1	0.31205	0.22963	0.3731	0.42543	0.38403	0.24076	0.40219	0.26289	0.40543	-0.037341	0.44641	0.46063	0.25689	0.41143	0.49736	0.54532	0.42132	0.41996	0.4635	0.29552	0.52533	0.26277	0.29866	0.44296	0.44908	0.41249	0.39609	0.40186	0.33222	0.37662	0.34498	0.47713	0.083045	0.16846	0.45775	0.20455	0.23499	0.37796	0.41877	0.080486	0.31903	0.32237	0.33855	0.37821	0.47884	0.45138	0.35563	0.41272	0.49969	0.36016	0.35437	0.365	0.19344	0.30219	0.4874	0.39647	0.32283	0.31297	0.35764	0.31712	0.37666	0.46505	0.36275	0.10975	0.44044	0.17954	0.28764	0.29556	0.17208	0.43336	0.3881	0.40885	0.40182	0.32828	0.16315	0.35771	0.28137	0.45299	0.42657	0.42581	0.084423	0.34338	0.27129	0.18934	0.20901	0.46805	0.34971	0.25773	0.43298	0.30747	0.29688	0.28407	0.35096	0.28858	0.39414	0.31665	0.40412	0.41551	0.24666	0.035077	0.56632	0.41244	0.45284	0.51701	0.43776	0.42875	0.51029	0.48591	0.31441	0.33145	0.11483	0.432	0.33482	0.24197	0.3199	0.54542	0.39719	0.51871	0.56953	0.37113	0.31805	0.26826	0.29704	0.24847	0.38087	0.2147	0.45063	0.12944	0.30085	0.28556	0.554	0.34747	0.083409	0.26667
0.11356	0.3173	0.06905	0.19374	0.23079	-0.022236	0.26523	0.6312	0.34674	0.32647	0.31205	1	0.029813	0.21109	0.21402	0.23837	0.07789	0.35558	0.28178	0.19535	0.091113	0.27735	0.3351	0.15578	0.41765	0.29797	0.42853	0.31852	0.31979	0.47574	0.24819	0.33944	0.011523	0.19207	0.22955	0.26305	0.25574	0.32021	0.30018	0.22446	0.2402	0.12074	0.15617	0.1033	0.0040587	0.31546	0.078765	0.18437	0.29816	0.34883	0.19477	0.25593	0.3523	0.2609	0.16606	0.25276	0.36248	0.15181	0.34757	0.42774	0.32192	0.089938	0.35695	0.077093	0.23401	0.34114	0.15653	0.27689	0.20703	0.24973	0.15242	0.31846	0.35719	0.2627	0.10491	0.33495	0.044958	0.27253	0.35965	0.19437	0.39885	0.57086	0.21161	0.2489	0.30242	0.033863	0.19139	0.24526	0.28991	0.22876	0.32576	0.24936	0.22533	0.19004	0.035054	0.18096	0.26845	0.29258	0.29432	0.3348	0.28298	0.19654	0.11556	0.36998	0.27824	0.29902	0.43615	0.17424	0.2134	0.05795	0.083688	0.45574	0.54609	0.40758	0.36785	0.39326	0.39939	0.49529	0.40612	0.23926	0.16685	0.08336	0.28094	0.20627	0.26614	0.28204	0.35454	0.26311	0.46669	0.43412	0.35111	0.20896	0.1753	0.12079	0.17164	0.30648	0.0018216	0.18125	-0.046639	0.17134	0.21012	0.48811	0.26723	0.060479	0.29505
0.2914	0.14938	0.0426	0.26958	0.23711	0.046297	0.10824	0.22183	0.24207	0.02263	0.22963	0.029813	1	0.17264	0.29557	0.27076	0.25324	0.18588	0.2764	0.26543	-0.13568	0.22982	0.31336	0.10638	0.080005	0.23292	0.32227	0.20224	0.32604	0.28653	0.20915	0.41643	0.335	0.23364	0.11879	0.34062	0.28903	0.14359	0.28533	0.25854	0.16377	0.17244	0.41716	0.01309	0.14708	0.14892	0.18738	0.17632	0.10162	0.22206	-0.022739	0.26873	0.117	0.23879	0.36545	0.36294	0.25582	0.16233	0.15132	0.31381	0.13565	0.31324	0.20222	0.28987	0.16887	0.16241	0.32096	0.23133	0.14247	0.16925	0.18159	0.1612	0.21328	0.3611	-0.063458	0.21498	0.17497	0.085133	0.19112	0.052828	0.27026	0.0977	0.27459	0.24379	0.086752	0.32838	0.23616	0.28979	0.33226	0.28852	0.21673	-0.013223	0.23818	0.13084	0.061186	0.16844	0.33145	0.1472	0.19885	0.15322	0.12709	0.20268	0.18471	0.23429	0.17065	0.2136	0.2103	0.3493	0.28747	0.2861	-0.00099496	0.25376	0.34246	0.31077	0.18839	0.24685	0.19325	0.25536	0.27772	0.22789	0.34416	0.041773	0.33439	0.27831	0.11823	0.19937	0.20968	0.32258	0.17227	0.27312	0.21792	0.16732	0.38028	0.091805	0.24392	0.27747	0.25286	0.22015	0.1423	0.12805	0.26183	0.29328	0.31646	-0.035427	0.098071
0.16818	0.29713	0.12145	0.30099	0.43057	0.18269	0.25427	0.30831	0.35696	0.45005	0.3731	0.21109	0.17264	1	0.34543	0.40506	0.26877	0.39871	0.20451	0.39154	0.0085161	0.54498	0.26494	0.32215	0.28804	0.42112	0.37629	0.30306	0.48444	0.32862	0.47537	0.37627	0.23098	0.39085	0.40035	0.46231	0.30098	0.4367	0.53983	0.3296	0.30828	0.25746	0.39406	0.10235	0.16327	0.35936	0.27895	0.24106	0.49995	0.4689	0.24896	0.29763	0.23387	0.41453	0.38117	0.28702	0.39627	0.33162	0.42982	0.4024	0.39916	0.33399	0.24593	0.032732	0.29356	0.35003	0.33147	0.24105	0.11799	0.32996	0.28804	0.27823	0.31264	0.33475	0.27493	0.40435	0.083059	0.16006	0.32165	0.21521	0.29568	0.26771	0.27203	0.35405	0.25609	0.29184	0.32449	0.25203	0.38506	0.39164	0.31515	0.15957	0.3338	0.34671	0.1133	0.21773	0.2966	0.34036	0.31773	0.44824	0.24884	0.22109	0.30096	0.30812	0.31503	0.39574	0.14373	0.3163	0.36216	0.14454	-0.067704	0.44855	0.27857	0.28166	0.42645	0.41873	0.36013	0.32289	0.30669	0.39312	0.35539	0.10832	0.27201	0.29691	0.21667	0.33816	0.42316	0.30003	0.27164	0.41334	0.32068	0.31077	0.25533	0.29716	0.29193	0.46074	0.1936	0.32366	0.12138	0.34087	0.25094	0.35601	0.42365	0.11003	0.29372
0.30724	0.2361	0.16831	0.29799	0.36303	0.15182	0.16254	0.30048	0.34911	0.18679	0.42543	0.21402	0.29557	0.34543	1	0.43173	0.32344	0.25047	0.22673	0.37502	0.1219	0.30047	0.29965	0.32909	0.22987	0.39153	0.42719	0.34262	0.36929	0.36002	0.35954	0.46282	0.17368	0.23594	0.26808	0.35002	0.46657	0.31912	0.37275	0.39003	0.29159	0.29139	0.55024	0.10187	0.16188	0.25177	0.22302	0.21505	0.30029	0.43221	-0.049413	0.33011	0.14679	0.28488	0.34356	0.38857	0.31363	0.43288	0.26408	0.41014	0.32859	0.37795	0.23186	0.158	0.27773	0.39408	0.3697	0.28098	0.18148	0.24512	0.26762	0.27902	0.40808	0.37965	0.093846	0.3907	0.13138	0.14219	0.22311	0.14356	0.3068	0.22213	0.2692	0.30965	0.3013	0.28921	0.34279	0.26282	0.5141	0.34835	0.31287	0.016126	0.32266	0.26701	0.13704	0.16036	0.33743	0.27558	0.28069	0.28082	0.23279	0.1909	0.27921	0.23242	0.15011	0.28038	0.13565	0.29503	0.29065	0.20838	0.00036814	0.36705	0.24567	0.33705	0.39024	0.38509	0.32057	0.37301	0.31078	0.33112	0.3317	0.17039	0.34278	0.35599	0.12417	0.25397	0.36207	0.40371	0.30839	0.4427	0.35141	0.31152	0.31696	0.1521	0.31431	0.32364	0.20415	0.34133	0.18724	0.28035	0.41635	0.38528	0.31133	0.045333	0.16172
0.26859	0.40874	0.084094	0.21985	0.43428	0.020653	0.11413	0.37711	0.35042	0.27784	0.38403	0.23837	0.27076	0.40506	0.43173	1	0.31735	0.32129	0.30879	0.3552	-0.027595	0.37503	0.33862	0.26063	0.39743	0.44214	0.49814	0.29342	0.38305	0.46136	0.36689	0.45266	0.20723	0.38425	0.265	0.37928	0.35067	0.30413	0.42932	0.34441	0.34615	0.27706	0.53222	0.11742	0.25402	0.31848	0.19255	0.29245	0.35586	0.35715	0.15059	0.33726	0.1998	0.29041	0.47421	0.44041	0.40652	0.40352	0.26427	0.43583	0.32095	0.32743	0.25069	0.16362	0.22626	0.4354	0.28323	0.2874	0.15241	0.2461	0.28039	0.36556	0.503	0.3577	0.29524	0.47526	0.23059	0.17724	0.30503	-0.028813	0.39613	0.33744	0.30446	0.36942	0.21127	0.24958	0.3441	0.25217	0.53013	0.41631	0.38537	0.04325	0.30522	0.33065	0.13233	0.32713	0.39398	0.32486	0.37281	0.47148	0.25697	0.26021	0.26199	0.34372	0.25412	0.31413	0.23235	0.30065	0.20296	0.084124	-0.11921	0.50358	0.38909	0.37736	0.50226	0.3583	0.46119	0.45956	0.3961	0.37091	0.26341	0.20375	0.38557	0.31122	0.20807	0.29715	0.44121	0.39632	0.32163	0.51096	0.33841	0.2875	0.31599	0.25052	0.31892	0.33532	0.1984	0.32639	0.20068	0.33663	0.31573	0.50078	0.32627	0.0017128	0.1806
0.25777	0.13422	0.03593	0.19652	0.18969	0.14878	0.09639	0.18109	0.17586	0.14598	0.24076	0.07789	0.25324	0.26877	0.32344	0.31735	1	0.16152	0.086229	0.28992	0.076444	0.26475	0.21684	0.22082	0.14213	0.29367	0.2873	0.21639	0.33565	0.26178	0.21482	0.32496	0.072767	0.19918	0.17975	0.3364	0.26444	0.248	0.37131	0.23673	0.21116	0.16036	0.3402	0.07068	0.091661	0.097198	0.18235	0.15658	0.16534	0.17138	0.053827	0.16862	0.12602	0.23872	0.29611	0.26811	0.21087	0.31356	0.15791	0.23032	0.24064	0.2792	0.077423	0.18711	0.1818	0.24429	0.24403	0.14722	0.14504	0.11121	0.11045	0.20742	0.26081	0.28444	0.12427	0.26227	0.10377	0.0077149	0.26248	0.067682	0.27852	0.10544	0.15055	0.24978	0.14587	0.25112	0.26988	0.12448	0.2844	0.25785	0.26811	0.067858	0.25616	0.20287	0.11354	0.15394	0.27532	0.27639	0.22492	0.19455	0.2027	0.12113	0.16593	0.13838	0.23956	0.29829	0.14838	0.20807	0.24186	0.21188	-0.070436	0.33887	0.1856	0.27922	0.30008	0.26098	0.16033	0.30913	0.16656	0.23957	0.16188	0.087454	0.23991	0.24871	0.089852	0.2762	0.25469	0.24362	0.16214	0.28254	0.19078	0.21151	0.18311	0.19091	0.27143	0.26609	0.20652	0.29504	0.16892	0.20495	0.22836	0.2475	0.27611	0.12231	0.078771
0.23641	0.5052	0.19208	0.25114	0.51711	0.065377	0.31455	0.46143	0.43796	0.55968	0.40219	0.35558	0.18588	0.39871	0.25047	0.32129	0.16152	1	0.26579	0.30868	-0.14374	0.49485	0.4522	0.25737	0.46542	0.44587	0.39831	0.33305	0.49789	0.40903	0.32651	0.38053	0.20438	0.38686	0.36881	0.49466	0.27107	0.37233	0.52233	0.29413	0.36672	0.19401	0.26568	0.20786	0.2404	0.48484	0.14053	0.38412	0.55981	0.52674	0.28414	0.35479	0.41939	0.38223	0.34268	0.28481	0.483	0.21066	0.45223	0.47225	0.48583	0.33867	0.52508	0.10261	0.41934	0.43902	0.38166	0.39364	0.19429	0.36298	0.47505	0.40647	0.37725	0.30333	0.22651	0.40343	0.1733	0.21342	0.38359	0.12052	0.32506	0.36575	0.42659	0.30982	0.38925	0.14906	0.38995	0.34321	0.27975	0.3513	0.42663	0.20037	0.29303	0.28382	0.14531	0.30536	0.35446	0.33125	0.3649	0.50488	0.32905	0.28921	0.23753	0.42632	0.34246	0.44256	0.42496	0.3541	0.27035	0.14535	0.038898	0.55494	0.33813	0.42989	0.52217	0.46215	0.44356	0.41241	0.48842	0.33895	0.19203	0.1176	0.32232	0.17927	0.36763	0.45353	0.42083	0.28861	0.41665	0.3846	0.47276	0.34962	0.13711	0.39466	0.34559	0.58763	0.081423	0.21467	0.10864	0.35723	0.26598	0.4233	0.40411	0.19181	0.45846
0.1658	0.2761	0.048744	0.20857	0.22555	0.047447	0.10538	0.32938	0.2717	0.20987	0.26289	0.28178	0.2764	0.20451	0.22673	0.30879	0.086229	0.26579	1	0.20952	-0.0016979	0.19525	0.3208	0.14006	0.31197	0.23048	0.32893	0.19268	0.27193	0.29649	0.25718	0.30841	0.1323	0.21473	0.18632	0.31486	0.2298	0.13986	0.28449	0.19283	0.18688	0.24998	0.16445	0.1764	0.11215	0.23893	0.13095	0.19979	0.18943	0.28661	0.1404	0.2831	0.15704	0.27707	0.222	0.2704	0.38857	0.18343	0.25173	0.3413	0.26507	0.2174	0.33481	0.036632	0.19336	0.27324	0.21552	0.24296	0.021105	0.28358	0.21802	0.35843	0.34724	0.29391	0.098133	0.32046	0.065654	0.19002	0.23031	0.10166	0.35572	0.27049	0.25403	0.14225	0.10333	0.089054	0.25298	0.29843	0.34585	0.30657	0.31044	0.11549	0.25218	0.14469	0.030896	0.15029	0.31822	0.1989	0.18832	0.27516	0.10669	0.26666	0.13472	0.27525	0.21853	0.26781	0.33441	0.21328	0.13865	0.19876	-0.10998	0.30459	0.33064	0.3042	0.2539	0.25896	0.30966	0.31658	0.27954	0.29667	0.20177	0.07184	0.28042	0.18895	0.24585	0.31603	0.31389	0.26994	0.26127	0.2823	0.32021	0.16289	0.15047	0.1172	0.26544	0.28274	0.10079	0.20742	0.065133	0.12183	0.26882	0.33346	0.17912	-0.086691	0.1804
0.20192	0.3088	0.13968	0.40152	0.37663	0.083865	0.20995	0.29531	0.34452	0.3286	0.40543	0.19535	0.26543	0.39154	0.37502	0.3552	0.28992	0.30868	0.20952	1	-0.0053451	0.37217	0.30199	0.24622	0.32428	0.463	0.42274	0.49144	0.42793	0.41308	0.31409	0.42105	0.1871	0.31566	0.35609	0.46949	0.42219	0.3901	0.45464	0.45405	0.30132	0.25511	0.45337	0.044933	0.22643	0.29263	0.3656	0.19471	0.39115	0.41831	0.026906	0.35985	0.16913	0.37429	0.3959	0.32693	0.33421	0.38505	0.36171	0.40878	0.3768	0.35766	0.2487	0.20417	0.38649	0.33857	0.31486	0.22891	0.11163	0.24534	0.3037	0.27807	0.38001	0.35807	0.2173	0.36135	0.10585	0.029459	0.3358	0.089713	0.31191	0.33033	0.28295	0.41707	0.26821	0.27731	0.39336	0.28955	0.49291	0.30317	0.37103	0.12475	0.40717	0.26753	0.036019	0.072848	0.33488	0.33842	0.34888	0.38665	0.24613	0.21541	0.30609	0.33838	0.26238	0.35793	0.22951	0.36205	0.35753	0.19889	-0.048883	0.39327	0.25664	0.321	0.51594	0.31813	0.37032	0.42899	0.28212	0.39557	0.33919	0.14739	0.29622	0.29049	0.21386	0.33474	0.45165	0.30527	0.21293	0.45301	0.31232	0.27344	0.25166	0.18369	0.34948	0.31741	0.30387	0.44691	0.12955	0.4956	0.2923	0.41121	0.32807	0.12846	0.3203
0.0075153	-0.05523	-0.082639	-0.024136	-0.044807	-0.023712	-0.0066007	0.061691	-0.01811	-0.18778	-0.037341	0.091113	-0.13568	0.0085161	0.1219	-0.027595	0.076444	-0.14374	-0.0016979	-0.0053451	1	-0.1346	0.015001	0.061296	-0.0040186	-0.042846	0.019907	0.021589	-0.054283	-0.001296	0.036427	-0.010704	-0.18925	0.0081099	-0.0070688	-0.093406	-0.05562	0.031909	-0.077427	0.096225	-0.031327	-0.026078	-0.059312	0.090396	0.035383	-0.091836	0.054493	-0.067371	-0.10538	-0.028126	-0.055049	-0.017124	0.012026	-0.05835	-0.024144	-0.097459	-0.10006	0.0092839	-0.17083	0.030077	-0.025254	0.00431	-0.043726	0.145	-0.065451	-0.09455	-0.0010217	-0.099905	0.014521	-0.12419	-0.093555	-0.017297	-0.047775	-0.06653	0.042774	0.083618	-0.027097	0.10915	-0.028715	0.070683	0.0088655	0.056752	-0.14073	-0.021091	0.0035742	-0.10468	0.0063819	-0.081214	0.036035	-0.023692	-0.039747	-0.11438	0.068237	-0.094133	0.018024	-0.0045494	-0.044264	-0.015862	-0.094206	-0.094449	0.068511	0.10164	-0.0011379	-0.096571	-0.020954	-0.0024641	-0.088877	-0.052957	0.017733	0.15949	-0.052503	-0.095994	-0.029713	-0.023483	-0.040788	0.082171	0.034898	-0.024534	-0.07219	-0.009089	0.03621	0.0079982	0.012844	0.009726	-0.010683	0.00943	0.06947	-0.010281	0.012525	0.001549	0.015271	0.041624	-0.087251	-0.14744	1.4115e-005	-0.046875	0.013214	0.083076	0.016515	0.039185	-0.023614	0.002209	0.0049575	-0.072475	-0.027884
0.17535	0.39406	0.24002	0.36815	0.52421	0.1252	0.32542	0.3876	0.44591	0.53685	0.44641	0.27735	0.22982	0.54498	0.30047	0.37503	0.26475	0.49485	0.19525	0.37217	-0.1346	1	0.38949	0.26321	0.31031	0.46951	0.43693	0.29534	0.55118	0.42159	0.39592	0.43273	0.21778	0.42428	0.39849	0.50438	0.37381	0.41058	0.54067	0.30686	0.43697	0.24974	0.44265	0.16953	0.18666	0.38817	0.18427	0.29643	0.52052	0.45685	0.2	0.37849	0.32114	0.46184	0.43453	0.37449	0.486	0.32313	0.45159	0.44175	0.58075	0.40514	0.25984	0.11477	0.31141	0.38465	0.36986	0.44276	0.16459	0.35988	0.38126	0.39937	0.3466	0.41921	0.2357	0.38458	0.23647	0.19137	0.39248	0.16176	0.40611	0.36287	0.31333	0.35132	0.3016	0.22743	0.37268	0.34428	0.43338	0.39692	0.40228	0.066839	0.31344	0.30973	0.19767	0.24125	0.35883	0.41231	0.35481	0.43488	0.27008	0.29263	0.31397	0.39175	0.26352	0.40249	0.24963	0.34909	0.37711	0.29226	0.041632	0.46231	0.35376	0.34056	0.47051	0.41603	0.40012	0.44315	0.39247	0.43904	0.33896	0.12018	0.34589	0.22622	0.2993	0.38439	0.38753	0.35728	0.37936	0.47106	0.40449	0.34673	0.18295	0.39604	0.3323	0.48009	0.27923	0.41786	0.1167	0.36859	0.16922	0.39969	0.46855	0.16211	0.36592
0.19125	0.41521	0.12005	0.31628	0.41892	0.024559	0.27204	0.49787	0.43862	0.33501	0.46063	0.3351	0.31336	0.26494	0.29965	0.33862	0.21684	0.4522	0.3208	0.30199	0.015001	0.38949	1	0.18827	0.40056	0.45366	0.47519	0.24992	0.44496	0.47624	0.29312	0.43873	0.25465	0.2947	0.28896	0.429	0.32225	0.31867	0.31955	0.23172	0.30815	0.30643	0.38376	0.12458	0.15454	0.37667	0.19252	0.25862	0.37919	0.40446	0.11071	0.40245	0.36089	0.31336	0.30674	0.48835	0.4499	0.18301	0.3378	0.54671	0.36493	0.30591	0.38575	0.13944	0.24827	0.37525	0.32601	0.33115	0.22133	0.27464	0.36865	0.43335	0.41667	0.34085	0.12565	0.47921	0.094168	0.27327	0.26552	0.17451	0.49416	0.40972	0.2712	0.27009	0.30288	0.18496	0.34978	0.33487	0.34639	0.38186	0.40212	0.097151	0.30632	0.21908	0.031744	0.1695	0.4886	0.32467	0.27092	0.41744	0.30538	0.24216	0.20036	0.27641	0.2165	0.32838	0.36822	0.3166	0.28609	0.20845	0.10707	0.50894	0.51919	0.60508	0.39771	0.49697	0.49982	0.4825	0.4836	0.30164	0.26637	0.12932	0.4845	0.2705	0.15756	0.28314	0.42747	0.42136	0.44942	0.48138	0.45195	0.33301	0.20444	0.28778	0.2512	0.45848	0.1596	0.32093	0.1604	0.29775	0.25933	0.47597	0.29874	0.023268	0.22494
0.24824	0.19459	0.12133	0.19274	0.22143	0.11491	0.074782	0.23782	0.17434	0.20336	0.25689	0.15578	0.10638	0.32215	0.32909	0.26063	0.22082	0.25737	0.14006	0.24622	0.061296	0.26321	0.18827	1	0.24036	0.37113	0.32719	0.22841	0.30816	0.30499	0.23763	0.32345	0.14964	0.22149	0.22328	0.37182	0.23963	0.2329	0.35453	0.20192	0.32363	0.18907	0.34121	0.087198	0.22322	0.30272	0.25647	0.24572	0.2385	0.37664	0.083914	0.19119	0.13003	0.17611	0.26041	0.25414	0.19893	0.2232	0.1602	0.21421	0.24512	0.22703	0.18231	0.081717	0.1859	0.24512	0.2477	0.14161	-0.075775	0.20185	0.26611	0.22092	0.31882	0.18269	0.29095	0.3237	0.15004	0.10397	0.19274	0.25011	0.25786	0.31309	0.12091	0.21528	0.31471	0.17527	0.20334	0.14968	0.23577	0.2236	0.19024	0.1756	0.25892	0.25353	0.12268	0.26048	0.27687	0.26473	0.23537	0.2469	0.27807	0.14356	0.19968	0.27977	0.12917	0.2195	0.18848	0.17261	0.31825	0.17531	-0.048117	0.30686	0.20346	0.28234	0.24075	0.29354	0.27625	0.31744	0.23753	0.26323	0.17686	0.090397	0.29111	0.22561	0.066156	0.29633	0.26771	0.20833	0.15611	0.31613	0.2139	0.25885	0.068386	0.1195	0.17679	0.22489	0.070773	0.2038	0.055855	0.18899	0.26114	0.34486	0.21916	0.0095931	0.24592
0.077134	0.71481	0.084468	0.22894	0.3985	0.01799	0.23851	0.43709	0.38066	0.48269	0.41143	0.41765	0.080005	0.28804	0.22987	0.39743	0.14213	0.46542	0.31197	0.32428	-0.0040186	0.31031	0.40056	0.24036	1	0.48912	0.5799	0.3237	0.36001	0.54787	0.32324	0.41022	0.16144	0.24347	0.36654	0.28058	0.27466	0.38221	0.34698	0.2705	0.20072	0.25524	0.27336	0.070049	0.10985	0.37651	0.18075	0.31784	0.41159	0.47027	0.16152	0.27651	0.2716	0.31228	0.26264	0.31416	0.43062	0.21104	0.42394	0.47869	0.39915	0.25113	0.44591	0.026561	0.28315	0.5694	0.33433	0.33229	0.19107	0.33898	0.41806	0.42916	0.547	0.28446	0.23411	0.37426	0.10908	0.24966	0.28422	0.20236	0.3629	0.46141	0.23631	0.39532	0.19479	0.12731	0.20672	0.26039	0.34127	0.38774	0.42969	0.20761	0.30561	0.21755	0.019372	0.11521	0.40282	0.32685	0.37393	0.47901	0.27051	0.22428	0.21383	0.20693	0.22614	0.38987	0.38933	0.22474	0.16515	0.061493	-0.010205	0.64849	0.35704	0.36292	0.44888	0.45877	0.44935	0.591	0.47602	0.27979	0.226	0.1285	0.34579	0.3015	0.26518	0.35256	0.50064	0.37667	0.40007	0.60146	0.38639	0.28422	0.25534	0.14654	0.33517	0.41708	0.10338	0.37971	0.13083	0.22242	0.27866	0.5938	0.29536	0.037588	0.26549
0.24461	0.48931	0.11947	0.35284	0.41133	0.066202	0.2403	0.456	0.36377	0.53041	0.49736	0.29797	0.23292	0.42112	0.39153	0.44214	0.29367	0.44587	0.23048	0.463	-0.042846	0.46951	0.45366	0.37113	0.48912	1	0.65701	0.38847	0.44545	0.61754	0.37623	0.56619	0.21875	0.39744	0.39024	0.41809	0.39537	0.42673	0.493	0.3681	0.33135	0.36129	0.45602	0.17718	0.18395	0.3752	0.23046	0.27384	0.49101	0.51189	0.057641	0.43015	0.27037	0.38428	0.44553	0.47856	0.59871	0.39089	0.43352	0.56225	0.46087	0.41043	0.3596	0.062912	0.38434	0.51985	0.49989	0.33189	0.15322	0.41754	0.39613	0.3781	0.58789	0.49179	0.27081	0.40892	0.099914	0.20807	0.31794	0.19701	0.46364	0.41935	0.34611	0.45487	0.35201	0.29357	0.393	0.37065	0.49034	0.422	0.48929	0.1404	0.38643	0.3237	0.1147	0.21422	0.53656	0.3899	0.33262	0.4997	0.29697	0.22391	0.23634	0.31554	0.28526	0.39946	0.30882	0.39774	0.36456	0.22907	0.0022551	0.62607	0.42335	0.45169	0.59593	0.50432	0.51858	0.57464	0.54174	0.31179	0.37791	0.16558	0.53109	0.36601	0.21102	0.38774	0.56599	0.47274	0.44314	0.64102	0.39091	0.30965	0.27671	0.31024	0.39485	0.48304	0.1984	0.45907	0.16245	0.3428	0.3614	0.63473	0.39332	0.017685	0.30243
0.2629	0.53979	0.11926	0.39737	0.4262	0.061816	0.21323	0.51945	0.39594	0.44006	0.54532	0.42853	0.32227	0.37629	0.42719	0.49814	0.2873	0.39831	0.32893	0.42274	0.019907	0.43693	0.47519	0.32719	0.5799	0.65701	1	0.39908	0.41886	0.88105	0.43249	0.6719	0.28705	0.34027	0.37578	0.42475	0.45598	0.40085	0.39862	0.34028	0.36921	0.32901	0.50543	0.11653	0.15916	0.41709	0.20757	0.32942	0.38519	0.51609	0.093341	0.43989	0.24613	0.3158	0.41919	0.51068	0.51352	0.36817	0.44894	0.63796	0.42948	0.34453	0.43785	0.1211	0.32129	0.55565	0.48932	0.43277	0.23516	0.41359	0.38271	0.46465	0.8028	0.46001	0.20151	0.44048	0.18639	0.20178	0.39362	0.13765	0.51543	0.50376	0.44977	0.55045	0.29199	0.21605	0.32896	0.29455	0.5372	0.47835	0.473	0.16747	0.39963	0.27954	0.10275	0.23848	0.54659	0.32293	0.38671	0.47789	0.25496	0.22663	0.21762	0.36415	0.27192	0.40672	0.39682	0.34835	0.34776	0.2721	-0.02743	0.71252	0.5914	0.59439	0.55367	0.57479	0.56468	0.82714	0.61967	0.37394	0.3805	0.19541	0.52569	0.37598	0.18434	0.42482	0.51463	0.56223	0.47969	0.86462	0.41205	0.316	0.36251	0.26429	0.35131	0.43928	0.12776	0.44137	0.15391	0.2785	0.41456	0.91898	0.29038	0.099854	0.21563
0.20448	0.32044	0.16714	0.37459	0.35182	-0.011654	0.25402	0.38528	0.24811	0.31954	0.42132	0.31852	0.20224	0.30306	0.34262	0.29342	0.21639	0.33305	0.19268	0.49144	0.021589	0.29534	0.24992	0.22841	0.3237	0.38847	0.39908	1	0.31704	0.36178	0.21977	0.35692	0.24918	0.29553	0.27771	0.36873	0.3591	0.29831	0.31463	0.47722	0.22063	0.20109	0.30336	0.032131	0.068798	0.30103	0.30866	0.1821	0.30763	0.36647	0.19837	0.30272	0.14587	0.36837	0.33435	0.2916	0.28649	0.24345	0.30986	0.32848	0.29062	0.22246	0.33186	0.11928	0.27194	0.27876	0.40575	0.29429	0.11337	0.25769	0.28572	0.25466	0.36776	0.29032	0.1791	0.3058	0.098021	0.14001	0.33724	0.18571	0.27625	0.40022	0.22877	0.2868	0.29322	0.19218	0.25144	0.29113	0.40722	0.26662	0.28163	0.18844	0.35885	0.29015	0.1635	0.1878	0.25961	0.30491	0.36239	0.41283	0.24019	0.33211	0.25559	0.40158	0.22161	0.2983	0.25898	0.1968	0.24116	0.15558	-0.006163	0.35812	0.25691	0.29177	0.3995	0.3033	0.36901	0.38243	0.28144	0.26376	0.2535	0.09958	0.29065	0.24757	0.22087	0.2553	0.4	0.28373	0.29182	0.40309	0.25012	0.34349	0.16454	0.081264	0.26753	0.29909	0.090175	0.23477	0.062501	0.40974	0.1975	0.40003	0.30639	0.032549	0.3929
0.21656	0.38333	0.19967	0.38845	0.43908	0.14718	0.31584	0.48504	0.50744	0.4378	0.41996	0.31979	0.32604	0.48444	0.36929	0.38305	0.33565	0.49789	0.27193	0.42793	-0.054283	0.55118	0.44496	0.30816	0.36001	0.44545	0.41886	0.31704	1	0.3976	0.43481	0.47756	0.21408	0.44066	0.41676	0.56046	0.38455	0.36958	0.55077	0.35021	0.40937	0.25865	0.43426	0.16393	0.15595	0.40463	0.22246	0.32866	0.50506	0.51315	0.18611	0.3808	0.36589	0.43359	0.46071	0.38792	0.47394	0.35528	0.41873	0.44301	0.48313	0.35448	0.35028	0.16587	0.36357	0.42558	0.40961	0.3615	0.23173	0.2786	0.37633	0.42683	0.37289	0.48328	0.1911	0.44227	0.22371	0.13317	0.395	0.24221	0.462	0.40736	0.40767	0.32392	0.47373	0.31534	0.46663	0.30862	0.45761	0.49679	0.45362	0.12695	0.3598	0.33982	0.075032	0.16284	0.43769	0.38576	0.42065	0.50174	0.43403	0.31469	0.32666	0.40607	0.30453	0.40704	0.37986	0.38931	0.44402	0.31038	-0.011613	0.51831	0.39624	0.46057	0.53756	0.44688	0.36303	0.44367	0.4446	0.41893	0.30588	0.093826	0.40559	0.31541	0.28629	0.39733	0.46148	0.37081	0.42616	0.42575	0.3771	0.32097	0.30453	0.31558	0.39083	0.46456	0.25594	0.38972	0.085299	0.43393	0.38745	0.39158	0.4494	0.053486	0.3547
0.23013	0.51814	0.078862	0.41089	0.45697	0.050246	0.186	0.51528	0.36674	0.43194	0.4635	0.47574	0.28653	0.32862	0.36002	0.46136	0.26178	0.40903	0.29649	0.41308	-0.001296	0.42159	0.47624	0.30499	0.54787	0.61754	0.88105	0.36178	0.3976	1	0.40376	0.63173	0.20426	0.31432	0.34324	0.39721	0.40033	0.39322	0.38781	0.34919	0.37009	0.29406	0.45726	0.099007	0.17703	0.40436	0.15813	0.32122	0.369	0.49397	0.10585	0.39836	0.21917	0.31523	0.36972	0.49066	0.51521	0.31857	0.39871	0.59104	0.4471	0.31465	0.36613	0.074269	0.33435	0.50216	0.41823	0.40707	0.2097	0.34667	0.37788	0.42461	0.7231	0.46683	0.17453	0.42216	0.16821	0.17092	0.38298	0.095147	0.50733	0.48958	0.38644	0.50832	0.26715	0.22111	0.27647	0.33795	0.4523	0.44466	0.44399	0.21235	0.36021	0.27662	0.084694	0.26096	0.5321	0.361	0.38568	0.44826	0.28204	0.17594	0.1735	0.3221	0.24984	0.35789	0.41013	0.29003	0.25206	0.19394	-0.012668	0.67178	0.60191	0.60808	0.51909	0.52592	0.57736	0.82884	0.59561	0.35328	0.33527	0.18855	0.53144	0.31986	0.20067	0.39133	0.48433	0.54004	0.46198	0.84753	0.39822	0.33953	0.25246	0.20225	0.34425	0.41787	0.055312	0.40485	0.1274	0.27054	0.3585	0.87338	0.27746	0.091249	0.18955
0.21414	0.26569	0.16562	0.32263	0.37275	0.062097	0.19459	0.34338	0.35239	0.2618	0.29552	0.24819	0.20915	0.47537	0.35954	0.36689	0.21482	0.32651	0.25718	0.31409	0.036427	0.39592	0.29312	0.23763	0.32324	0.37623	0.43249	0.21977	0.43481	0.40376	1	0.408	0.17499	0.30223	0.28339	0.32179	0.26043	0.34218	0.37429	0.26162	0.31881	0.21371	0.31246	0.12847	0.1019	0.34985	0.30118	0.1956	0.41133	0.4329	0.19486	0.36565	0.17832	0.20446	0.39774	0.3183	0.30998	0.32364	0.33503	0.37108	0.46703	0.29119	0.27069	0.048673	0.27436	0.32194	0.35981	0.30953	0.096879	0.3353	0.2317	0.34155	0.35924	0.33844	0.20295	0.38967	0.15429	0.14838	0.22983	0.15671	0.35684	0.27991	0.24751	0.32622	0.26765	0.27938	0.32645	0.11783	0.43609	0.40122	0.30775	0.059896	0.30252	0.36334	0.084291	0.19571	0.28948	0.26875	0.21959	0.42118	0.27236	0.2398	0.18655	0.30349	0.19933	0.24514	0.1141	0.33699	0.28614	0.20372	-0.090261	0.3418	0.27563	0.30629	0.4043	0.39678	0.30682	0.36619	0.27751	0.2983	0.2758	0.0616	0.29369	0.23359	0.14316	0.41387	0.29347	0.37371	0.3331	0.4552	0.24281	0.2874	0.40077	0.26354	0.25339	0.32009	0.21016	0.38643	0.071443	0.29179	0.32059	0.40931	0.36653	0.022292	0.20799
0.37769	0.41356	0.17609	0.34461	0.41047	0.078746	0.25751	0.56662	0.4093	0.41294	0.52533	0.33944	0.41643	0.37627	0.46282	0.45266	0.32496	0.38053	0.30841	0.42105	-0.010704	0.43273	0.43873	0.32345	0.41022	0.56619	0.6719	0.35692	0.47756	0.63173	0.408	1	0.2821	0.38956	0.46155	0.48718	0.44179	0.35842	0.48711	0.35807	0.40486	0.33975	0.58745	0.086406	0.16353	0.40039	0.25274	0.23985	0.42571	0.48638	0.015323	0.43109	0.23655	0.32257	0.49134	0.62384	0.59298	0.40495	0.42798	0.5623	0.42302	0.43646	0.30817	0.15456	0.36785	0.44672	0.4447	0.37918	0.29242	0.45236	0.37922	0.40775	0.57596	0.55144	0.14203	0.51569	0.22551	0.18077	0.40773	0.23893	0.59848	0.36636	0.41299	0.45568	0.30142	0.32413	0.44831	0.33586	0.57175	0.52969	0.49616	0.1162	0.33636	0.27307	0.078118	0.24195	0.75529	0.31386	0.34159	0.36297	0.21556	0.18546	0.31023	0.36478	0.28654	0.42611	0.32911	0.41443	0.38789	0.3159	0.017808	0.63214	0.52914	0.58291	0.5375	0.55283	0.51141	0.60792	0.61399	0.38012	0.3901	0.20418	0.74625	0.45462	0.13267	0.35549	0.45282	0.57414	0.49861	0.69939	0.43346	0.31614	0.36739	0.29014	0.34946	0.4408	0.20582	0.48633	0.14073	0.31432	0.41417	0.63951	0.40033	0.016015	0.20488
0.071489	0.19598	0.18466	0.1399	0.23011	-0.043277	0.13094	0.12246	0.23794	0.21731	0.26277	0.011523	0.335	0.23098	0.17368	0.20723	0.072767	0.20438	0.1323	0.1871	-0.18925	0.21778	0.25465	0.14964	0.16144	0.21875	0.28705	0.24918	0.21408	0.20426	0.17499	0.2821	1	0.18493	0.20421	0.31379	0.16833	0.207	0.2491	0.20081	0.17018	0.15129	0.26958	0.056654	0.074971	0.24699	0.10269	0.092436	0.24405	0.22864	0.14516	0.18113	0.1178	0.25099	0.32687	0.32168	0.23514	0.12988	0.23533	0.21142	0.16213	0.15326	0.14244	0.18613	0.13965	0.2177	0.17129	0.14832	0.15065	0.20279	0.25303	0.19009	0.16485	0.20738	0.074524	0.26954	0.15782	0.10608	0.11868	0.12222	0.19761	0.15035	0.20893	0.25046	0.18981	0.070042	0.13459	0.21086	0.28802	0.16289	0.2168	0.084564	0.24724	0.19556	0.11216	0.085695	0.18653	0.10357	0.2124	0.31279	0.19874	0.20342	0.25125	0.23924	0.089784	0.1558	0.13904	0.17628	0.12519	0.10028	0.092909	0.26394	0.124	0.18097	0.21393	0.17736	0.13053	0.17288	0.21159	0.10834	0.16575	0.065867	0.17014	0.16878	0.12757	0.067078	0.23457	0.12608	0.2058	0.24321	0.19488	0.10095	0.21623	0.14813	0.077203	0.2506	0.021933	0.19414	0.003946	0.22596	0.070176	0.25557	0.21848	0.058853	0.19455
0.20486	0.28783	0.063784	0.25025	0.42579	0.092659	0.2124	0.31762	0.35435	0.3686	0.29866	0.19207	0.23364	0.39085	0.23594	0.38425	0.19918	0.38686	0.21473	0.31566	0.0081099	0.42428	0.2947	0.22149	0.24347	0.39744	0.34027	0.29553	0.44066	0.31432	0.30223	0.38956	0.18493	1	0.38615	0.4634	0.3518	0.33031	0.54944	0.3224	0.28887	0.20523	0.35282	0.14432	0.14368	0.26351	0.11985	0.19174	0.41849	0.34499	0.16473	0.38668	0.20827	0.31871	0.3975	0.34436	0.39027	0.28235	0.23206	0.26832	0.43236	0.38921	0.21436	0.15444	0.23372	0.29405	0.29816	0.25716	0.10745	0.22162	0.38265	0.35142	0.31302	0.33036	0.26469	0.37202	0.1086	0.13072	0.31461	0.020943	0.32328	0.31344	0.30404	0.26623	0.25978	0.26741	0.40527	0.29567	0.45568	0.39741	0.28498	0.051997	0.2461	0.33375	0.1436	0.17783	0.39838	0.37102	0.37141	0.43223	0.22287	0.22622	0.29261	0.37028	0.27125	0.32419	0.21315	0.33947	0.36183	0.18306	0.020654	0.38713	0.27327	0.29954	0.40646	0.26534	0.28206	0.30044	0.3108	0.30783	0.28476	0.09165	0.37012	0.30082	0.2581	0.3355	0.33829	0.2514	0.2598	0.37356	0.34497	0.21859	0.14234	0.23398	0.30541	0.42848	0.23291	0.34828	0.20812	0.40299	0.27113	0.33072	0.40425	0.050892	0.26444
