1	0.18269	0.15334	0.22869	0.11452	0.2158	0.16763	0.17762	0.17092	0.22338	0.23089	0.029218	0.22582	0.232	0.14645	0.20645	0.18698	0.25059	0.11428	0.31551	0.14047	0.18258	0.18362	0.10577	0.20934	0.21006	0.1731	0.193	0.17712	0.18677	0.22158	0.29894	0.17125	0.25495	0.25602	0.15952	0.16858	0.22365	0.16382	0.19759	0.25661	0.19077	0.26437	0.12999	0.13056	0.20412	0.21575	0.16474	0.30101	0.22168	0.24305	0.19317	0.26319	0.24512	0.14059	0.26206	0.19696	0.27007	0.22562	0.18483	0.20228	0.22148	0.23159	0.26762	0.21987	0.094603	0.15719	0.18943	0.19677	0.24352	0.19921	0.16987	0.20081	0.23814	0.060823	0.1682	0.16147	0.23945	0.21356	0.20585	0.21668	0.10113	0.22161	0.077392	0.13833	0.23888	0.11399	0.22916	0.18121	0.2473	0.34546	0.33233	0.24641	0.24775	0.05983	0.19887	0.20062	0.23542	0.11299	0.144	0.16926	0.11809	0.28594	0.21265	0.17607	0.20353	0.22124	0.21497	0.045685	0.26949	0.048385	0.24261	0.13327	0.19084	0.17794	0.2417	0.23197	0.24801	0.21256	0.11008	0.21473	0.079938	0.13764	0.21035	0.17792	0.2174	0.32763	0.18879	0.28337	0.21909	0.2414	0.21787	0.23502	0.28147	0.2436	0.28311	0.18835	0.23151	0.22826	0.17698	0.25609	0.17492	0.23912	0.20002	0.025466
0.18269	1	0.33131	0.24772	0.42389	0.53278	0.078458	0.23782	0.52332	0.54375	0.49598	0.077946	0.45922	0.44582	0.3124	0.34474	0.38937	0.49001	0.24911	0.43971	0.20481	0.52904	0.37348	0.38158	0.82458	0.41788	0.64539	0.38006	0.25124	0.63233	0.5763	0.40749	0.28732	0.52264	0.57426	0.2133	0.40828	0.59587	0.31009	0.48977	0.6442	0.75545	0.37056	0.27685	0.21323	0.43557	0.26723	0.38093	0.63748	0.64602	0.44045	0.28966	0.45018	0.3506	0.42949	0.54168	0.50451	0.47529	0.55358	0.49849	0.62413	0.4815	0.55492	0.50194	0.45153	0.72116	0.48118	0.66699	0.5493	0.3392	0.42485	0.54093	0.67142	0.46502	0.06642	0.39897	0.36167	0.5885	0.5755	0.46797	0.4119	0.52065	0.38053	0.44953	0.29801	0.33149	0.46538	0.51419	0.44481	0.5135	0.65793	0.63583	0.56438	0.44979	0.25489	0.3404	0.54393	0.30456	0.2311	0.43006	0.45743	0.093089	0.58405	0.2745	0.33318	0.45307	0.53395	0.39113	0.24659	0.5013	0.46397	0.68897	0.46954	0.56693	0.5097	0.53637	0.45665	0.69016	0.44964	0.28442	0.49415	0.55289	0.40054	0.36105	0.28356	0.43408	0.70496	0.5753	0.4973	0.61528	0.5714	0.3712	0.57877	0.52252	0.35162	0.62496	0.33306	0.57705	0.50851	0.21909	0.507	0.63068	0.40811	0.32412	0.090703
0.15334	0.33131	1	0.27378	0.3633	0.51134	0.017521	0.2034	0.27532	0.39154	0.26197	0.041597	0.27339	0.45864	0.28103	0.20344	0.35892	0.19179	0.27895	0.33808	0.21378	0.43974	0.25403	0.26193	0.38045	0.3285	0.40593	0.24874	0.21507	0.35978	0.44785	0.32502	0.20067	0.33703	0.43455	0.30111	0.35232	0.43461	0.30494	0.36245	0.3724	0.38307	0.37937	0.1033	0.14757	0.21193	0.21893	0.16924	0.41893	0.417	0.38116	0.088479	0.37694	0.27912	0.24029	0.39473	0.33001	0.43049	0.37054	0.33118	0.36326	0.40781	0.40848	0.44003	0.39146	0.27668	0.23788	0.35733	0.44325	0.1303	0.20202	0.27884	0.37044	0.3488	0.022404	0.41455	0.30454	0.39032	0.44379	0.37554	0.3492	0.35213	0.32352	0.30092	0.26034	0.37857	0.42698	0.473	0.35594	0.39191	0.35044	0.40706	0.45378	0.38666	0.053288	0.27816	0.41802	0.30523	0.136	0.30519	0.35394	0.066571	0.29187	0.13099	0.23852	0.40827	0.30471	0.41654	0.28692	0.44407	0.33971	0.37503	0.19965	0.2727	0.40052	0.37764	0.24492	0.30212	0.31709	0.19035	0.35157	0.36555	0.384	0.31628	0.22311	0.32211	0.4451	0.3368	0.48516	0.37895	0.40689	0.26717	0.41592	0.35341	0.24849	0.47609	0.19247	0.37314	0.52383	0.17634	0.41199	0.32319	0.25486	0.32156	-0.090494
0.22869	0.24772	0.27378	1	0.34211	0.3968	0.32043	0.34838	0.20921	0.41235	0.30837	0.28879	0.36349	0.48904	0.29429	0.28896	0.47837	0.30723	0.37128	0.44827	0.32024	0.42234	0.44045	0.45711	0.35037	0.50965	0.39826	0.33525	0.165	0.36779	0.35339	0.4373	0.36649	0.36174	0.46702	0.29157	0.27688	0.36821	0.33389	0.37575	0.34765	0.41369	0.3897	0.14011	0.21649	0.22128	0.24154	0.37324	0.43573	0.37281	0.342	0.19906	0.45637	0.43878	0.35945	0.46668	0.31061	0.38331	0.44854	0.45204	0.369	0.50354	0.44757	0.49708	0.56762	0.23831	0.25081	0.31742	0.41555	0.37426	0.15803	0.11911	0.37207	0.32661	0.14914	0.46649	0.23853	0.45561	0.54935	0.45603	0.3023	0.3007	0.30843	0.2011	0.23781	0.41192	0.44531	0.37729	0.40596	0.39325	0.3875	0.46448	0.4929	0.55482	0.31686	0.63696	0.38657	0.27042	0.13315	0.33952	0.32576	0.23055	0.32687	0.30813	0.37914	0.43408	0.24336	0.50788	0.31606	0.55401	0.28496	0.35993	0.26282	0.26271	0.43198	0.43958	0.19677	0.34212	0.27232	0.32105	0.35065	0.27785	0.26402	0.34203	0.2844	0.21736	0.40438	0.32686	0.44196	0.41559	0.45319	0.36251	0.37705	0.38089	0.47026	0.44773	0.40829	0.39183	0.50071	0.20918	0.44519	0.29951	0.35516	0.50226	0.046219
0.11452	0.42389	0.3633	0.34211	1	0.48773	0.09974	0.20711	0.37345	0.40556	0.33158	0.14214	0.37696	0.45094	0.2441	0.33214	0.31846	0.37836	0.23787	0.47512	0.26691	0.42124	0.3514	0.32425	0.43904	0.46858	0.48147	0.28158	0.25991	0.48077	0.52893	0.39571	0.1715	0.49614	0.56257	0.3488	0.37696	0.50735	0.30574	0.49998	0.35566	0.52281	0.42647	0.17958	0.17402	0.3693	0.23224	0.3059	0.49788	0.45896	0.41792	0.26218	0.4306	0.36489	0.37569	0.50959	0.33958	0.46434	0.4429	0.39813	0.45485	0.42545	0.41592	0.50815	0.41972	0.32143	0.34571	0.40411	0.474	0.15251	0.25341	0.34882	0.48715	0.37085	0.1649	0.43618	0.33521	0.42809	0.44932	0.36191	0.44384	0.42351	0.34442	0.22391	0.24504	0.35164	0.407	0.43083	0.30522	0.51018	0.45799	0.46169	0.52506	0.37654	0.27182	0.41366	0.45918	0.37358	0.17257	0.38733	0.48103	0.13716	0.30168	0.19763	0.37095	0.35192	0.35628	0.37994	0.23458	0.47459	0.37149	0.48901	0.37256	0.46576	0.50876	0.48788	0.33417	0.48972	0.45292	0.2658	0.48642	0.3585	0.30594	0.28974	0.3553	0.28934	0.49829	0.52209	0.34719	0.52507	0.46199	0.28203	0.48818	0.5106	0.31446	0.51255	0.22239	0.44082	0.49622	0.20544	0.38347	0.38335	0.40107	0.35543	0.10814
0.2158	0.53278	0.51134	0.3968	0.48773	1	0.18151	0.26754	0.39622	0.60893	0.4758	0.12706	0.52574	0.5866	0.35199	0.38502	0.5245	0.42083	0.4157	0.59612	0.34704	0.5787	0.49073	0.47494	0.61019	0.60495	0.64019	0.35163	0.31208	0.60971	0.56308	0.55018	0.43124	0.59455	0.67452	0.3642	0.48884	0.59128	0.4513	0.59636	0.49513	0.64747	0.49335	0.18553	0.23868	0.4277	0.31658	0.36181	0.63208	0.59888	0.49695	0.33067	0.59102	0.51198	0.44341	0.64927	0.44394	0.56542	0.49541	0.48992	0.58832	0.61615	0.56331	0.62732	0.53657	0.44745	0.52297	0.56914	0.64189	0.3255	0.33511	0.43224	0.62792	0.52543	0.017439	0.49326	0.46042	0.53497	0.6411	0.59836	0.50261	0.53642	0.45309	0.4831	0.47915	0.46011	0.59431	0.52131	0.46515	0.5377	0.60882	0.59859	0.58678	0.49311	0.2016	0.46212	0.60459	0.41993	0.19135	0.48107	0.66123	0.21077	0.42277	0.26035	0.43715	0.55662	0.50936	0.56956	0.42303	0.59334	0.52567	0.59541	0.40845	0.37829	0.573	0.60109	0.43878	0.59949	0.51509	0.35277	0.52522	0.47752	0.46584	0.46525	0.47011	0.43914	0.63427	0.53885	0.6395	0.61844	0.63471	0.37057	0.64945	0.57851	0.44439	0.62563	0.28629	0.62453	0.64793	0.26378	0.59529	0.54327	0.49226	0.53214	0.12818
0.16763	0.078458	0.017521	0.32043	0.09974	0.18151	1	0.38577	0.10272	0.2257	0.1572	0.36431	0.17303	0.12172	0.13714	0.3273	0.26951	0.262	0.3477	0.28468	0.18329	0.17101	0.29261	0.24992	0.15184	0.30667	0.064486	0.20437	0.038195	0.096939	0.17778	0.085774	0.094046	0.16325	0.16106	0.18155	0.085098	0.13739	0.077231	0.21604	0.14309	0.081522	0.17643	0.32627	0.22826	0.20837	0.15092	0.37751	0.12287	0.068114	0.19699	0.11316	0.33626	0.31364	0.19554	0.19916	0.18222	0.2021	0.14573	0.22362	0.15117	0.26788	0.19032	0.20145	0.20806	0.093648	0.11078	0.091775	0.25732	0.38516	0.14059	0.0039805	0.14896	0.12174	0.062113	0.16475	0.12023	0.099377	0.25008	0.27006	0.096306	0.28098	0.19134	0.11705	0.23199	0.12982	0.12244	0.12198	0.16358	0.10557	0.10964	0.14959	0.22086	0.42287	0.2756	0.26426	0.20049	0.15207	-0.014138	0.16399	0.17222	0.31304	0.073146	0.28473	0.33531	0.22652	0.18291	0.20486	0.18533	0.27138	0.24556	0.22021	0.31088	0.12971	0.26195	0.19046	0.16991	0.13852	0.24231	0.1467	0.17077	0.17528	-0.0067977	0.15073	0.41603	0.076711	0.12876	0.18104	0.22951	0.13873	0.25455	0.20336	0.1857	0.25345	0.28665	0.16817	0.18665	0.2128	0.16632	0.1977	0.14513	-0.017673	0.23607	0.26284	0.25339
0.17762	0.23782	0.2034	0.34838	0.20711	0.26754	0.38577	1	0.28786	0.31717	0.12426	0.38548	0.19478	0.21951	0.23144	0.28428	0.30121	0.30014	0.25776	0.33812	0.17727	0.25462	0.29222	0.41639	0.25612	0.34596	0.30889	0.26591	0.04604	0.30086	0.17356	0.16116	0.30191	0.2701	0.28366	0.11194	0.15185	0.22736	0.16062	0.26007	0.21503	0.20588	0.25584	0.28646	0.22148	0.29586	0.15318	0.42593	0.19662	0.2459	0.3521	0.2052	0.47887	0.33621	0.2071	0.22856	0.26837	0.31139	0.13115	0.18772	0.18404	0.36312	0.23237	0.21459	0.33151	0.22975	0.25315	0.23949	0.32418	0.41894	0.34487	0.24609	0.32213	0.1884	0.13863	0.28547	0.21433	0.21358	0.44977	0.2599	0.14656	0.54054	0.32124	0.28874	0.34945	0.13174	0.19114	0.21111	0.25026	0.28011	0.20166	0.20632	0.28652	0.40086	0.22048	0.41171	0.28334	0.232	0.11099	0.18724	0.23545	0.28955	0.1714	0.2025	0.35427	0.29919	0.31854	0.26583	0.30349	0.25728	0.42517	0.23628	0.41582	0.22544	0.23552	0.1432	0.42554	0.24048	0.28557	0.22302	0.2275	0.39755	0.13373	0.17182	0.35971	0.067261	0.17148	0.25151	0.34472	0.15801	0.26383	0.26046	0.28128	0.32355	0.32983	0.19228	0.30315	0.32745	0.2776	0.076956	0.29011	0.24645	0.3981	0.35908	0.1006
0.17092	0.52332	0.27532	0.20921	0.37345	0.39622	0.10272	0.28786	1	0.44545	0.32116	0.10512	0.23734	0.34892	0.23543	0.21895	0.26298	0.47771	0.14623	0.41422	0.028947	0.40587	0.33019	0.3881	0.47939	0.36439	0.51857	0.32109	0.1718	0.4867	0.48538	0.28333	0.2815	0.44775	0.43053	0.22968	0.27748	0.41314	0.29183	0.48709	0.42334	0.42212	0.30097	0.16515	0.08956	0.4567	0.20265	0.30455	0.45523	0.47803	0.41539	0.47906	0.33564	0.32059	0.33535	0.42416	0.43824	0.36264	0.41944	0.40831	0.44752	0.47203	0.38512	0.3687	0.33434	0.48156	0.33255	0.53526	0.50059	0.15984	0.63298	0.81615	0.5139	0.36915	0.14489	0.33657	0.33756	0.4316	0.40967	0.35158	0.40952	0.51157	0.33488	0.34907	0.32338	0.30234	0.30383	0.37219	0.24993	0.45594	0.42634	0.4869	0.38144	0.36476	0.28535	0.28301	0.43405	0.26881	0.27492	0.30633	0.47913	0.022996	0.44514	0.22975	0.36044	0.32388	0.48723	0.2869	0.13571	0.36436	0.36573	0.5249	0.58834	0.57737	0.4724	0.44521	0.51537	0.49772	0.44842	0.15299	0.45017	0.46262	0.26373	0.40296	0.27916	0.49765	0.47984	0.62032	0.39597	0.43686	0.43873	0.38662	0.45556	0.42663	0.26236	0.4837	0.18206	0.42758	0.37022	0.10967	0.36836	0.46944	0.34101	0.20182	0.1174
0.22338	0.54375	0.39154	0.41235	0.40556	0.60893	0.2257	0.31717	0.44545	1	0.52858	0.22832	0.457	0.52452	0.34948	0.4503	0.48443	0.44358	0.44779	0.6124	0.22585	0.53781	0.47408	0.5134	0.56408	0.65537	0.54515	0.36789	0.17799	0.5917	0.53055	0.46773	0.3695	0.53089	0.65485	0.27677	0.37924	0.60208	0.35028	0.54343	0.50065	0.60747	0.44516	0.30003	0.24016	0.50033	0.20746	0.44854	0.64762	0.60182	0.4569	0.32215	0.54437	0.48162	0.46792	0.61752	0.49259	0.4877	0.53637	0.53668	0.54565	0.53178	0.60397	0.5655	0.47114	0.5116	0.47047	0.56159	0.68916	0.30387	0.35394	0.44305	0.5707	0.49089	0.092531	0.38611	0.39441	0.56713	0.65222	0.54938	0.44555	0.4638	0.44959	0.39232	0.50441	0.41481	0.55985	0.58796	0.39637	0.47353	0.57802	0.62264	0.53881	0.54372	0.35834	0.51336	0.51621	0.35388	0.23965	0.49418	0.56359	0.16838	0.50181	0.31482	0.46972	0.49059	0.4655	0.49292	0.34654	0.55231	0.52294	0.60176	0.36103	0.41234	0.57625	0.55366	0.38943	0.54635	0.34864	0.3562	0.57032	0.37956	0.33936	0.45594	0.40467	0.39703	0.65035	0.54268	0.60514	0.56676	0.62229	0.31912	0.58932	0.43138	0.47806	0.60924	0.30585	0.52811	0.54953	0.19946	0.54036	0.43226	0.53863	0.5464	0.24417
0.23089	0.49598	0.26197	0.30837	0.33158	0.4758	0.1572	0.12426	0.32116	0.52858	1	0.10992	0.38577	0.40087	0.26769	0.34704	0.42472	0.42663	0.3714	0.50219	0.26668	0.40233	0.45138	0.3753	0.55207	0.45172	0.48564	0.28115	0.24589	0.50888	0.53583	0.54875	0.3106	0.4475	0.55568	0.24777	0.31829	0.50157	0.33178	0.50769	0.51697	0.49815	0.31235	0.3045	0.22143	0.32113	0.17527	0.31195	0.63655	0.4947	0.33119	0.34782	0.38068	0.32932	0.23157	0.53859	0.4306	0.39916	0.53016	0.54678	0.50077	0.33999	0.62958	0.50877	0.35742	0.48973	0.40759	0.51507	0.5232	0.3459	0.28521	0.35273	0.52859	0.43814	0.0525	0.28821	0.33487	0.49473	0.47155	0.46541	0.37446	0.37352	0.30016	0.3537	0.30828	0.26799	0.54058	0.40597	0.41046	0.39472	0.5114	0.57923	0.46513	0.36418	0.22393	0.36537	0.48535	0.33056	0.18032	0.46278	0.52847	0.16602	0.54083	0.30963	0.29481	0.42235	0.44342	0.35951	0.15384	0.50309	0.4113	0.47258	0.31362	0.48104	0.56276	0.5073	0.32018	0.52698	0.44913	0.24882	0.46196	0.41222	0.36194	0.33936	0.34387	0.33196	0.63081	0.41747	0.50001	0.54172	0.63398	0.27087	0.52753	0.40102	0.43247	0.66016	0.26506	0.49479	0.46619	0.15306	0.47247	0.49092	0.3595	0.33581	0.20206
0.029218	0.077946	0.041597	0.28879	0.14214	0.12706	0.36431	0.38548	0.10512	0.22832	0.10992	1	0.043905	0.097328	0.16288	0.36697	0.25937	0.22506	0.27426	0.26205	0.11223	0.027814	0.32037	0.23025	0.12708	0.28003	0.13412	0.18872	-0.0078738	0.16119	0.11069	0.12055	0.066444	0.031902	0.1612	0.05474	0.0098697	0.11413	0.15183	0.16948	0.064974	0.10142	0.071418	0.25359	0.37354	0.19064	0.090584	0.35441	0.1325	0.049992	0.10719	0.1124	0.26219	0.2808	0.15047	0.099738	0.13492	0.1911	0.087131	0.052505	0.072527	0.17182	0.13395	0.10774	0.25373	0.11537	0.24748	0.035172	0.18167	0.34376	0.08934	0.059425	0.19209	0.10533	0.13418	0.068074	0.092449	0.041413	0.22087	0.17077	0.030974	0.30531	0.175	0.15155	0.17857	0.068161	0.16988	0.070154	0.12044	0.1949	0.12473	0.078757	0.13803	0.3419	0.24158	0.37567	0.13896	0.23997	-0.069154	0.1177	0.23308	0.27113	0.067692	0.19533	0.29455	0.13694	0.1316	0.18267	0.21587	0.23897	0.28066	0.18915	0.20862	0.16226	0.24227	0.11402	0.15906	0.13481	0.1195	0.16645	0.13505	0.23747	-0.0016991	0.11598	0.33467	-0.0019668	0.14466	0.12438	0.23466	0.10102	0.19355	0.079619	0.19452	0.17424	0.3235	0.12575	0.21192	0.1668	0.11049	0.059696	0.17757	0.081047	0.22394	0.29278	0.18381
0.22582	0.45922	0.27339	0.36349	0.37696	0.52574	0.17303	0.19478	0.23734	0.457	0.38577	0.043905	1	0.46064	0.23	0.25999	0.30953	0.33571	0.34352	0.48216	0.27109	0.4587	0.44086	0.33554	0.50574	0.46135	0.44832	0.25442	0.18134	0.49521	0.45816	0.51621	0.37125	0.46413	0.53536	0.38368	0.38976	0.53104	0.37201	0.4574	0.41499	0.52258	0.42072	0.1808	0.069742	0.343	0.23536	0.31386	0.54839	0.4977	0.37613	0.11711	0.4173	0.35349	0.38761	0.61923	0.33634	0.41745	0.43129	0.42193	0.43085	0.48451	0.4625	0.50864	0.42863	0.36974	0.38235	0.44944	0.53286	0.19533	0.19052	0.24296	0.44858	0.36357	0.14916	0.38838	0.42004	0.44961	0.48699	0.44411	0.40927	0.36188	0.36117	0.33094	0.24585	0.39487	0.49579	0.44348	0.44065	0.44256	0.52036	0.53796	0.54547	0.40759	0.24612	0.33185	0.49708	0.31385	0.19784	0.37446	0.41404	0.082312	0.35058	0.25616	0.27301	0.43166	0.41735	0.43808	0.28118	0.45557	0.35391	0.47577	0.33587	0.36558	0.39517	0.45623	0.24492	0.52583	0.37411	0.31583	0.43308	0.29654	0.32875	0.32698	0.31392	0.32312	0.53427	0.41392	0.42435	0.54518	0.44761	0.27052	0.46879	0.36271	0.37691	0.51642	0.22272	0.42554	0.51567	0.23491	0.46243	0.38238	0.34546	0.42106	0.05372
0.232	0.44582	0.45864	0.48904	0.45094	0.5866	0.12172	0.21951	0.34892	0.52452	0.40087	0.097328	0.46064	1	0.34722	0.3589	0.38372	0.40452	0.35268	0.60726	0.34241	0.46592	0.44672	0.38181	0.50983	0.5148	0.52364	0.46209	0.22884	0.45902	0.52531	0.49573	0.32849	0.46406	0.62853	0.41991	0.46697	0.49888	0.44827	0.51462	0.48796	0.56914	0.49498	0.15432	0.21015	0.41348	0.32067	0.32816	0.60278	0.52866	0.52593	0.27781	0.38984	0.47133	0.41372	0.58653	0.52968	0.5498	0.56273	0.50479	0.52189	0.60734	0.5192	0.60023	0.53344	0.39669	0.41988	0.46486	0.58463	0.22801	0.2677	0.33695	0.51815	0.42832	0.081077	0.50259	0.42177	0.54044	0.53446	0.5641	0.5605	0.32102	0.40666	0.30221	0.33133	0.51391	0.56036	0.55978	0.52135	0.52272	0.50645	0.54854	0.57533	0.48041	0.28721	0.45201	0.53029	0.41146	0.29469	0.47594	0.45396	0.096189	0.45985	0.22056	0.46536	0.4654	0.35489	0.60442	0.26447	0.61229	0.38488	0.55464	0.35933	0.45552	0.51028	0.55312	0.31056	0.4918	0.42516	0.39591	0.52126	0.35202	0.43942	0.50537	0.33068	0.49333	0.59366	0.52066	0.54827	0.59689	0.52289	0.39928	0.57768	0.51715	0.45392	0.58526	0.34488	0.49453	0.62252	0.31274	0.51521	0.4477	0.40381	0.47823	0.14854
0.14645	0.3124	0.28103	0.29429	0.2441	0.35199	0.13714	0.23144	0.23543	0.34948	0.26769	0.16288	0.23	0.34722	1	0.25341	0.32658	0.23922	0.22696	0.32959	0.13229	0.33204	0.31033	0.25008	0.38066	0.34618	0.36635	0.2792	0.016186	0.41248	0.36166	0.31281	0.25136	0.31641	0.37168	0.1116	0.24519	0.28991	0.126	0.31806	0.33743	0.37784	0.32394	0.14844	0.087615	0.23768	0.15707	0.32276	0.37061	0.31433	0.16951	0.15305	0.40424	0.27192	0.20534	0.34107	0.25672	0.23399	0.36201	0.2786	0.3646	0.3329	0.34656	0.368	0.37541	0.38637	0.27019	0.35879	0.33692	0.21423	0.16826	0.25042	0.35818	0.25779	0.019463	0.26711	0.28578	0.35813	0.36371	0.33377	0.18501	0.30438	0.27133	0.28083	0.15043	0.34677	0.30987	0.30176	0.17622	0.25727	0.3271	0.3749	0.33285	0.3578	0.16813	0.30407	0.25788	0.21078	0.21629	0.27332	0.36724	0.17165	0.28567	0.20459	0.20049	0.28	0.26552	0.40249	0.1529	0.36951	0.18976	0.3345	0.28108	0.20957	0.32331	0.36547	0.24099	0.3149	0.27567	0.16901	0.25663	0.37198	0.27216	0.23943	0.26175	0.32358	0.36636	0.36612	0.35495	0.38081	0.38101	0.35125	0.40338	0.36736	0.19433	0.31957	0.30144	0.40467	0.32137	0.17121	0.26837	0.27314	0.27528	0.23475	0.16931
0.20645	0.34474	0.20344	0.28896	0.33214	0.38502	0.3273	0.28428	0.21895	0.4503	0.34704	0.36697	0.25999	0.3589	0.25341	1	0.35632	0.41573	0.36432	0.4437	0.25708	0.30822	0.36441	0.27327	0.32765	0.42545	0.32382	0.33081	0.096498	0.28185	0.36192	0.24128	0.18718	0.35731	0.43758	0.22552	0.12732	0.35187	0.20759	0.45987	0.35891	0.36743	0.2994	0.26716	0.41534	0.41249	0.24989	0.44869	0.38556	0.30866	0.23758	0.045557	0.44446	0.36389	0.27832	0.35958	0.2783	0.42583	0.26879	0.28485	0.4015	0.31698	0.39615	0.29771	0.35974	0.2905	0.41869	0.31468	0.42342	0.3796	0.20307	0.23203	0.33448	0.24237	0.13635	0.25956	0.35139	0.3267	0.34237	0.40959	0.26902	0.41905	0.37077	0.16177	0.23351	0.25954	0.39298	0.34848	0.2836	0.33896	0.30948	0.31026	0.38741	0.4446	0.26306	0.43306	0.32745	0.36659	-0.024133	0.24877	0.36388	0.25437	0.27278	0.18787	0.35521	0.33217	0.29768	0.46205	0.27551	0.41039	0.29598	0.38784	0.271	0.28975	0.41682	0.39658	0.17881	0.34104	0.30316	0.31024	0.43448	0.29991	0.23418	0.24102	0.50999	0.2055	0.41937	0.33007	0.4409	0.31043	0.47569	0.11724	0.41132	0.28698	0.3995	0.40029	0.19577	0.32973	0.32416	0.15707	0.35403	0.22342	0.38869	0.38254	0.26683
0.18698	0.38937	0.35892	0.47837	0.31846	0.5245	0.26951	0.30121	0.26298	0.48443	0.42472	0.25937	0.30953	0.38372	0.32658	0.35632	1	0.38729	0.42854	0.45094	0.34392	0.43671	0.40739	0.40555	0.4682	0.56779	0.43189	0.27431	0.1591	0.35071	0.48718	0.41604	0.32248	0.48235	0.4903	0.26663	0.29304	0.4277	0.27846	0.44027	0.39008	0.42169	0.38918	0.23382	0.2733	0.31041	0.32042	0.36553	0.45422	0.38151	0.28394	0.2465	0.47886	0.37967	0.31698	0.51719	0.36233	0.40212	0.38604	0.42591	0.37113	0.45481	0.49627	0.49395	0.51457	0.32927	0.31196	0.31931	0.48383	0.32547	0.27016	0.21188	0.43489	0.38478	0.11859	0.35591	0.38374	0.43439	0.50302	0.42421	0.28345	0.41452	0.3987	0.29513	0.33381	0.35766	0.48728	0.36927	0.35943	0.34031	0.41414	0.42554	0.4559	0.532	0.21726	0.46901	0.45866	0.28759	0.1618	0.52777	0.41258	0.27276	0.32003	0.27083	0.33206	0.4756	0.29879	0.5274	0.25708	0.5437	0.31814	0.39325	0.25228	0.29343	0.53049	0.44384	0.30949	0.32446	0.41373	0.28466	0.43966	0.34905	0.33603	0.32068	0.33008	0.18417	0.51652	0.39466	0.46086	0.42716	0.51172	0.32757	0.44442	0.40778	0.41656	0.52634	0.34279	0.45278	0.52492	0.17482	0.44454	0.35228	0.29794	0.42598	0.13163
0.25059	0.49001	0.19179	0.30723	0.37836	0.42083	0.262	0.30014	0.47771	0.44358	0.42663	0.22506	0.33571	0.40452	0.23922	0.41573	0.38729	1	0.33713	0.49602	0.14775	0.34728	0.43359	0.46575	0.46447	0.41943	0.46903	0.36283	0.16275	0.48961	0.46673	0.33447	0.33762	0.44973	0.51092	0.27158	0.26355	0.50737	0.27339	0.46463	0.48136	0.44592	0.39707	0.31756	0.24933	0.41102	0.19651	0.35135	0.49443	0.44217	0.34627	0.40483	0.42139	0.36373	0.33535	0.47252	0.4406	0.42055	0.47557	0.4418	0.49621	0.45528	0.44794	0.4564	0.33241	0.40866	0.40585	0.49051	0.52066	0.39234	0.47206	0.4423	0.55954	0.32503	0.10978	0.29987	0.31905	0.45558	0.47564	0.40692	0.37207	0.46027	0.46172	0.22417	0.35562	0.32838	0.30495	0.48792	0.37838	0.38847	0.37954	0.47459	0.43187	0.42034	0.21985	0.33496	0.42182	0.31691	0.16242	0.34836	0.43004	0.16957	0.43161	0.24103	0.3595	0.38206	0.4492	0.38625	0.24003	0.47908	0.47422	0.53968	0.51505	0.55388	0.57196	0.56953	0.5133	0.54709	0.49093	0.29028	0.43153	0.37697	0.32757	0.34053	0.30581	0.43938	0.51518	0.49851	0.50316	0.46744	0.48171	0.36571	0.42396	0.41754	0.41936	0.55723	0.23229	0.38422	0.39795	0.19414	0.33117	0.42012	0.44042	0.38443	0.13983
0.11428	0.24911	0.27895	0.37128	0.23787	0.4157	0.3477	0.25776	0.14623	0.44779	0.3714	0.27426	0.34352	0.35268	0.22696	0.36432	0.42854	0.33713	1	0.38715	0.34531	0.29048	0.38619	0.4591	0.2975	0.50853	0.30895	0.27828	0.044708	0.3084	0.32191	0.42908	0.31755	0.30427	0.35357	0.26698	0.24397	0.24529	0.31044	0.36406	0.30129	0.25657	0.28228	0.27805	0.37474	0.25768	0.17319	0.36641	0.38305	0.22006	0.24097	0.1448	0.38112	0.4219	0.25662	0.42002	0.31845	0.2944	0.35371	0.3896	0.30511	0.35119	0.41076	0.40375	0.38902	0.28893	0.34051	0.24575	0.41425	0.28024	0.23684	0.15533	0.30973	0.28413	0.096995	0.2625	0.24786	0.31847	0.39023	0.33134	0.20166	0.25927	0.2712	0.23389	0.24466	0.27644	0.43206	0.28463	0.25438	0.2258	0.35677	0.36819	0.39262	0.42253	0.24862	0.44826	0.37666	0.34539	0.01169	0.35198	0.31188	0.35474	0.28533	0.39668	0.36475	0.39163	0.19563	0.37611	0.26066	0.4085	0.30128	0.32468	0.1806	0.15626	0.43409	0.36526	0.14341	0.30892	0.31484	0.26159	0.32468	0.22529	0.24228	0.31176	0.38538	0.11452	0.36752	0.32836	0.40944	0.34287	0.43863	0.16397	0.34761	0.34286	0.48702	0.39372	0.21514	0.30379	0.34313	0.26893	0.37184	0.19653	0.29413	0.4226	0.26703
0.31551	0.43971	0.33808	0.44827	0.47512	0.59612	0.28468	0.33812	0.41422	0.6124	0.50219	0.26205	0.48216	0.60726	0.32959	0.4437	0.45094	0.49602	0.38715	1	0.30763	0.43745	0.52852	0.47627	0.56272	0.61838	0.49817	0.35452	0.22684	0.53745	0.49097	0.4633	0.37152	0.51877	0.59965	0.36939	0.40765	0.50703	0.47791	0.5207	0.41583	0.54437	0.44631	0.27116	0.21607	0.45092	0.30204	0.44181	0.6111	0.52588	0.5111	0.35841	0.43545	0.5543	0.42144	0.5902	0.42024	0.50756	0.55617	0.52858	0.50988	0.60751	0.51721	0.59351	0.48607	0.41525	0.43759	0.46645	0.60734	0.31471	0.27476	0.34527	0.55094	0.50416	0.21478	0.47691	0.43304	0.50897	0.57585	0.51646	0.43673	0.42905	0.3986	0.30751	0.41426	0.41618	0.46752	0.53047	0.4285	0.57162	0.54496	0.59061	0.57465	0.56912	0.37643	0.50161	0.52905	0.46392	0.27861	0.4667	0.56007	0.2686	0.42794	0.37367	0.49401	0.47723	0.44758	0.50149	0.35302	0.54514	0.46326	0.60548	0.4264	0.48406	0.6162	0.52762	0.38708	0.56686	0.42543	0.40127	0.56685	0.34345	0.39765	0.50324	0.42788	0.37948	0.55361	0.51881	0.59766	0.5765	0.57942	0.36112	0.55171	0.49642	0.55737	0.60745	0.35341	0.50822	0.56789	0.28984	0.49457	0.43383	0.49739	0.53222	0.15845
0.14047	0.20481	0.21378	0.32024	0.26691	0.34704	0.18329	0.17727	0.028947	0.22585	0.26668	0.11223	0.27109	0.34241	0.13229	0.25708	0.34392	0.14775	0.34531	0.30763	1	0.27631	0.28507	0.30202	0.28605	0.36419	0.20608	0.18746	0.056547	0.13669	0.33375	0.31833	0.24015	0.29311	0.34142	0.35221	0.25717	0.27154	0.26132	0.364	0.24446	0.3286	0.25416	0.15027	0.22853	0.16685	0.17554	0.25585	0.33901	0.29106	0.17349	0.1629	0.24953	0.29634	0.21416	0.38511	0.14277	0.29938	0.27348	0.22347	0.27604	0.31551	0.22705	0.34106	0.27241	0.17877	0.23915	0.21435	0.34439	0.22281	0.051183	-0.0084899	0.17915	0.22794	0.16727	0.29059	0.20282	0.33267	0.26706	0.24945	0.20729	0.21556	0.27558	-0.014564	0.1667	0.22703	0.35836	0.26851	0.23699	0.23179	0.27829	0.29921	0.40573	0.34232	0.051747	0.27628	0.30809	0.20662	-0.10419	0.31378	0.24287	0.30837	0.22081	0.13734	0.28665	0.29658	0.15433	0.3026	0.24915	0.33733	0.24267	0.26492	0.097866	0.1203	0.23374	0.29185	0.064956	0.24916	0.32635	0.32179	0.26151	0.098366	0.14159	0.23896	0.22035	0.09147	0.3068	0.2224	0.26974	0.27121	0.3135	0.055928	0.4142	0.36045	0.38899	0.29079	0.32284	0.3776	0.29693	0.21399	0.25216	0.066264	0.19982	0.4369	0.1658
0.18258	0.52904	0.43974	0.42234	0.42124	0.5787	0.17101	0.25462	0.40587	0.53781	0.40233	0.027814	0.4587	0.46592	0.33204	0.30822	0.43671	0.34728	0.29048	0.43745	0.27631	1	0.42044	0.39987	0.56461	0.47946	0.59191	0.28531	0.16055	0.54979	0.58508	0.50487	0.40486	0.53632	0.68893	0.27678	0.46566	0.58651	0.35947	0.52589	0.55151	0.57616	0.46691	0.23289	0.10999	0.35333	0.20776	0.32312	0.64633	0.62625	0.42559	0.26876	0.48377	0.29853	0.50962	0.60299	0.36896	0.5074	0.51579	0.48333	0.56355	0.56372	0.56345	0.57875	0.40755	0.46985	0.39438	0.57111	0.5892	0.21392	0.28702	0.41484	0.56492	0.48663	0.097014	0.53282	0.38003	0.55876	0.56464	0.53366	0.41056	0.50847	0.45925	0.28991	0.35387	0.38085	0.56122	0.47978	0.42024	0.50973	0.51953	0.57315	0.56638	0.45663	0.23346	0.4048	0.55463	0.3093	0.18682	0.40392	0.49455	0.15967	0.45422	0.21957	0.32996	0.54748	0.46896	0.46414	0.25694	0.5534	0.41295	0.54412	0.3465	0.39195	0.4743	0.56688	0.41122	0.51233	0.46729	0.29041	0.50505	0.3944	0.43388	0.40971	0.28024	0.37552	0.62332	0.55608	0.56514	0.59597	0.5765	0.3145	0.50938	0.48343	0.3612	0.59982	0.24362	0.52925	0.63783	0.2733	0.5033	0.43962	0.4462	0.38768	0.071668
0.18362	0.37348	0.25403	0.44045	0.3514	0.49073	0.29261	0.29222	0.33019	0.47408	0.45138	0.32037	0.44086	0.44672	0.31033	0.36441	0.40739	0.43359	0.38619	0.52852	0.28507	0.42044	1	0.3895	0.50173	0.45889	0.50042	0.36458	0.15373	0.51028	0.44893	0.51938	0.32202	0.36984	0.52127	0.2826	0.30549	0.45373	0.45357	0.48324	0.44277	0.49393	0.35505	0.30434	0.24393	0.43751	0.24009	0.51822	0.58237	0.43826	0.36996	0.25401	0.42952	0.36288	0.37122	0.54897	0.40945	0.44355	0.51872	0.45493	0.48776	0.48305	0.51964	0.52154	0.44615	0.38691	0.39413	0.43051	0.55136	0.354	0.25104	0.35043	0.51399	0.41899	0.15528	0.40514	0.356	0.43141	0.51873	0.48429	0.3665	0.45668	0.36714	0.36775	0.30288	0.38079	0.46525	0.39046	0.39024	0.45703	0.48408	0.52755	0.54941	0.4545	0.2927	0.39595	0.46802	0.40182	0.078192	0.40751	0.5014	0.19125	0.41185	0.2919	0.42415	0.46339	0.38942	0.44505	0.29202	0.50551	0.48929	0.55817	0.36676	0.40751	0.51386	0.47963	0.34954	0.50244	0.45393	0.32432	0.4741	0.45134	0.339	0.41149	0.41434	0.26321	0.50558	0.47173	0.58172	0.54341	0.52135	0.31438	0.5105	0.44073	0.49396	0.54738	0.39097	0.50798	0.5061	0.15996	0.47617	0.44564	0.3529	0.51028	0.16156
0.10577	0.38158	0.26193	0.45711	0.32425	0.47494	0.24992	0.41639	0.3881	0.5134	0.3753	0.23025	0.33554	0.38181	0.25008	0.27327	0.40555	0.46575	0.4591	0.47627	0.30202	0.39987	0.3895	1	0.42778	0.56044	0.48579	0.26602	0.086101	0.47797	0.36399	0.31184	0.40274	0.39866	0.44611	0.24189	0.24258	0.41006	0.27989	0.36169	0.35122	0.4163	0.33812	0.33593	0.24927	0.33074	0.12394	0.49367	0.45646	0.41757	0.29007	0.29001	0.47563	0.43142	0.27968	0.40077	0.35187	0.33752	0.36734	0.42051	0.44008	0.44311	0.43247	0.46091	0.41903	0.40112	0.38429	0.43297	0.52106	0.38158	0.39838	0.367	0.52403	0.36716	0.023182	0.29205	0.23323	0.44198	0.55077	0.3971	0.20521	0.4816	0.35288	0.34371	0.45519	0.31792	0.39455	0.38462	0.31385	0.3729	0.34883	0.43515	0.36743	0.46974	0.39565	0.42308	0.41554	0.31279	0.25325	0.30894	0.37212	0.3403	0.31697	0.26853	0.48005	0.47634	0.39659	0.32773	0.3401	0.47731	0.46577	0.43875	0.36958	0.31456	0.40468	0.45107	0.36659	0.38572	0.38097	0.22866	0.3472	0.39345	0.31267	0.32536	0.31846	0.21448	0.44538	0.44516	0.41125	0.36473	0.41862	0.31927	0.4159	0.42232	0.55317	0.42282	0.24279	0.48021	0.41105	0.097846	0.37705	0.36698	0.40205	0.57072	0.21449
0.20934	0.82458	0.38045	0.35037	0.43904	0.61019	0.15184	0.25612	0.47939	0.56408	0.55207	0.12708	0.50574	0.50983	0.38066	0.32765	0.4682	0.46447	0.2975	0.56272	0.28605	0.56461	0.50173	0.42778	1	0.5144	0.69399	0.45011	0.26851	0.72508	0.63499	0.51551	0.35767	0.5392	0.65085	0.29669	0.44122	0.63603	0.38175	0.55434	0.64458	0.79609	0.4499	0.30544	0.21718	0.44735	0.29779	0.38012	0.73012	0.71377	0.45968	0.35078	0.48114	0.37894	0.44547	0.63722	0.5352	0.54385	0.62131	0.56191	0.69069	0.58813	0.6342	0.61986	0.49086	0.72679	0.4926	0.70581	0.64187	0.3284	0.35593	0.51397	0.73915	0.51665	0.049648	0.4366	0.43998	0.65686	0.6196	0.56545	0.45785	0.53649	0.40573	0.49753	0.35613	0.4135	0.5679	0.58146	0.49436	0.57809	0.69675	0.67496	0.62539	0.53057	0.32309	0.44257	0.60445	0.40231	0.27938	0.47554	0.56082	0.15204	0.62034	0.31136	0.41293	0.54367	0.57268	0.4574	0.26437	0.59305	0.47535	0.72673	0.49232	0.56215	0.60227	0.61632	0.46456	0.71795	0.51157	0.33637	0.55365	0.56635	0.43716	0.40267	0.32078	0.45545	0.75909	0.59783	0.58324	0.70403	0.63329	0.45414	0.6155	0.59734	0.37841	0.67623	0.36304	0.654	0.59965	0.24483	0.52362	0.64029	0.45231	0.39431	0.098833
0.21006	0.41788	0.3285	0.50965	0.46858	0.60495	0.30667	0.34596	0.36439	0.65537	0.45172	0.28003	0.46135	0.5148	0.34618	0.42545	0.56779	0.41943	0.50853	0.61838	0.36419	0.47946	0.45889	0.56044	0.5144	1	0.48209	0.37449	0.14372	0.46892	0.53932	0.45938	0.38403	0.48169	0.58377	0.35695	0.37208	0.53601	0.3404	0.53699	0.44431	0.52787	0.41778	0.27225	0.29562	0.52256	0.24528	0.51699	0.57911	0.52058	0.37103	0.37178	0.53156	0.52387	0.41532	0.66342	0.40418	0.50285	0.49948	0.51788	0.50698	0.5377	0.56383	0.55788	0.51081	0.4675	0.46869	0.46358	0.66133	0.2704	0.24954	0.33409	0.51557	0.42934	0.097558	0.36856	0.35987	0.53147	0.55231	0.49513	0.37683	0.4384	0.40361	0.30042	0.42375	0.40228	0.51716	0.51846	0.34463	0.51986	0.4817	0.50816	0.49186	0.57545	0.48583	0.52842	0.50292	0.49098	0.19883	0.48826	0.58956	0.31059	0.33228	0.28689	0.56118	0.53817	0.42457	0.48505	0.33059	0.54943	0.39982	0.56644	0.37485	0.33473	0.61215	0.59475	0.26924	0.47588	0.41545	0.38071	0.57249	0.30617	0.37691	0.40026	0.42157	0.31416	0.5566	0.53866	0.51127	0.54512	0.60322	0.27032	0.48674	0.50742	0.56973	0.54203	0.25637	0.50921	0.53452	0.21721	0.49541	0.33762	0.54563	0.58625	0.31389
0.1731	0.64539	0.40593	0.39826	0.48147	0.64019	0.064486	0.30889	0.51857	0.54515	0.48564	0.13412	0.44832	0.52364	0.36635	0.32382	0.43189	0.46903	0.30895	0.49817	0.20608	0.59191	0.50042	0.48579	0.69399	0.48209	1	0.41393	0.30336	0.80157	0.57526	0.51416	0.44497	0.553	0.64144	0.28741	0.43393	0.58677	0.42285	0.594	0.56487	0.68855	0.47672	0.22128	0.20428	0.40768	0.21114	0.35613	0.6497	0.67757	0.43594	0.35478	0.5412	0.37462	0.41138	0.61089	0.50789	0.49651	0.53837	0.48666	0.60796	0.58177	0.60017	0.58989	0.53241	0.53753	0.46858	0.66746	0.62591	0.26582	0.38034	0.59912	0.86843	0.50846	0.081866	0.51517	0.37999	0.56927	0.63957	0.53186	0.45981	0.59904	0.483	0.57861	0.34855	0.38496	0.58469	0.5176	0.5087	0.61937	0.65155	0.59829	0.63335	0.46853	0.27091	0.46196	0.58689	0.32695	0.29077	0.41924	0.59729	0.13557	0.51995	0.20393	0.39109	0.47993	0.51846	0.51232	0.30596	0.58564	0.49207	0.63753	0.49173	0.53713	0.51473	0.61636	0.56139	0.69647	0.53975	0.37405	0.54782	0.66303	0.50672	0.465	0.31934	0.48134	0.64573	0.69229	0.58801	0.75593	0.59502	0.5025	0.60796	0.60908	0.38376	0.66219	0.28115	0.63064	0.61471	0.20142	0.60552	0.83629	0.40793	0.4132	0.018785
0.193	0.38006	0.24874	0.33525	0.28158	0.35163	0.20437	0.26591	0.32109	0.36789	0.28115	0.18872	0.25442	0.46209	0.2792	0.33081	0.27431	0.36283	0.27828	0.35452	0.18746	0.28531	0.36458	0.26602	0.45011	0.37449	0.41393	1	0.1762	0.33328	0.30694	0.26524	0.17475	0.37105	0.39697	0.29081	0.24138	0.36786	0.2324	0.47454	0.40916	0.46645	0.31006	0.23015	0.21158	0.43913	0.30502	0.26154	0.42586	0.37386	0.34819	0.27325	0.41587	0.36711	0.26175	0.39811	0.34152	0.37284	0.44555	0.3872	0.36207	0.38948	0.40828	0.43718	0.41857	0.40201	0.30024	0.38646	0.44268	0.26299	0.22547	0.32549	0.42306	0.2283	0.056772	0.34743	0.29757	0.35121	0.38785	0.43951	0.38176	0.30612	0.27025	0.32687	0.14243	0.40336	0.34957	0.46869	0.40373	0.34982	0.38572	0.33339	0.46361	0.40993	0.13644	0.30053	0.37176	0.30364	0.2425	0.33935	0.42454	0.0778	0.32183	0.16741	0.30036	0.35361	0.42999	0.40445	0.15464	0.45649	0.33762	0.47878	0.38802	0.3606	0.45105	0.39953	0.24281	0.40584	0.28417	0.27254	0.38352	0.39456	0.21856	0.2499	0.36769	0.33204	0.46989	0.41054	0.45123	0.44439	0.46772	0.32886	0.44657	0.37758	0.34907	0.38822	0.28984	0.39187	0.42598	0.32394	0.30264	0.44054	0.41871	0.35229	0.16308
0.17712	0.25124	0.21507	0.165	0.25991	0.31208	0.038195	0.04604	0.1718	0.17799	0.24589	-0.0078738	0.18134	0.22884	0.016186	0.096498	0.1591	0.16275	0.044708	0.22684	0.056547	0.16055	0.15373	0.086101	0.26851	0.14372	0.30336	0.1762	1	0.29259	0.22313	0.23012	0.085689	0.22528	0.28054	0.10739	0.15067	0.23997	0.26645	0.26283	0.20146	0.2663	0.15535	0.092599	0.080094	0.11538	0.25421	0.1092	0.24665	0.28412	0.34538	0.09172	0.1528	0.11545	0.083869	0.2155	0.11227	0.26365	0.19681	0.16341	0.23403	0.13698	0.20726	0.27141	0.24484	0.13687	0.20573	0.27652	0.2278	0.059794	0.13529	0.21684	0.29672	0.24225	0.014623	0.22157	0.1383	0.26199	0.24886	0.23522	0.32509	0.1412	0.092037	0.1282	0.16019	0.24501	0.22754	0.1688	0.2311	0.29866	0.30235	0.23888	0.29442	0.22664	0.13964	0.21503	0.31925	0.20815	0.090243	0.25697	0.25348	0.013046	0.2279	0.037433	0.14925	0.15083	0.31831	0.14584	0.13731	0.26896	0.23381	0.27871	0.20519	0.18206	0.20572	0.28081	0.14465	0.26649	0.24958	0.1929	0.3203	0.16544	0.17637	0.11462	0.083297	0.25637	0.30111	0.28649	0.30776	0.27032	0.23549	0.15823	0.23901	0.21206	0.18086	0.32489	0.10989	0.26113	0.27356	0.19293	0.3018	0.31978	0.23821	0.19134	0.014382
0.18677	0.63233	0.35978	0.36779	0.48077	0.60971	0.096939	0.30086	0.4867	0.5917	0.50888	0.16119	0.49521	0.45902	0.41248	0.28185	0.35071	0.48961	0.3084	0.53745	0.13669	0.54979	0.51028	0.47797	0.72508	0.46892	0.80157	0.33328	0.29259	1	0.57603	0.51931	0.48059	0.50668	0.63761	0.27311	0.40805	0.61456	0.36507	0.52498	0.54711	0.67196	0.4407	0.23854	0.1733	0.37709	0.25226	0.34989	0.66058	0.68072	0.44921	0.32884	0.50843	0.37769	0.38868	0.60391	0.50562	0.51751	0.57978	0.49781	0.66026	0.57775	0.58983	0.6118	0.41717	0.55676	0.45641	0.67925	0.60981	0.28609	0.35501	0.5553	0.84052	0.45551	0.060987	0.44082	0.40507	0.58754	0.66776	0.52532	0.42903	0.57173	0.4275	0.52	0.42251	0.41394	0.50188	0.55828	0.48244	0.58243	0.61303	0.60093	0.6177	0.45079	0.26832	0.4265	0.54137	0.34708	0.29272	0.46399	0.57349	0.19536	0.57122	0.25036	0.40376	0.47327	0.58118	0.42522	0.29011	0.55973	0.55028	0.6474	0.53853	0.52876	0.56552	0.57979	0.55131	0.76106	0.5234	0.34265	0.56291	0.56027	0.46372	0.37378	0.33408	0.47796	0.6485	0.59614	0.59041	0.71997	0.58627	0.40535	0.52515	0.52991	0.35454	0.62719	0.26964	0.5985	0.55387	0.18582	0.55384	0.71101	0.50804	0.38553	0.06322
0.22158	0.5763	0.44785	0.35339	0.52893	0.56308	0.17778	0.17356	0.48538	0.53055	0.53583	0.11069	0.45816	0.52531	0.36166	0.36192	0.48718	0.46673	0.32191	0.49097	0.33375	0.58508	0.44893	0.36399	0.63499	0.53932	0.57526	0.30694	0.22313	0.57603	1	0.49937	0.26274	0.52637	0.71899	0.36961	0.43456	0.57968	0.457	0.55151	0.61863	0.63004	0.45427	0.24104	0.11642	0.43486	0.25226	0.30241	0.67878	0.60997	0.43919	0.28684	0.44391	0.37397	0.44364	0.65264	0.52143	0.56081	0.57944	0.52406	0.61778	0.59941	0.55722	0.60742	0.43989	0.50193	0.40349	0.56037	0.62008	0.23378	0.39308	0.43991	0.60114	0.48779	0.10784	0.46372	0.4773	0.56527	0.50237	0.48619	0.4799	0.42034	0.45598	0.27247	0.29204	0.42688	0.57474	0.48934	0.43061	0.51126	0.57063	0.58825	0.60029	0.47534	0.18931	0.39775	0.58855	0.38678	0.1798	0.44657	0.54345	0.11547	0.48597	0.2179	0.3715	0.49305	0.43062	0.48998	0.3055	0.6252	0.37511	0.63267	0.40526	0.46971	0.55729	0.63761	0.35195	0.57646	0.50725	0.3529	0.54931	0.38609	0.3989	0.42862	0.32469	0.48603	0.68204	0.59486	0.52434	0.64094	0.64106	0.41161	0.5791	0.55062	0.28555	0.70575	0.23092	0.53266	0.59037	0.26606	0.48395	0.48592	0.38561	0.31616	0.1375
0.29894	0.40749	0.32502	0.4373	0.39571	0.55018	0.085774	0.16116	0.28333	0.46773	0.54875	0.12055	0.51621	0.49573	0.31281	0.24128	0.41604	0.33447	0.42908	0.4633	0.31833	0.50487	0.51938	0.31184	0.51551	0.45938	0.51416	0.26524	0.23012	0.51931	0.49937	1	0.40753	0.46566	0.60856	0.30798	0.42478	0.46958	0.35772	0.49212	0.4958	0.52268	0.44751	0.27643	0.20999	0.32747	0.1942	0.311	0.64656	0.49057	0.36196	0.3016	0.44993	0.29937	0.35575	0.6172	0.38424	0.41797	0.53561	0.51059	0.52905	0.44877	0.57034	0.5995	0.51414	0.46177	0.45183	0.50569	0.52399	0.25177	0.23306	0.31205	0.51735	0.49136	0.12072	0.39719	0.35564	0.45664	0.52156	0.44345	0.42013	0.33037	0.31876	0.31321	0.2244	0.35327	0.59552	0.42024	0.38355	0.44143	0.58124	0.61623	0.59131	0.39203	0.20621	0.4319	0.51094	0.35542	0.16385	0.43065	0.50475	0.21936	0.50579	0.33223	0.28248	0.44097	0.39424	0.49221	0.26021	0.55063	0.40058	0.4858	0.26034	0.39908	0.44962	0.48905	0.28764	0.55231	0.41519	0.35827	0.44433	0.39839	0.40153	0.3434	0.34795	0.29476	0.58319	0.42885	0.52338	0.58069	0.62623	0.31385	0.50379	0.51095	0.37849	0.62658	0.34644	0.51935	0.54932	0.2395	0.52113	0.45976	0.31014	0.50259	0.13233
0.17125	0.28732	0.20067	0.36649	0.1715	0.43124	0.094046	0.30191	0.2815	0.3695	0.3106	0.066444	0.37125	0.32849	0.25136	0.18718	0.32248	0.33762	0.31755	0.37152	0.24015	0.40486	0.32202	0.40274	0.35767	0.38403	0.44497	0.17475	0.085689	0.48059	0.26274	0.40753	1	0.39468	0.36917	0.26147	0.27065	0.33786	0.24575	0.34384	0.33479	0.34672	0.30097	0.15652	0.10644	0.28205	0.17696	0.24446	0.38165	0.40768	0.25638	0.33775	0.35451	0.21509	0.25071	0.39706	0.33956	0.24954	0.33171	0.39382	0.32516	0.46698	0.40155	0.37766	0.31791	0.27661	0.32515	0.33523	0.41164	0.28514	0.26393	0.33284	0.45235	0.24892	0.12356	0.30013	0.22963	0.37747	0.50169	0.29671	0.27192	0.33983	0.38021	0.31747	0.32106	0.28066	0.39051	0.30209	0.36251	0.34779	0.35399	0.35206	0.40477	0.32003	0.098619	0.33672	0.36605	0.12371	0.17664	0.31498	0.33579	0.19033	0.34191	0.24056	0.16236	0.33385	0.32905	0.36804	0.29817	0.37253	0.40086	0.31706	0.31045	0.32537	0.34667	0.3069	0.33577	0.43899	0.36608	0.30882	0.2826	0.35701	0.3153	0.20752	0.18872	0.28938	0.41622	0.30794	0.46942	0.38916	0.38179	0.19222	0.43296	0.35599	0.33944	0.39389	0.078443	0.35659	0.35349	0.21897	0.38425	0.34998	0.35734	0.34485	0.010237
0.25495	0.52264	0.33703	0.36174	0.49614	0.59455	0.16325	0.2701	0.44775	0.53089	0.4475	0.031902	0.46413	0.46406	0.31641	0.35731	0.48235	0.44973	0.30427	0.51877	0.29311	0.53632	0.36984	0.39866	0.5392	0.48169	0.553	0.37105	0.22528	0.50668	0.52637	0.46566	0.39468	1	0.60538	0.34563	0.36848	0.50849	0.32282	0.57621	0.49429	0.56865	0.50403	0.16815	0.18658	0.39369	0.25988	0.34282	0.58182	0.53895	0.42641	0.34635	0.44367	0.36426	0.40625	0.59175	0.42967	0.50923	0.46041	0.44735	0.55396	0.49379	0.5392	0.57628	0.45764	0.45448	0.38905	0.57495	0.5861	0.26727	0.32956	0.41874	0.52901	0.44093	0.15087	0.43784	0.4244	0.52396	0.52184	0.44889	0.4345	0.43631	0.41557	0.29145	0.3051	0.36458	0.51632	0.48597	0.42952	0.45942	0.54414	0.57765	0.51185	0.48921	0.18375	0.40721	0.51263	0.28327	0.18231	0.40208	0.54537	0.10077	0.41218	0.25402	0.33377	0.41743	0.46096	0.48253	0.18821	0.55622	0.41396	0.50999	0.40551	0.39952	0.48416	0.57094	0.43825	0.52139	0.45387	0.29672	0.50065	0.36791	0.38157	0.35482	0.33564	0.43486	0.59806	0.52387	0.48345	0.55902	0.53111	0.26252	0.55429	0.47832	0.31978	0.62519	0.27177	0.55518	0.54326	0.18416	0.53862	0.45555	0.38993	0.36557	0.12351
