1	0.50686	0.38034	0.44979	0.50785	0.5043	0.41615	0.2754	0.55669	0.4659	0.59357	0.54394	0.48451	0.53778	0.58719	0.46596	0.60754	0.46531	0.3872	0.60066	0.59341	0.49083	0.42832	0.62799	0.58836	0.39395	0.49513	0.41663	0.49565	0.67605	0.46503	0.58917	0.63237	0.1695	0.22696	0.65264	0.43113	0.52555	0.56438	0.42565	0.55879	0.6016	0.26377	0.56268	0.50625	0.4493	0.53576	0.53904	0.6366	0.52744	0.58177	0.42068	0.52898	0.60452	0.52773	0.60579	0.34177	0.35712	0.52318	0.61785	0.4544	0.44709	0.56015	0.70094	0.54966	0.28977	0.57462	0.42402	0.51526	0.58905	0.32082	0.71648	0.43776	0.45313	0.63427	0.5085	0.4487	0.5492	0.68842	0.46446	0.39487	0.59778	0.41834	0.66323	0.50403	0.37666	0.3175	0.42613	0.4866	0.64349	0.56536	0.67825	0.67812	0.45232	0.46432	0.48612	0.19927	0.52183	0.057891	0.50664	0.60557	0.48486	0.61823	0.37986	0.56011	0.48423	0.59879	0.47171	0.51989	0.58256	0.59253	0.43505	0.53069	0.63444	0.62884	0.59142	0.5704	0.55948	0.099083	0.54079	0.17172	0.62482	0.5571	0.50259	0.49755	0.52944	0.6058	0.7745	0.26995	0.59357	0.48292	0.45396	0.54546	0.45826	0.46417	0.61769	0.59057	0.47001	0.37246	0.27619	0.54077	0.51437	0.63219	0.5912	0.35249
0.50686	1	0.40673	0.46038	0.54721	0.45093	0.38564	0.34307	0.51313	0.38694	0.57291	0.53706	0.46532	0.49322	0.54936	0.431	0.60404	0.43169	0.31405	0.55681	0.50148	0.52236	0.40198	0.61984	0.58226	0.51224	0.4752	0.37501	0.45619	0.55003	0.36178	0.50055	0.55814	0.14188	0.24031	0.58069	0.37746	0.53991	0.55283	0.41116	0.56628	0.46785	0.21847	0.46509	0.42198	0.41562	0.47917	0.48639	0.59421	0.44737	0.46496	0.47092	0.49166	0.494	0.48985	0.52738	0.34367	0.30073	0.37572	0.5752	0.47621	0.40545	0.40074	0.61244	0.51062	0.25186	0.57708	0.35644	0.43983	0.55684	0.34009	0.49067	0.38967	0.41716	0.57281	0.49724	0.46977	0.44197	0.59341	0.34391	0.34806	0.56923	0.50248	0.60499	0.46444	0.41825	0.3637	0.40144	0.43864	0.57338	0.49735	0.59902	0.55492	0.55619	0.34752	0.43431	0.18962	0.51664	0.14426	0.45586	0.47961	0.32683	0.54735	0.40942	0.52611	0.3997	0.56968	0.42006	0.49479	0.49104	0.50823	0.41705	0.61922	0.61913	0.5162	0.46568	0.54712	0.49255	0.17055	0.40831	0.12655	0.60194	0.45626	0.43067	0.49718	0.51719	0.55245	0.53592	0.12748	0.48406	0.35728	0.30167	0.54628	0.42626	0.51596	0.48318	0.52448	0.5041	0.39857	0.29064	0.50846	0.42656	0.5751	0.52535	0.27496
0.38034	0.40673	1	0.36486	0.37318	0.38516	0.3663	0.30763	0.35974	0.39683	0.46831	0.4463	0.30493	0.36903	0.42679	0.33783	0.44062	0.41598	0.25149	0.40793	0.41244	0.39154	0.37658	0.41339	0.3339	0.35136	0.26902	0.33387	0.44487	0.44755	0.29673	0.43533	0.45029	0.1176	0.094009	0.41266	0.35446	0.39	0.37003	0.28823	0.40271	0.38319	0.18789	0.40645	0.33129	0.5063	0.51178	0.42565	0.42207	0.39524	0.38839	0.28237	0.363	0.46721	0.38961	0.44265	0.30182	0.35067	0.29808	0.46568	0.45278	0.65605	0.33287	0.4888	0.39328	0.19523	0.4497	0.40855	0.43464	0.4163	0.30252	0.35379	0.36276	0.37767	0.43582	0.38519	0.27286	0.377	0.44276	0.31806	0.34669	0.48575	0.2846	0.46138	0.40736	0.37442	0.31382	0.3223	0.44002	0.47109	0.33872	0.43246	0.49013	0.35548	0.52248	0.36275	0.14804	0.41556	0.065612	0.41322	0.4187	0.26979	0.37912	0.30364	0.36899	0.31071	0.43546	0.28359	0.42348	0.4339	0.3637	0.36873	0.42649	0.4426	0.4875	0.40147	0.43902	0.41201	0.21563	0.32569	0.18644	0.49959	0.37433	0.32017	0.44472	0.32235	0.43444	0.42448	0.13611	0.39204	0.23643	0.18453	0.43448	0.2717	0.46663	0.40835	0.44547	0.39457	0.29657	0.16475	0.39403	0.41841	0.50307	0.48946	0.32474
0.44979	0.46038	0.36486	1	0.44556	0.44113	0.41477	0.29292	0.40551	0.44604	0.50042	0.44681	0.50322	0.58003	0.49509	0.47913	0.53637	0.49654	0.34501	0.4584	0.47928	0.42729	0.47451	0.45239	0.36532	0.35796	0.32014	0.36686	0.44802	0.53031	0.39426	0.47919	0.51121	0.15712	0.21064	0.47058	0.42232	0.49215	0.4622	0.31424	0.43835	0.49252	0.41392	0.41343	0.43838	0.50153	0.62895	0.44304	0.54318	0.3919	0.42248	0.24739	0.46381	0.52641	0.37938	0.4958	0.47611	0.32617	0.47981	0.46561	0.4748	0.43591	0.39821	0.49494	0.52136	0.17546	0.48758	0.48247	0.34739	0.50013	0.31151	0.45676	0.43524	0.38541	0.50965	0.56291	0.41254	0.42387	0.59138	0.3467	0.35116	0.53345	0.37561	0.46874	0.44191	0.49282	0.29256	0.3437	0.42896	0.62904	0.53832	0.50525	0.49462	0.42187	0.4915	0.42038	0.1419	0.47284	0.12177	0.43631	0.49485	0.44671	0.43571	0.38329	0.52855	0.54212	0.54941	0.35062	0.43759	0.43696	0.54775	0.40481	0.40707	0.5356	0.53797	0.43426	0.45967	0.51944	0.12846	0.41117	0.15315	0.56724	0.52605	0.53885	0.40167	0.40612	0.50338	0.49509	0.11984	0.44252	0.45078	0.30132	0.44175	0.4477	0.39791	0.45948	0.43837	0.41726	0.43719	0.27269	0.50138	0.4058	0.55632	0.52729	0.44261
0.50785	0.54721	0.37318	0.44556	1	0.47686	0.36864	0.33635	0.44675	0.374	0.52946	0.56006	0.4598	0.51529	0.56994	0.38044	0.66029	0.3881	0.41099	0.59711	0.56347	0.46954	0.4035	0.47677	0.46371	0.47344	0.46486	0.3746	0.46208	0.52443	0.32485	0.51579	0.58173	0.13113	0.090382	0.54113	0.38367	0.52518	0.60054	0.33816	0.58573	0.58273	0.30836	0.54953	0.56211	0.47178	0.46065	0.5056	0.61664	0.45704	0.49248	0.44233	0.60839	0.52564	0.48862	0.53245	0.31909	0.34756	0.52909	0.59981	0.45486	0.41547	0.44252	0.60295	0.56766	0.26191	0.6273	0.40558	0.46002	0.60494	0.29078	0.5309	0.38969	0.45859	0.56704	0.47805	0.51738	0.40523	0.55489	0.38024	0.33258	0.53154	0.4264	0.53609	0.52114	0.40122	0.37553	0.36769	0.46361	0.55035	0.45349	0.58722	0.52776	0.40688	0.42216	0.46965	0.20613	0.58769	0.048793	0.47477	0.48346	0.43644	0.54232	0.43541	0.54274	0.37362	0.49004	0.3942	0.49399	0.48225	0.45024	0.37874	0.5016	0.53871	0.52022	0.41987	0.58106	0.46235	0.20234	0.48107	0.11308	0.55452	0.46364	0.44489	0.46995	0.48576	0.56346	0.51569	0.18449	0.48677	0.30668	0.47004	0.54399	0.56654	0.42075	0.56037	0.48311	0.48559	0.36456	0.29714	0.47289	0.51859	0.57154	0.60537	0.34405
0.5043	0.45093	0.38516	0.44113	0.47686	1	0.3934	0.40247	0.4993	0.45369	0.61082	0.52699	0.51223	0.52211	0.51881	0.43878	0.58855	0.49622	0.3653	0.55784	0.65962	0.47233	0.46421	0.50634	0.42536	0.42563	0.44879	0.3797	0.55287	0.53435	0.39852	0.54842	0.55137	0.13902	0.16034	0.49245	0.39146	0.46842	0.50312	0.33452	0.48314	0.55674	0.32422	0.4426	0.5185	0.5201	0.57058	0.4804	0.63311	0.48112	0.40605	0.37695	0.51978	0.57628	0.48766	0.52345	0.44357	0.4427	0.44915	0.56177	0.49477	0.50396	0.47236	0.54347	0.74923	0.21281	0.54316	0.49433	0.4601	0.72694	0.38722	0.49749	0.41771	0.45174	0.54466	0.58514	0.48694	0.43165	0.613	0.44551	0.42766	0.54871	0.42868	0.534	0.51765	0.49654	0.36133	0.3989	0.47738	0.61601	0.56331	0.63134	0.50149	0.43457	0.49484	0.38724	0.17636	0.53776	0.016601	0.54085	0.41147	0.36722	0.51923	0.44987	0.56593	0.56697	0.48635	0.37513	0.50674	0.57935	0.56061	0.42018	0.4748	0.5891	0.52446	0.42849	0.5406	0.49031	0.057037	0.34332	0.15226	0.55422	0.54053	0.50555	0.52421	0.43654	0.51561	0.48221	0.13022	0.52492	0.44706	0.44618	0.50134	0.55108	0.48868	0.42998	0.53237	0.46671	0.43442	0.26692	0.52019	0.48511	0.5448	0.57203	0.47288
0.41615	0.38564	0.3663	0.41477	0.36864	0.3934	1	0.28389	0.4278	0.2871	0.43932	0.36298	0.44389	0.43087	0.40829	0.3832	0.37942	0.36697	0.25199	0.40489	0.4205	0.38324	0.46774	0.44921	0.36556	0.31981	0.31071	0.23841	0.38488	0.45046	0.33706	0.39634	0.45851	0.044872	0.10991	0.37722	0.33833	0.32204	0.3892	0.21936	0.37819	0.36481	0.26273	0.32173	0.3463	0.43756	0.4678	0.38458	0.47823	0.36502	0.36488	0.17831	0.37612	0.4449	0.43308	0.39902	0.38894	0.3379	0.37665	0.46612	0.40969	0.45399	0.41189	0.44969	0.41363	0.15833	0.36106	0.32943	0.32129	0.46455	0.26958	0.41397	0.21808	0.40312	0.41692	0.44451	0.3933	0.40477	0.46311	0.29534	0.37889	0.45822	0.30955	0.37484	0.3445	0.38609	0.21378	0.37964	0.32691	0.42741	0.44713	0.45144	0.43297	0.42235	0.40226	0.33169	0.13634	0.40934	0.085672	0.37733	0.39052	0.34354	0.42347	0.31144	0.38771	0.38053	0.47869	0.35463	0.39868	0.39465	0.49572	0.33257	0.41125	0.41863	0.42894	0.3987	0.39278	0.42623	0.18006	0.3472	0.19415	0.42702	0.46093	0.415	0.34424	0.32375	0.3784	0.38243	0.12434	0.38448	0.40835	0.18635	0.36396	0.29073	0.30541	0.36366	0.42302	0.38054	0.39517	0.25551	0.44322	0.41676	0.44681	0.38709	0.37535
0.2754	0.34307	0.30763	0.29292	0.33635	0.40247	0.28389	1	0.40414	0.21355	0.41463	0.52041	0.31518	0.27342	0.39036	0.35286	0.4443	0.34239	0.27991	0.40705	0.41968	0.36534	0.21329	0.39604	0.31786	0.32558	0.31039	0.39507	0.36749	0.42866	0.29803	0.3103	0.43912	0.10516	0.17408	0.38084	0.24479	0.36054	0.36566	0.12575	0.33837	0.40058	0.11357	0.31026	0.34342	0.28971	0.37981	0.37061	0.44396	0.30922	0.3261	0.2604	0.32292	0.40623	0.44332	0.35895	0.19033	0.26026	0.35945	0.41068	0.33647	0.36182	0.27928	0.37731	0.38872	0.18118	0.46515	0.25686	0.35259	0.49124	0.21265	0.34617	0.31596	0.32648	0.39803	0.36844	0.35228	0.33198	0.4636	0.25439	0.17109	0.42974	0.28376	0.38431	0.42707	0.27813	0.32775	0.26826	0.31386	0.40874	0.36634	0.43463	0.37064	0.33838	0.28698	0.30218	0.13046	0.41713	0.12753	0.338	0.36368	0.22387	0.34892	0.333	0.35634	0.25977	0.39563	0.31133	0.32217	0.392	0.3572	0.30167	0.33556	0.4254	0.4052	0.29854	0.35293	0.39592	0.096474	0.31979	0.12799	0.4214	0.29722	0.24964	0.32304	0.37585	0.32594	0.30349	0.15861	0.33129	0.23823	0.33364	0.42491	0.36575	0.3242	0.33068	0.3837	0.38477	0.22847	0.22919	0.38001	0.37803	0.41982	0.38842	0.25857
0.55669	0.51313	0.35974	0.40551	0.44675	0.4993	0.4278	0.40414	1	0.38774	0.63465	0.57749	0.50739	0.46884	0.51694	0.4261	0.62937	0.42831	0.41058	0.56636	0.581	0.80746	0.45138	0.75956	0.70067	0.47788	0.55901	0.45913	0.51191	0.58073	0.39137	0.50296	0.6644	0.20519	0.21017	0.56454	0.41619	0.50962	0.59098	0.47463	0.52831	0.55131	0.24012	0.57901	0.49205	0.43073	0.55153	0.5599	0.62269	0.46524	0.51257	0.43376	0.54803	0.56997	0.58899	0.54262	0.28694	0.36423	0.50348	0.64767	0.48796	0.452	0.47828	0.61778	0.54107	0.24563	0.61482	0.42606	0.52797	0.64052	0.34653	0.54221	0.44282	0.49676	0.61778	0.53725	0.53958	0.51075	0.60138	0.39762	0.38724	0.62418	0.53483	0.57506	0.55741	0.4436	0.37889	0.42806	0.49516	0.56641	0.5355	0.59128	0.62478	0.58927	0.37063	0.42343	0.21151	0.56801	0.13275	0.55054	0.50112	0.40918	0.55241	0.46767	0.51718	0.43911	0.55096	0.49385	0.49592	0.5262	0.53265	0.54581	0.62032	0.57691	0.56136	0.48864	0.5782	0.50806	0.097478	0.42708	0.19637	0.58971	0.47071	0.43619	0.53424	0.52978	0.56149	0.52885	0.17892	0.5669	0.35546	0.40845	0.59997	0.53515	0.42005	0.48712	0.56248	0.52271	0.41233	0.31918	0.48427	0.54328	0.61052	0.5676	0.35953
0.4659	0.38694	0.39683	0.44604	0.374	0.45369	0.2871	0.21355	0.38774	1	0.50683	0.40598	0.46327	0.49607	0.4299	0.4372	0.49051	0.39129	0.33084	0.45445	0.50824	0.36235	0.40042	0.41967	0.37594	0.34957	0.36221	0.32072	0.48299	0.4756	0.32513	0.4102	0.46296	0.1268	0.21539	0.46411	0.39432	0.37001	0.38063	0.31893	0.47246	0.4333	0.31535	0.38694	0.39031	0.41507	0.50163	0.40546	0.46726	0.45412	0.35745	0.30631	0.40427	0.51051	0.43511	0.46241	0.428	0.29884	0.378	0.47481	0.44662	0.40884	0.41066	0.46842	0.47762	0.21484	0.45366	0.40828	0.40225	0.47514	0.37283	0.4446	0.55123	0.4101	0.44256	0.46631	0.33364	0.37133	0.52361	0.33914	0.44808	0.48385	0.30606	0.48146	0.40045	0.34102	0.23365	0.3202	0.3592	0.53126	0.46554	0.51269	0.46384	0.39316	0.3676	0.30878	0.14842	0.47642	0.087794	0.36069	0.39404	0.33761	0.402	0.42132	0.423	0.43886	0.46456	0.32918	0.41731	0.43597	0.47979	0.3692	0.3491	0.47247	0.54336	0.39463	0.4419	0.44703	0.025114	0.33623	0.14776	0.4567	0.50858	0.44039	0.45703	0.35994	0.46768	0.46544	0.1623	0.44477	0.35333	0.29482	0.4388	0.37944	0.39888	0.40297	0.42659	0.427	0.34767	0.26204	0.42701	0.40678	0.51101	0.46317	0.42846
0.59357	0.57291	0.46831	0.50042	0.52946	0.61082	0.43932	0.41463	0.63465	0.50683	1	0.66226	0.59692	0.65234	0.57927	0.49966	0.71004	0.54895	0.47929	0.65951	0.66504	0.64572	0.49513	0.66407	0.60174	0.51295	0.59379	0.48595	0.61286	0.67532	0.46292	0.62665	0.67965	0.18895	0.17854	0.61984	0.51665	0.58378	0.66986	0.4626	0.63837	0.59173	0.37507	0.63136	0.56141	0.58565	0.62768	0.59034	0.69736	0.59575	0.56257	0.49761	0.61549	0.6428	0.63337	0.63206	0.45862	0.39645	0.52861	0.75259	0.59309	0.55329	0.54945	0.6751	0.66615	0.19382	0.70966	0.48099	0.65519	0.77172	0.4466	0.52922	0.50515	0.63685	0.63867	0.62965	0.57481	0.53335	0.73142	0.54833	0.47673	0.7582	0.53377	0.67292	0.66386	0.52042	0.40367	0.48054	0.6108	0.72455	0.64168	0.7155	0.61948	0.55538	0.53136	0.50396	0.21426	0.63775	0.11315	0.62815	0.54478	0.43546	0.59755	0.56885	0.63615	0.60076	0.63859	0.52488	0.59605	0.64588	0.6676	0.56514	0.66318	0.65944	0.65019	0.55171	0.71555	0.6333	-0.0010057	0.42359	0.23196	0.68096	0.58873	0.55626	0.67236	0.5796	0.65504	0.56518	0.21507	0.66292	0.4885	0.4539	0.72364	0.62863	0.57232	0.52674	0.6201	0.59107	0.4677	0.24803	0.63924	0.55306	0.69696	0.65094	0.47599
0.54394	0.53706	0.4463	0.44681	0.56006	0.52699	0.36298	0.52041	0.57749	0.40598	0.66226	1	0.46801	0.5189	0.58124	0.44804	0.66692	0.44728	0.4164	0.62713	0.60799	0.6109	0.44735	0.60959	0.52202	0.54139	0.54257	0.48837	0.52251	0.60381	0.4357	0.58401	0.68214	0.16819	0.17251	0.61453	0.45367	0.54566	0.61177	0.41114	0.60578	0.57904	0.24908	0.63157	0.52008	0.46109	0.52399	0.55526	0.65641	0.49457	0.52508	0.47011	0.54859	0.634	0.58906	0.57671	0.27461	0.34689	0.53023	0.68991	0.53458	0.47511	0.48075	0.63763	0.57114	0.24842	0.7157	0.47555	0.56049	0.67466	0.30326	0.5449	0.40164	0.50516	0.63382	0.50701	0.54317	0.46871	0.64505	0.3891	0.32878	0.60846	0.45857	0.63766	0.54983	0.40614	0.50772	0.4395	0.54657	0.62182	0.50033	0.62401	0.60488	0.51196	0.39104	0.48094	0.21602	0.6043	0.17299	0.56027	0.56837	0.41177	0.56442	0.54775	0.5238	0.42351	0.53538	0.47669	0.54758	0.63339	0.51478	0.53206	0.5858	0.62859	0.60635	0.53741	0.60839	0.5488	0.18223	0.43898	0.15815	0.66187	0.46367	0.39281	0.57725	0.53647	0.59435	0.54505	0.22076	0.61055	0.34279	0.45142	0.58986	0.58342	0.50834	0.60071	0.56518	0.60316	0.34147	0.32647	0.54388	0.55153	0.64909	0.6292	0.39875
0.48451	0.46532	0.30493	0.50322	0.4598	0.51223	0.44389	0.31518	0.50739	0.46327	0.59692	0.46801	1	0.74868	0.59247	0.46455	0.57101	0.51848	0.34396	0.52765	0.57163	0.46554	0.46386	0.51942	0.46247	0.34648	0.39348	0.43708	0.46849	0.58428	0.41156	0.51297	0.55159	0.12308	0.14596	0.51943	0.39673	0.46804	0.51573	0.31401	0.49806	0.47217	0.37533	0.38006	0.42451	0.46778	0.54498	0.5091	0.55737	0.48768	0.46426	0.33882	0.49735	0.57635	0.51918	0.50693	0.40467	0.31128	0.46228	0.56851	0.47133	0.43074	0.51429	0.59797	0.59782	0.2088	0.49171	0.40597	0.47746	0.62301	0.42955	0.46743	0.44766	0.38036	0.51076	0.75322	0.43499	0.47796	0.59981	0.40426	0.47849	0.60782	0.39329	0.53479	0.47975	0.49632	0.30975	0.36036	0.3801	0.64313	0.72775	0.57125	0.46798	0.42814	0.40766	0.37347	0.17133	0.54567	0.066322	0.54608	0.45554	0.44633	0.50883	0.3326	0.75075	0.66585	0.56052	0.41719	0.43559	0.49842	0.73982	0.45146	0.50153	0.52221	0.55001	0.49544	0.54003	0.62981	0.12088	0.4356	0.20152	0.55143	0.70855	0.62198	0.46591	0.42349	0.48612	0.4688	0.12572	0.50806	0.60438	0.35419	0.51214	0.43182	0.36833	0.43509	0.45539	0.48884	0.37581	0.24765	0.66618	0.48519	0.56182	0.52343	0.33269
0.53778	0.49322	0.36903	0.58003	0.51529	0.52211	0.43087	0.27342	0.46884	0.49607	0.65234	0.5189	0.74868	1	0.59506	0.40821	0.64419	0.52478	0.34415	0.56198	0.5381	0.48372	0.46914	0.5298	0.46711	0.37462	0.38851	0.34026	0.48278	0.60109	0.3852	0.53563	0.57795	0.14257	0.16445	0.49396	0.42464	0.49745	0.55729	0.3424	0.54346	0.48004	0.35148	0.44429	0.49677	0.47787	0.54247	0.5027	0.57976	0.55512	0.51936	0.29793	0.55531	0.58646	0.5195	0.51359	0.48545	0.32345	0.41771	0.61149	0.52855	0.43361	0.52782	0.59148	0.6216	0.18943	0.53871	0.48543	0.50543	0.62754	0.44589	0.48704	0.49232	0.5087	0.544	0.72478	0.47168	0.51131	0.65915	0.44287	0.50916	0.59592	0.41309	0.57226	0.54182	0.46249	0.30569	0.37923	0.4048	0.66617	0.762	0.60281	0.522	0.37535	0.45775	0.41405	0.20209	0.58532	0.056803	0.532	0.47256	0.391	0.51489	0.36891	0.7446	0.74899	0.57706	0.39155	0.5061	0.52878	0.76445	0.48136	0.50006	0.5387	0.59435	0.53183	0.55972	0.62632	0.092183	0.42754	0.19393	0.61438	0.73945	0.6966	0.52345	0.41117	0.56223	0.49808	0.12739	0.52695	0.63133	0.40321	0.46821	0.49899	0.45924	0.4578	0.48469	0.52566	0.4148	0.22689	0.66287	0.48661	0.59827	0.59806	0.35045
0.58719	0.54936	0.42679	0.49509	0.56994	0.51881	0.40829	0.39036	0.51694	0.4299	0.57927	0.58124	0.59247	0.59506	1	0.43908	0.66774	0.50841	0.32959	0.63831	0.61	0.50136	0.45769	0.5743	0.5279	0.42875	0.51804	0.412	0.50924	0.68349	0.51909	0.6267	0.62917	0.18735	0.1646	0.58687	0.48483	0.52348	0.55213	0.38739	0.576	0.52072	0.32576	0.53356	0.51157	0.44189	0.50468	0.57283	0.62043	0.50457	0.59821	0.46527	0.54788	0.60252	0.59018	0.56519	0.34666	0.39325	0.50826	0.62375	0.50421	0.44183	0.63538	0.64244	0.56436	0.23867	0.62443	0.40127	0.54098	0.61002	0.4027	0.58647	0.49471	0.42786	0.62876	0.62523	0.51397	0.60328	0.67844	0.39462	0.44478	0.63095	0.42592	0.65804	0.52581	0.45361	0.33855	0.4594	0.46753	0.65738	0.60079	0.63371	0.60303	0.46659	0.44956	0.54641	0.19491	0.5969	0.042814	0.57446	0.58267	0.53206	0.65207	0.41386	0.64697	0.5528	0.66536	0.43439	0.53712	0.5973	0.60914	0.44376	0.52243	0.61878	0.6118	0.59369	0.6122	0.67249	0.11116	0.5831	0.20296	0.62381	0.57996	0.54246	0.56045	0.54686	0.59831	0.60387	0.034507	0.60328	0.54791	0.46736	0.5383	0.5991	0.45461	0.57355	0.57491	0.59783	0.35444	0.3003	0.58237	0.57414	0.61474	0.64361	0.31044
0.46596	0.431	0.33783	0.47913	0.38044	0.43878	0.3832	0.35286	0.4261	0.4372	0.49966	0.44804	0.46455	0.40821	0.43908	1	0.50026	0.44091	0.31306	0.46456	0.44358	0.41358	0.44446	0.47944	0.38778	0.41439	0.3641	0.27495	0.47083	0.4549	0.36582	0.40299	0.46274	0.15482	0.16365	0.43589	0.31165	0.42561	0.39812	0.26456	0.45468	0.48052	0.35773	0.42926	0.40591	0.44284	0.51583	0.44683	0.49167	0.39218	0.31866	0.39637	0.42871	0.47661	0.41011	0.42283	0.39829	0.42228	0.45646	0.50969	0.41537	0.45429	0.34187	0.46131	0.46103	0.26171	0.49777	0.42547	0.3292	0.5143	0.29593	0.37255	0.39725	0.39812	0.47417	0.4601	0.42769	0.38164	0.47748	0.29574	0.28733	0.50365	0.38597	0.46085	0.48163	0.36175	0.34266	0.34001	0.3988	0.50373	0.42068	0.47672	0.45414	0.42932	0.42815	0.32867	0.077359	0.45983	0.097465	0.3987	0.41254	0.35187	0.3939	0.40254	0.38368	0.35312	0.46015	0.43169	0.39224	0.45278	0.43019	0.32414	0.43457	0.46146	0.45916	0.32851	0.4393	0.41617	0.15826	0.31863	0.17118	0.50911	0.43634	0.33958	0.40341	0.3578	0.42456	0.43593	0.039909	0.47977	0.31598	0.33762	0.4838	0.45566	0.41491	0.45352	0.44502	0.43009	0.37242	0.30722	0.51155	0.4143	0.48923	0.48528	0.47335
0.60754	0.60404	0.44062	0.53637	0.66029	0.58855	0.37942	0.4443	0.62937	0.49051	0.71004	0.66692	0.57101	0.64419	0.66774	0.50026	1	0.56608	0.43092	0.70935	0.69	0.59846	0.50916	0.63372	0.58921	0.52764	0.59095	0.51757	0.59099	0.69755	0.48372	0.66	0.69401	0.20096	0.16624	0.67221	0.52998	0.61407	0.70884	0.47186	0.68661	0.70156	0.37371	0.63189	0.63883	0.49478	0.57538	0.65986	0.7868	0.57855	0.64331	0.52466	0.66227	0.61414	0.59919	0.62178	0.40845	0.43379	0.62446	0.67306	0.55896	0.46087	0.54474	0.71719	0.66502	0.29322	0.74826	0.47955	0.55348	0.76534	0.37601	0.61753	0.56389	0.53799	0.6859	0.63401	0.62918	0.55056	0.72118	0.4957	0.44639	0.66286	0.55311	0.69738	0.62796	0.4999	0.41358	0.47381	0.5019	0.72199	0.64106	0.76403	0.65627	0.51153	0.44387	0.57406	0.2452	0.69727	0.075134	0.66614	0.60736	0.4925	0.69448	0.55896	0.60639	0.4916	0.66752	0.52509	0.60935	0.65933	0.59908	0.56044	0.60824	0.69707	0.67145	0.5962	0.70269	0.61731	0.066979	0.53418	0.19348	0.69658	0.59545	0.53922	0.59855	0.66069	0.66941	0.65042	0.20097	0.69475	0.44069	0.54313	0.65937	0.68251	0.59215	0.63947	0.6281	0.63846	0.40589	0.34913	0.60348	0.61383	0.71815	0.73797	0.4283
0.46531	0.43169	0.41598	0.49654	0.3881	0.49622	0.36697	0.34239	0.42831	0.39129	0.54895	0.44728	0.51848	0.52478	0.50841	0.44091	0.56608	1	0.31685	0.45833	0.49116	0.39884	0.43147	0.48886	0.35915	0.35322	0.26483	0.40783	0.44481	0.48234	0.39974	0.46429	0.50303	0.12439	0.20276	0.4205	0.2892	0.40167	0.48067	0.34652	0.46042	0.44353	0.36234	0.41946	0.39818	0.46448	0.60884	0.41546	0.55688	0.42735	0.46736	0.28837	0.44	0.44341	0.46265	0.43281	0.43029	0.31848	0.41568	0.55997	0.41332	0.51567	0.43438	0.49119	0.50223	0.21216	0.46735	0.48199	0.43037	0.55274	0.36676	0.42195	0.37102	0.38796	0.4328	0.52023	0.38231	0.45482	0.56058	0.29242	0.32199	0.53464	0.3629	0.49398	0.48705	0.42214	0.27289	0.31	0.41913	0.55908	0.51622	0.5091	0.42021	0.44071	0.51604	0.36274	0.14585	0.46454	0.043531	0.48521	0.45158	0.34438	0.50352	0.3224	0.51554	0.49288	0.48926	0.38667	0.39038	0.50202	0.53888	0.39116	0.42069	0.48398	0.45271	0.47869	0.4908	0.50372	0.14079	0.34526	0.15181	0.47991	0.50138	0.49483	0.4025	0.3232	0.46035	0.45569	0.094662	0.46379	0.41965	0.30085	0.4348	0.42947	0.40009	0.38371	0.44966	0.41593	0.3777	0.19125	0.57043	0.4107	0.53395	0.40789	0.47594
0.3872	0.31405	0.25149	0.34501	0.41099	0.3653	0.25199	0.27991	0.41058	0.33084	0.47929	0.4164	0.34396	0.34415	0.32959	0.31306	0.43092	0.31685	1	0.3958	0.42745	0.38507	0.37733	0.43892	0.39967	0.32188	0.39263	0.33761	0.40544	0.41175	0.28733	0.40484	0.45184	0.070416	0.045948	0.39334	0.30376	0.29384	0.37892	0.24793	0.41091	0.50789	0.13377	0.38099	0.46165	0.3004	0.378	0.31942	0.43739	0.35799	0.32892	0.28693	0.43905	0.35895	0.28608	0.31447	0.24998	0.2257	0.48179	0.35948	0.27867	0.25179	0.3423	0.41627	0.40911	0.062246	0.41667	0.31613	0.3685	0.4961	0.19537	0.36334	0.25392	0.36725	0.31732	0.41827	0.43254	0.3147	0.46943	0.31084	0.25574	0.40929	0.32963	0.40371	0.44567	0.29284	0.22986	0.16301	0.32531	0.45342	0.39625	0.3867	0.3852	0.3471	0.34555	0.29303	0.049097	0.44257	0.027776	0.34439	0.39186	0.23683	0.36398	0.32714	0.41615	0.32875	0.38727	0.32675	0.39512	0.38764	0.40489	0.33645	0.33483	0.37091	0.40684	0.30135	0.43743	0.36571	0.058446	0.29743	0.096782	0.37888	0.37573	0.39181	0.33404	0.3474	0.37991	0.36099	0.14898	0.40353	0.31395	0.40671	0.40004	0.45429	0.32114	0.35469	0.36017	0.30851	0.32974	0.19815	0.35753	0.33515	0.42016	0.43662	0.23281
0.60066	0.55681	0.40793	0.4584	0.59711	0.55784	0.40489	0.40705	0.56636	0.45445	0.65951	0.62713	0.52765	0.56198	0.63831	0.46456	0.70935	0.45833	0.3958	1	0.63989	0.53888	0.44768	0.59125	0.53174	0.46258	0.61654	0.51274	0.55795	0.65291	0.42349	0.58411	0.61925	0.16862	0.23295	0.64612	0.37256	0.55516	0.65833	0.45635	0.65284	0.66438	0.20807	0.63024	0.58516	0.43529	0.52018	0.63777	0.70365	0.49321	0.59228	0.55391	0.59274	0.56203	0.56196	0.62335	0.38987	0.31946	0.60688	0.64921	0.5326	0.44141	0.50939	0.66774	0.63799	0.23229	0.67557	0.41898	0.54791	0.70432	0.3286	0.56805	0.48255	0.579	0.6981	0.59347	0.62985	0.57057	0.69838	0.5397	0.37883	0.62566	0.49313	0.67511	0.53496	0.42986	0.31835	0.50038	0.48582	0.68007	0.57409	0.68729	0.62443	0.48672	0.40692	0.59924	0.22963	0.64798	0.042397	0.56971	0.58834	0.42321	0.64401	0.54434	0.58422	0.4972	0.61361	0.48572	0.58361	0.57762	0.572	0.43832	0.58745	0.66562	0.6132	0.5354	0.87628	0.63136	0.064628	0.45774	0.15158	0.6276	0.56618	0.51159	0.56995	0.59852	0.64126	0.61152	0.23389	0.59058	0.42695	0.49989	0.61975	0.60314	0.48611	0.57284	0.61528	0.58386	0.33341	0.32519	0.52336	0.56788	0.64182	0.6551	0.35972
0.59341	0.50148	0.41244	0.47928	0.56347	0.65962	0.4205	0.41968	0.581	0.50824	0.66504	0.60799	0.57163	0.5381	0.61	0.44358	0.69	0.49116	0.42745	0.63989	1	0.58356	0.4729	0.63286	0.52243	0.52513	0.57989	0.48234	0.61345	0.69179	0.50677	0.57726	0.66126	0.13701	0.19199	0.6032	0.54352	0.55598	0.61252	0.39289	0.58486	0.66691	0.33214	0.59464	0.5723	0.50275	0.59715	0.55815	0.6936	0.46908	0.56375	0.46497	0.61866	0.63438	0.55643	0.62507	0.36378	0.44215	0.60659	0.64503	0.52647	0.45705	0.60245	0.67206	0.75313	0.18152	0.58946	0.45885	0.56639	0.82743	0.39656	0.6538	0.45966	0.4634	0.64917	0.57585	0.61727	0.50931	0.68764	0.48952	0.41046	0.62695	0.46852	0.63963	0.53167	0.46261	0.39844	0.42238	0.55636	0.68601	0.58918	0.6851	0.62487	0.52664	0.50244	0.52354	0.21655	0.5561	-0.044072	0.56382	0.58551	0.51567	0.63342	0.46628	0.56953	0.51009	0.63701	0.48924	0.52633	0.61115	0.56847	0.4969	0.58496	0.65856	0.64826	0.57153	0.64726	0.58053	0.086184	0.50889	0.16014	0.58432	0.49997	0.48262	0.55785	0.54441	0.59971	0.63314	0.14171	0.59418	0.38058	0.52874	0.64726	0.62256	0.43567	0.63163	0.53883	0.49836	0.36677	0.28427	0.53536	0.60379	0.60924	0.62498	0.47515
0.49083	0.52236	0.39154	0.42729	0.46954	0.47233	0.38324	0.36534	0.80746	0.36235	0.64572	0.6109	0.46554	0.48372	0.50136	0.41358	0.59846	0.39884	0.38507	0.53888	0.58356	1	0.38096	0.72565	0.67638	0.5241	0.49634	0.43954	0.51346	0.56009	0.42912	0.45818	0.66993	0.25692	0.23574	0.55314	0.43749	0.51159	0.60349	0.42802	0.55106	0.52608	0.25449	0.57123	0.49569	0.42716	0.54803	0.50129	0.60825	0.45496	0.53871	0.4171	0.56846	0.57644	0.56766	0.55272	0.27222	0.31593	0.43363	0.64908	0.49622	0.4311	0.51145	0.56527	0.52506	0.22139	0.61502	0.46497	0.48959	0.61235	0.39111	0.47102	0.42106	0.48991	0.57345	0.52252	0.54196	0.46533	0.57077	0.40967	0.36796	0.62104	0.55681	0.5523	0.57212	0.42215	0.41065	0.44276	0.4743	0.53774	0.46215	0.55491	0.57831	0.56154	0.40517	0.46193	0.20268	0.53005	0.13527	0.49467	0.49228	0.44143	0.50635	0.45031	0.48771	0.43529	0.54193	0.48084	0.48737	0.56484	0.51238	0.54931	0.64342	0.55088	0.55912	0.48544	0.55612	0.50642	0.12078	0.43856	0.17661	0.56437	0.4577	0.40915	0.51639	0.53381	0.53103	0.4762	0.13346	0.5141	0.32167	0.41435	0.60542	0.54333	0.45499	0.49725	0.55576	0.51418	0.3815	0.25934	0.48023	0.54828	0.53991	0.53373	0.40623
0.42832	0.40198	0.37658	0.47451	0.4035	0.46421	0.46774	0.21329	0.45138	0.40042	0.49513	0.44735	0.46386	0.46914	0.45769	0.44446	0.50916	0.43147	0.37733	0.44768	0.4729	0.38096	1	0.44542	0.42429	0.37829	0.45852	0.39111	0.49828	0.49666	0.35004	0.47169	0.50781	0.069847	0.023666	0.47734	0.38151	0.37874	0.44524	0.28983	0.48026	0.42349	0.28947	0.41664	0.35731	0.53701	0.51646	0.48713	0.51306	0.40934	0.39889	0.26287	0.41867	0.52534	0.41793	0.42563	0.32641	0.36767	0.42375	0.46752	0.36466	0.44124	0.4377	0.45654	0.4662	0.17886	0.47986	0.51882	0.39786	0.53254	0.25137	0.46866	0.28886	0.39521	0.50927	0.47389	0.38925	0.42723	0.51671	0.3927	0.3482	0.51758	0.28813	0.43699	0.44435	0.35369	0.31863	0.30812	0.41394	0.54744	0.44015	0.51209	0.4756	0.37191	0.40268	0.39216	0.10878	0.52221	0.078415	0.51731	0.45631	0.3696	0.42719	0.39045	0.45012	0.41315	0.51155	0.39129	0.41059	0.50785	0.47328	0.44478	0.38115	0.48062	0.45458	0.4182	0.43226	0.48357	0.16854	0.36789	0.33481	0.55513	0.47295	0.4345	0.44718	0.35425	0.46168	0.43451	0.15368	0.48515	0.39781	0.33958	0.41915	0.45674	0.45047	0.47881	0.46192	0.44893	0.31145	0.21778	0.44499	0.38164	0.56926	0.48725	0.37852
0.62799	0.61984	0.41339	0.45239	0.47677	0.50634	0.44921	0.39604	0.75956	0.41967	0.66407	0.60959	0.51942	0.5298	0.5743	0.47944	0.63372	0.48886	0.43892	0.59125	0.63286	0.72565	0.44542	1	0.72037	0.47941	0.53151	0.45418	0.49978	0.61023	0.41217	0.51911	0.66583	0.18132	0.29915	0.6362	0.43039	0.57532	0.62163	0.4726	0.57284	0.6116	0.34523	0.57174	0.55726	0.4796	0.57266	0.53521	0.65462	0.45815	0.54812	0.4456	0.56966	0.56201	0.5915	0.56979	0.31566	0.42874	0.52596	0.67462	0.4918	0.47129	0.51716	0.67195	0.55665	0.2332	0.65912	0.44372	0.51718	0.63207	0.32855	0.54351	0.44638	0.50409	0.6513	0.50091	0.56931	0.49279	0.64583	0.41155	0.37446	0.64684	0.54595	0.62197	0.53724	0.46762	0.34162	0.39615	0.52696	0.62054	0.5455	0.60961	0.65335	0.64926	0.4352	0.44775	0.20496	0.54015	0.074367	0.50202	0.55607	0.45894	0.58806	0.47437	0.5463	0.43605	0.59003	0.53995	0.50898	0.55584	0.56609	0.49472	0.64478	0.60581	0.59027	0.50782	0.58113	0.51695	0.090005	0.47722	0.16671	0.6495	0.49438	0.42626	0.53587	0.56058	0.561	0.58881	0.14751	0.58766	0.36712	0.43615	0.61423	0.53729	0.51474	0.55183	0.56464	0.55635	0.4603	0.32901	0.52083	0.54395	0.60696	0.57468	0.39142
0.58836	0.58226	0.3339	0.36532	0.46371	0.42536	0.36556	0.31786	0.70067	0.37594	0.60174	0.52202	0.46247	0.46711	0.5279	0.38778	0.58921	0.35915	0.39967	0.53174	0.52243	0.67638	0.42429	0.72037	1	0.48338	0.50334	0.42084	0.48437	0.59834	0.44532	0.51253	0.63087	0.22992	0.25831	0.61831	0.38191	0.54793	0.5766	0.41814	0.53022	0.49706	0.26122	0.53185	0.50187	0.344	0.48328	0.52215	0.56089	0.44108	0.54877	0.45739	0.55299	0.46388	0.52357	0.45992	0.2395	0.28815	0.45159	0.60646	0.478	0.40735	0.526	0.60101	0.46926	0.19708	0.61214	0.33488	0.48359	0.56477	0.29385	0.53473	0.36641	0.46095	0.58641	0.49399	0.52735	0.48487	0.592	0.37755	0.36797	0.59224	0.46313	0.57018	0.46337	0.39923	0.35715	0.3923	0.47833	0.5659	0.48905	0.57984	0.59259	0.54168	0.35773	0.4012	0.14402	0.54868	0.12554	0.528	0.507	0.45839	0.55861	0.45996	0.53496	0.3825	0.56929	0.49888	0.47472	0.55155	0.50971	0.42713	0.57296	0.58336	0.54981	0.51654	0.52255	0.51063	0.094958	0.44243	0.20482	0.57451	0.45606	0.43054	0.56059	0.58319	0.5568	0.54844	0.19558	0.52674	0.37498	0.43673	0.56467	0.50764	0.45822	0.52258	0.62228	0.47601	0.38315	0.30083	0.43217	0.52749	0.57174	0.54625	0.27329
0.39395	0.51224	0.35136	0.35796	0.47344	0.42563	0.31981	0.32558	0.47788	0.34957	0.51295	0.54139	0.34648	0.37462	0.42875	0.41439	0.52764	0.35322	0.32188	0.46258	0.52513	0.5241	0.37829	0.47941	0.48338	1	0.40199	0.4508	0.44353	0.41325	0.3682	0.44045	0.55175	0.098227	0.11606	0.40239	0.34305	0.41214	0.44435	0.35698	0.47089	0.4001	0.23155	0.48058	0.41476	0.37216	0.44657	0.44672	0.47742	0.3364	0.37626	0.42469	0.43629	0.4318	0.51686	0.38969	0.16489	0.31334	0.38731	0.56376	0.32144	0.39653	0.38264	0.48622	0.42647	0.10579	0.57279	0.35682	0.42655	0.53421	0.252	0.40026	0.32152	0.45617	0.47184	0.40065	0.4039	0.33507	0.43685	0.33062	0.21809	0.55506	0.4314	0.48389	0.44249	0.34587	0.47405	0.37289	0.43015	0.46717	0.37726	0.46486	0.44866	0.43958	0.37119	0.34191	0.15831	0.52078	0.0093451	0.43584	0.40521	0.38837	0.39525	0.40718	0.35273	0.3007	0.37436	0.40194	0.38446	0.44038	0.38051	0.3992	0.49535	0.43184	0.44279	0.37172	0.49504	0.38596	0.1988	0.29067	0.1423	0.49795	0.35016	0.31865	0.49061	0.45951	0.45851	0.39818	0.12146	0.50287	0.2172	0.33564	0.50978	0.43247	0.3918	0.45984	0.43061	0.43182	0.2037	0.22875	0.38188	0.45169	0.48488	0.39024	0.33679
0.49513	0.4752	0.26902	0.32014	0.46486	0.44879	0.31071	0.31039	0.55901	0.36221	0.59379	0.54257	0.39348	0.38851	0.51804	0.3641	0.59095	0.26483	0.39263	0.61654	0.57989	0.49634	0.45852	0.53151	0.50334	0.40199	1	0.44024	0.48787	0.56349	0.37775	0.48067	0.56219	0.14743	0.12985	0.54229	0.43161	0.48976	0.50976	0.49712	0.51302	0.51177	0.22514	0.57917	0.44108	0.35786	0.3752	0.48366	0.56994	0.45206	0.50437	0.47895	0.47819	0.51077	0.48201	0.55128	0.19718	0.36206	0.49609	0.53248	0.4338	0.30443	0.47732	0.55089	0.55365	0.16257	0.54543	0.29505	0.47408	0.6208	0.28756	0.52345	0.39223	0.41981	0.56153	0.46129	0.44079	0.45133	0.56162	0.42396	0.32974	0.5196	0.44234	0.54566	0.47493	0.31771	0.37823	0.37219	0.46609	0.50273	0.41617	0.57571	0.54275	0.43564	0.3162	0.51243	0.17135	0.52046	0.11204	0.512	0.49756	0.40781	0.52392	0.46399	0.44844	0.34181	0.57706	0.41739	0.51865	0.54674	0.44317	0.40012	0.48991	0.52917	0.49084	0.41798	0.57008	0.45152	0.016282	0.40248	0.20754	0.51598	0.41751	0.3977	0.54346	0.59813	0.54451	0.48518	0.25446	0.55105	0.32918	0.41176	0.54628	0.5008	0.4677	0.59306	0.44284	0.51035	0.29547	0.32401	0.372	0.44721	0.51566	0.54421	0.19742
0.41663	0.37501	0.33387	0.36686	0.3746	0.3797	0.23841	0.39507	0.45913	0.32072	0.48595	0.48837	0.43708	0.34026	0.412	0.27495	0.51757	0.40783	0.33761	0.51274	0.48234	0.43954	0.39111	0.45418	0.42084	0.4508	0.44024	1	0.41758	0.50504	0.3507	0.42683	0.46104	0.15578	0.10853	0.49105	0.32384	0.44126	0.47049	0.38679	0.43538	0.43519	0.20107	0.44237	0.37969	0.3151	0.37561	0.4914	0.50332	0.36507	0.40057	0.44268	0.37982	0.45932	0.46358	0.40493	0.18443	0.26488	0.40436	0.45236	0.35276	0.40022	0.38501	0.47485	0.40938	0.1576	0.54233	0.28625	0.45059	0.50249	0.271	0.42929	0.34621	0.36706	0.44421	0.39952	0.29379	0.40488	0.46444	0.42154	0.19521	0.4831	0.38955	0.46219	0.39714	0.30069	0.31841	0.32633	0.32237	0.5113	0.42801	0.47194	0.41505	0.40033	0.32876	0.35294	0.13538	0.47653	0.12142	0.46177	0.45259	0.37619	0.4505	0.41335	0.4075	0.29043	0.448	0.40758	0.29481	0.47932	0.38441	0.42099	0.44821	0.47363	0.43486	0.35068	0.55615	0.47018	0.10042	0.3537	0.10005	0.44285	0.37154	0.35598	0.43147	0.44557	0.4689	0.41745	0.2751	0.49649	0.2761	0.33268	0.4784	0.40053	0.28436	0.41331	0.40189	0.49803	0.21682	0.30494	0.40199	0.42231	0.46759	0.44986	0.2732
0.49565	0.45619	0.44487	0.44802	0.46208	0.55287	0.38488	0.36749	0.51191	0.48299	0.61286	0.52251	0.46849	0.48278	0.50924	0.47083	0.59099	0.44481	0.40544	0.55795	0.61345	0.51346	0.49828	0.49978	0.48437	0.44353	0.48787	0.41758	1	0.58275	0.43393	0.48209	0.57047	0.13395	0.24693	0.5213	0.40862	0.49024	0.5577	0.37298	0.53532	0.5343	0.29737	0.53651	0.53786	0.46279	0.59502	0.50562	0.61942	0.45321	0.43816	0.38125	0.57848	0.58182	0.45544	0.55557	0.39212	0.3827	0.44833	0.57462	0.43566	0.46675	0.42139	0.57066	0.58393	0.22989	0.59805	0.4497	0.50734	0.64712	0.30163	0.50026	0.36782	0.45383	0.57484	0.51142	0.48532	0.42132	0.59952	0.42826	0.39757	0.58781	0.41653	0.49929	0.52571	0.38625	0.34403	0.39324	0.46325	0.60025	0.51762	0.59498	0.55699	0.43186	0.43399	0.48858	0.23327	0.57406	0.060227	0.49206	0.4397	0.35693	0.51945	0.4122	0.46537	0.45793	0.49184	0.40657	0.54911	0.53657	0.48818	0.4463	0.46868	0.60374	0.57445	0.46022	0.56049	0.52755	0.093912	0.35198	0.20743	0.58794	0.4508	0.40142	0.55033	0.45192	0.50368	0.5593	0.16975	0.53355	0.37784	0.47961	0.59933	0.54109	0.53027	0.53669	0.58571	0.48795	0.28128	0.23942	0.46792	0.49285	0.62344	0.5948	0.41508
0.67605	0.55003	0.44755	0.53031	0.52443	0.53435	0.45046	0.42866	0.58073	0.4756	0.67532	0.60381	0.58428	0.60109	0.68349	0.4549	0.69755	0.48234	0.41175	0.65291	0.69179	0.56009	0.49666	0.61023	0.59834	0.41325	0.56349	0.50504	0.58275	1	0.55792	0.67583	0.70927	0.18588	0.2025	0.67411	0.51201	0.62613	0.64115	0.38444	0.63854	0.60705	0.30394	0.58128	0.55234	0.45823	0.61866	0.63046	0.69466	0.58445	0.68816	0.45858	0.59466	0.71426	0.55776	0.64276	0.33026	0.3867	0.53621	0.65241	0.56697	0.52979	0.74856	0.72541	0.62824	0.29478	0.65977	0.41204	0.58291	0.70931	0.39206	0.70771	0.45701	0.47343	0.70816	0.57873	0.51957	0.73182	0.79165	0.46415	0.43954	0.66971	0.44241	0.6728	0.5352	0.4789	0.39013	0.49256	0.53578	0.74877	0.62734	0.70677	0.66201	0.49973	0.44809	0.55768	0.15413	0.60112	0.069618	0.60565	0.74155	0.60541	0.68867	0.48026	0.66136	0.53659	0.8082	0.49625	0.56833	0.70873	0.63342	0.52007	0.59132	0.71808	0.68508	0.67811	0.61726	0.73817	0.057439	0.67205	0.24851	0.69389	0.58851	0.58881	0.59623	0.5951	0.6224	0.74379	0.17668	0.63867	0.55749	0.442	0.65563	0.58378	0.52444	0.6699	0.67574	0.59246	0.36415	0.33175	0.56891	0.59741	0.71999	0.653	0.40263
0.46503	0.36178	0.29673	0.39426	0.32485	0.39852	0.33706	0.29803	0.39137	0.32513	0.46292	0.4357	0.41156	0.3852	0.51909	0.36582	0.48372	0.39974	0.28733	0.42349	0.50677	0.42912	0.35004	0.41217	0.44532	0.3682	0.37775	0.3507	0.43393	0.55792	1	0.46972	0.48361	0.13816	0.13293	0.45277	0.35757	0.43125	0.3968	0.17563	0.4252	0.44063	0.26352	0.37496	0.41098	0.3433	0.4145	0.41026	0.5079	0.2884	0.51788	0.33521	0.452	0.46268	0.35353	0.48999	0.28906	0.2925	0.345	0.50459	0.32708	0.35262	0.57802	0.46334	0.44925	0.17513	0.48613	0.33359	0.364	0.51931	0.24638	0.48793	0.27603	0.33169	0.44755	0.49031	0.40481	0.51955	0.53817	0.29622	0.23453	0.50074	0.32227	0.49544	0.3856	0.31302	0.29665	0.41991	0.36101	0.5318	0.35195	0.45482	0.43878	0.373	0.3572	0.39682	0.13664	0.43474	0.06709	0.44007	0.4558	0.51396	0.46808	0.31081	0.38579	0.33064	0.51585	0.4135	0.3684	0.51461	0.41289	0.32466	0.426	0.49115	0.46978	0.45828	0.39286	0.49088	0.19105	0.48208	0.17881	0.46049	0.40177	0.34107	0.43659	0.46151	0.43738	0.48193	0.076532	0.46932	0.33148	0.37066	0.47596	0.41601	0.36816	0.46422	0.47958	0.36424	0.27677	0.23117	0.41877	0.45588	0.48848	0.45432	0.35861
0.58917	0.50055	0.43533	0.47919	0.51579	0.54842	0.39634	0.3103	0.50296	0.4102	0.62665	0.58401	0.51297	0.53563	0.6267	0.40299	0.66	0.46429	0.40484	0.58411	0.57726	0.45818	0.47169	0.51911	0.51253	0.44045	0.48067	0.42683	0.48209	0.67583	0.46972	1	0.59338	0.18709	-0.087461	0.61026	0.50173	0.55403	0.55628	0.40486	0.56514	0.52199	0.3028	0.5191	0.45187	0.50247	0.55559	0.58219	0.65532	0.53845	0.53467	0.46885	0.54256	0.58235	0.45996	0.55316	0.37408	0.39836	0.49814	0.56029	0.41954	0.4531	0.58314	0.64453	0.59336	0.22888	0.62271	0.40262	0.58024	0.64333	0.31407	0.57676	0.41216	0.46403	0.59959	0.54537	0.4638	0.53152	0.68828	0.45733	0.39076	0.56621	0.42308	0.62473	0.51368	0.48884	0.37162	0.39504	0.51491	0.66988	0.5406	0.66824	0.59313	0.45507	0.4038	0.47693	0.22912	0.56085	0.013297	0.65023	0.59312	0.4646	0.62778	0.43727	0.55058	0.46483	0.61811	0.45943	0.57469	0.61019	0.52913	0.43323	0.53769	0.65865	0.58763	0.53274	0.56884	0.55937	0.046316	0.47709	0.20552	0.6095	0.55728	0.49589	0.57474	0.54807	0.56415	0.59801	0.14817	0.61541	0.46178	0.40622	0.58071	0.52738	0.5166	0.53254	0.57589	0.5652	0.38342	0.27172	0.53121	0.52418	0.68206	0.6236	0.36301
0.63237	0.55814	0.45029	0.51121	0.58173	0.55137	0.45851	0.43912	0.6644	0.46296	0.67965	0.68214	0.55159	0.57795	0.62917	0.46274	0.69401	0.50303	0.45184	0.61925	0.66126	0.66993	0.50781	0.66583	0.63087	0.55175	0.56219	0.46104	0.57047	0.70927	0.48361	0.59338	1	0.18721	0.19207	0.65222	0.4293	0.5689	0.63231	0.4314	0.60466	0.5706	0.37139	0.58982	0.51634	0.51173	0.61227	0.58985	0.66431	0.49853	0.61864	0.47307	0.59647	0.64798	0.65368	0.62197	0.29605	0.37857	0.51157	0.69087	0.53986	0.53087	0.58105	0.72068	0.62015	0.26618	0.68115	0.47315	0.58388	0.68847	0.34935	0.61362	0.44437	0.53054	0.66688	0.59311	0.51544	0.56577	0.68349	0.45583	0.40662	0.70969	0.54752	0.7035	0.5528	0.50336	0.51146	0.47435	0.57178	0.66874	0.59357	0.67049	0.65837	0.55933	0.45708	0.52536	0.22542	0.64166	0.078269	0.604	0.61229	0.55603	0.62773	0.54994	0.62852	0.56471	0.65067	0.55043	0.61279	0.66761	0.59059	0.50414	0.66173	0.68947	0.66922	0.57327	0.63295	0.60345	0.20351	0.53115	0.17132	0.71126	0.54901	0.51114	0.62708	0.5565	0.60283	0.64683	0.18881	0.65662	0.46756	0.44	0.6812	0.53946	0.5978	0.60975	0.64724	0.57917	0.41372	0.32686	0.60469	0.58241	0.69654	0.64236	0.40685
0.1695	0.14188	0.1176	0.15712	0.13113	0.13902	0.044872	0.10516	0.20519	0.1268	0.18895	0.16819	0.12308	0.14257	0.18735	0.15482	0.20096	0.12439	0.070416	0.16862	0.13701	0.25692	0.069847	0.18132	0.22992	0.098227	0.14743	0.15578	0.13395	0.18588	0.13816	0.18709	0.18721	1	0.096751	0.20322	0.1633	0.20059	0.1623	0.14741	0.17491	0.233	0.079461	0.19458	0.19868	0.10193	0.11193	0.15682	0.19099	0.12896	0.20943	0.17173	0.17114	0.17288	0.12009	0.18504	0.024388	0.15042	0.1879	0.20697	0.23646	0.14505	0.23592	0.095154	0.14501	0.081926	0.17678	0.15322	0.10144	0.16478	0.19749	0.13106	0.23908	0.12068	0.085184	0.14899	0.1518	0.172	0.13196	0.11192	0.13098	0.19895	0.15666	0.10885	0.20851	0.11024	0.11891	0.11311	0.222	0.12338	0.16635	0.18224	0.13842	0.19788	0.20492	0.14168	0.20022	0.10402	0.18395	0.21579	0.089614	0.10667	0.20984	0.088837	0.13985	0.098963	0.15404	0.18208	0.1805	0.21772	0.13067	0.17142	0.083797	0.18215	0.11194	0.11086	0.14939	0.12328	0.012939	0.081932	0.049402	0.15338	0.16615	0.21187	0.17074	0.1288	0.20852	0.10564	0.17874	0.11182	0.1311	0.21919	0.15029	0.18099	0.19025	0.13022	0.19047	0.12999	0.10895	0.12813	0.084265	0.24243	0.18213	0.21533	0.15437
0.22696	0.24031	0.094009	0.21064	0.090382	0.16034	0.10991	0.17408	0.21017	0.21539	0.17854	0.17251	0.14596	0.16445	0.1646	0.16365	0.16624	0.20276	0.045948	0.23295	0.19199	0.23574	0.023666	0.29915	0.25831	0.11606	0.12985	0.10853	0.24693	0.2025	0.13293	-0.087461	0.19207	0.096751	1	0.19973	0.062477	0.27251	0.17655	0.15795	0.14419	0.20109	0.15066	0.14404	0.18857	0.033207	0.20987	0.087658	0.20954	0.15318	0.14924	0.10818	0.14366	0.21224	0.13941	0.22177	0.10842	0.11955	0.13752	0.2119	0.31312	0.15102	0.13633	0.2	0.17635	0.090997	0.16119	0.10227	0.096724	0.15616	0.096089	0.2239	0.19282	0.10851	0.18486	0.18978	0.15354	0.17127	0.18726	0.096793	0.16424	0.21488	0.16462	0.2286	0.16191	0.15913	0.12492	0.13038	0.14099	0.19943	0.16128	0.21307	0.2068	0.18204	0.1675	0.029724	0.078189	0.15754	-0.021044	-0.071308	0.12137	0.12163	0.18836	0.13129	0.18942	0.14476	0.22097	0.22006	0.18677	0.15441	0.19407	0.11154	0.21257	0.22608	0.14885	0.20176	0.1955	0.14905	0.049897	0.17742	0.062997	0.20922	0.18047	0.12675	0.13073	0.15355	0.15726	0.30143	0.051262	0.079871	0.11611	0.14683	0.20241	0.14361	0.15959	0.18939	0.3256	0.15271	0.11996	0.095792	0.12255	0.11378	0.11031	0.12916	0.10441
