1	0.06739	0.010454	0.040348	0.070359	0.01056	0.10962	0.046937	0.095325	-0.0042489	0.093218	0.013088	0.0046189	0.014259	0.035919	0.061526	0.24242	0.054393	-0.027899	0.033522	0.11953	0.07362	0.089854	0.16368	0.087121	0.19624	0.12383	-0.013301	0.04769	0.13807	0.12408	-0.044401	0.13407	0.19103	0.12395	0.065717	-0.011324	0.098917	-0.0095724	0.055894	0.087947	0.1703	0.081153	0.13694	-0.017625	0.18881	0.0058356	0.15389	0.10042	0.083407	-0.079353	0.091179	0.030793	0.01515	0.074362	0.0047861	0.082973	-0.0038381	0.10583	0.067794	0.10924	0.088586	0.1513	0.19548	0.13002	0.10564	0.12096	0.12344	0.16972	0.13983	0.064624	0.10704	0.11475	0.060478	0.13161	0.071301	0.048647	0.11106	-0.122	0.14676	0.07944	0.083035	0.094747	0.12153	0.11291	0.021745	0.15312	0.0738	0.10743	0.15925	0.13595	0.093079	0.075749	0.026949	0.049832	0.021713	0.092555	0.15144	0.076887	0.12059	0.052558	0.035482	0.064532	0.067158	0.020923	0.18218	0.14132	0.0048551	-0.028845	0.062737	0.11083	0.15255	0.13639	0.039405	0.13134	0.11199	0.010279	0.09443	-0.0054999	-0.0090392	0.17213	0.099357	0.14577	0.16166	0.058795	0.047721	0.034472	0.10874	0.16288	0.092765	0.12234	0.087851	0.05323	0.17302	0.11582	0.11447	0.03866	0.14991	0.054184	-0.085001	0.073501	0.17264	-0.04384	0.058469	0.074773
0.06739	1	0.41215	0.23364	0.33245	0.19409	0.087528	0.19568	0.4524	0.47152	0.36714	0.073604	0.16344	0.20961	0.18261	0.18829	0.34201	0.31869	0.13786	0.28385	0.24472	0.37362	0.30637	0.35257	0.79846	0.44224	0.64383	0.27012	0.079395	0.63194	0.46391	0.44036	0.20866	0.26285	0.38253	0.19806	0.41277	0.58003	0.18989	0.32734	0.46374	0.60711	0.42094	0.099717	0.11377	0.28483	0.21217	0.33603	0.55692	0.56112	0.14873	0.30283	0.3006	0.11267	0.27763	0.42327	0.3594	0.093748	0.56676	0.50177	0.58452	0.32994	0.39664	0.46383	0.37927	0.64724	0.29579	0.66422	0.41319	0.34041	0.28469	0.4579	0.62306	0.43275	0.062879	0.31406	0.16846	0.4025	0.25869	0.35175	0.21821	0.53478	0.22806	0.47826	0.30915	0.22061	0.26867	0.3682	0.17077	0.30564	0.48756	0.42974	0.36461	0.25826	0.20995	0.34039	0.27211	0.37679	0.25711	0.43144	0.20047	0.052378	0.38929	0.16478	0.21508	0.43123	0.59153	0.24297	0.055534	0.32137	0.44963	0.73392	0.44319	0.38861	0.42053	0.61917	0.32812	0.63077	0.26652	0.13958	0.39526	0.6101	0.28329	0.28412	0.31027	0.3519	0.35111	0.318	0.40019	0.44007	0.41054	0.30125	0.13498	0.3963	0.2738	0.45969	0.19953	0.4187	0.3956	0.12835	0.30008	0.64685	0.29909	0.20092	0.15608
0.010454	0.41215	1	0.25795	0.33399	0.11984	0.18297	0.12093	0.35898	0.28669	0.24598	0.18135	0.17292	0.11203	0.18575	0.20452	0.30341	0.15379	0.16797	0.17972	0.092155	0.23177	0.30545	0.28377	0.43288	0.34442	0.36754	0.2153	-0.028683	0.37731	0.29658	0.34889	0.037745	0.26361	0.31003	0.12891	0.30265	0.3953	0.079243	0.29971	0.31071	0.43621	0.23257	0.07087	-0.022055	0.17893	0.10286	0.17937	0.4433	0.37627	0.24644	0.19116	0.27271	0.12285	0.18621	0.38034	0.37925	0.12329	0.40922	0.30671	0.42541	0.29169	0.31723	0.42951	0.4409	0.29264	0.21345	0.4229	0.37453	0.2772	0.22433	0.30768	0.41326	0.28246	0.093091	0.2812	0.11067	0.26503	0.28001	0.26069	0.26072	0.36067	0.15539	0.31706	0.26017	0.23942	0.34044	0.24051	0.2155	0.26722	0.42397	0.36768	0.40597	0.24106	0.17325	0.29846	0.24988	0.29374	0.20474	0.32321	0.20416	0.1337	0.20335	0.19139	0.1436	0.33927	0.32853	0.21654	0.12979	0.20092	0.31144	0.47107	0.2425	0.30557	0.34489	0.41403	0.28272	0.34005	0.20288	0.080207	0.36326	0.35702	0.26821	0.21513	0.26029	0.17602	0.20291	0.25099	0.36189	0.29894	0.32509	0.26445	0.10258	0.53712	0.25849	0.35269	0.19712	0.50861	0.37246	0.10381	0.31113	0.39365	0.3769	0.17819	0.10465
0.040348	0.23364	0.25795	1	0.19376	0.056395	0.13865	0.092637	0.23942	0.21537	0.20917	0.12633	-0.010336	0.073982	0.053109	0.20814	0.21786	0.32363	0.22784	0.21506	0.063137	0.094028	0.25504	0.31456	0.21099	0.2519	0.16867	0.11837	0.12389	0.2265	0.22784	0.29511	0.13984	0.2783	0.32334	0.003107	0.18048	0.20321	0.15675	0.22593	0.19178	0.23496	0.16181	0.16246	0.17275	0.25933	0.1358	0.12119	0.16143	0.26469	-0.0082265	0.19739	0.19284	0.1409	0.13903	0.16103	0.30481	0.12669	0.10848	0.12887	0.17655	0.21514	0.11903	0.30354	0.20171	0.28206	0.23441	0.20847	0.3112	0.2372	0.16811	0.26003	0.26837	0.28983	0.19354	0.15677	0.13499	0.11241	0.13083	0.15772	0.12099	0.26549	0.13681	0.20968	0.1744	0.16236	0.12182	0.23109	0.19866	0.23313	0.13116	0.079848	0.2678	0.18462	0.21314	0.18312	0.17804	0.15196	0.13521	0.10583	0.078561	0.090033	0.17743	0.15617	0.25321	0.17256	0.22396	0.23391	-0.0064674	0.16174	0.16649	0.29821	0.18058	0.109	0.19901	0.1396	0.20436	0.22692	0.10111	0.11729	0.15672	0.3122	0.23598	0.1392	0.23242	0.12626	0.1839	0.12829	0.21894	0.10945	0.14442	0.20522	0.12047	0.37212	0.24722	0.20733	0.19475	0.29237	0.19903	0.11055	0.17785	0.16652	0.21734	0.13628	0.16372
0.070359	0.33245	0.33399	0.19376	1	0.21376	0.049593	0.044967	0.21798	0.22707	0.18879	0.019139	0.014943	0.20228	0.10042	0.11369	0.23432	0.13748	0.1253	0.31021	0.043477	0.26464	0.26673	0.23422	0.35617	0.27337	0.32134	0.18516	0.08511	0.32337	0.23011	0.2373	0.12377	0.28405	0.34753	0.16734	0.22682	0.32232	0.17738	0.2087	0.25941	0.25147	0.23675	0.062324	0.034105	0.22721	0.15788	0.15345	0.33543	0.26441	0.1037	0.13024	0.22792	0.039	0.168	0.2015	0.25003	0.099364	0.37612	0.29949	0.36188	0.19251	0.2151	0.36314	0.23706	0.27865	0.18733	0.28437	0.29236	0.22087	0.13778	0.1778	0.35306	0.23216	-0.019401	0.28779	0.10169	0.24862	0.079969	0.27613	0.25535	0.2195	0.12156	0.26729	0.19287	0.15687	0.23996	0.19615	0.14445	0.2551	0.25997	0.28441	0.226	0.17611	0.19954	0.18882	0.22714	0.14724	0.063837	0.26505	0.14729	0.062039	0.14458	0.16446	0.12762	0.23187	0.30702	0.046916	0.12111	0.11695	0.22557	0.33832	0.17476	0.12711	0.13574	0.27224	0.19592	0.29958	0.13178	0.20958	0.26342	0.25885	0.17405	0.21161	0.16367	0.1327	0.20668	0.11284	0.2332	0.26682	0.21181	0.15426	0.059454	0.34042	0.18367	0.31844	0.10569	0.22352	0.27824	0.091773	0.15272	0.30735	0.23777	0.053885	0.12631
0.01056	0.19409	0.11984	0.056395	0.21376	1	0.039534	0.15745	0.19943	0.12277	0.10985	0.044442	0.077948	0.16601	0.21666	0.10881	0.15739	0.179	0.10035	0.055663	0.1269	0.17943	0.16444	0.21234	0.29691	0.26521	0.31476	0.092066	0.10318	0.36468	0.28016	0.32487	0.10347	0.14312	0.19987	0.19385	0.25749	0.27525	0.15028	0.10361	0.21279	0.37024	0.14112	0.067579	-0.040351	0.1856	0.0076287	0.15491	0.28154	0.25158	0.078269	0.10825	0.21043	0.012085	0.12814	0.18527	0.15185	0.10471	0.26987	0.26733	0.28267	0.14661	0.28945	0.25303	0.26841	0.19792	0.10058	0.24918	0.16904	0.17428	0.222	0.13352	0.26349	0.24212	-0.071652	0.17269	0.11522	0.16926	0.17396	0.092549	0.18301	0.22889	0.17865	0.24083	0.075004	0.16071	0.20457	0.17259	0.19532	0.1661	0.26285	0.31807	0.12981	0.16822	0.051406	0.18685	0.26294	0.11975	0.05785	0.20067	0.12552	-0.0067374	0.055181	0.027878	0.034369	0.22356	0.22594	0.18395	0.07565	0.19799	0.19779	0.27466	0.20182	0.12068	0.17214	0.28853	0.17523	0.2846	0.11428	0.24944	0.22851	0.21818	0.10774	0.11775	0.030067	0.10729	0.048495	0.19196	0.32321	0.26538	0.27582	0.14582	-0.037224	0.20021	0.16591	0.22616	0.095645	0.22166	0.24262	0.0095436	0.14599	0.27215	0.19865	0.084487	-0.053693
0.10962	0.087528	0.18297	0.13865	0.049593	0.039534	1	0.27119	0.14006	0.050105	0.057675	0.21796	-0.060752	0.1189	0.12626	0.16937	0.11863	0.052948	0.14974	0.17237	-0.024381	0.11571	0.14874	0.12337	0.087866	0.18427	0.16833	0.0934	0.041158	0.14306	0.20207	0.10066	-0.0025926	0.15679	0.029508	-0.035947	0.060882	0.16189	0.026225	0.16836	0.11558	0.097336	0.04704	0.13023	-0.0058608	0.10605	-0.0051617	0.19229	0.17854	0.049928	0.082876	0.12257	0.091288	0.13591	0.069217	0.072434	0.18849	0.042824	0.10798	0.20535	0.16273	0.12836	0.089177	0.13682	0.1598	0.1161	0.090186	0.11449	0.037213	0.2252	0.071351	0.054797	0.20679	0.19159	0.028445	0.14113	0.12623	0.15288	0.014718	0.14256	0.096869	0.22631	0.024095	0.15231	0.19013	0.084615	0.11337	0.057355	0.079568	0.089593	0.12198	0.10441	0.27941	0.11659	0.12995	0.12607	0.14263	0.10403	-0.03038	0.089401	0.059459	0.14783	0.092712	0.11846	0.18433	0.18602	0.12228	0.13242	0.099784	0.00501	0.20955	0.10796	0.10836	0.093308	0.11224	0.17529	0.010566	0.12743	0.05032	-0.065073	0.1545	0.12359	0.15537	0.034532	0.15436	0.069189	0.019224	0.046883	0.11143	0.20331	0.23473	0.12758	0.031591	0.16458	0.19216	0.19942	-0.0042853	0.13424	0.16867	-0.041151	0.10283	0.11982	0.16271	0.083779	0.11696
0.046937	0.19568	0.12093	0.092637	0.044967	0.15745	0.27119	1	0.13117	0.15428	0.12355	0.33254	0.014833	0.066009	0.083809	0.13133	0.13873	0.16084	0.20539	0.093371	0.09292	0.11685	0.165	0.24848	0.15917	0.1444	0.30534	0.22809	0.064226	0.238	0.21858	0.20746	0.0010557	0.12664	0.096555	0.002065	0.15662	0.21825	0.035954	0.21474	0.12279	0.10925	0.10256	0.15035	0.05181	0.23786	0.085602	0.30396	0.10178	0.17534	0.049305	0.091783	0.063684	0.12343	0.054361	0.082163	0.13909	0.05309	0.18275	0.2062	0.2476	0.13916	0.12251	0.15713	0.15057	0.30386	0.15063	0.28905	0.15459	0.22339	0.14119	0.19415	0.32339	0.22841	-0.029683	0.16033	0.21328	0.16535	0.050435	0.056131	-0.030065	0.43483	0.14227	0.26603	0.18962	0.099099	0.12197	0.13596	0.066593	0.043998	0.098966	0.13076	0.23583	0.21357	0.17147	0.19431	0.21476	0.12386	-0.040816	0.1701	-0.0064702	0.13403	0.19172	-0.036228	0.10506	0.23556	0.2545	0.16551	0.039677	0.090105	0.35314	0.18207	0.23561	0.083458	0.19767	0.30097	0.031914	0.28004	0.15645	0.036869	0.18857	0.24732	0.24642	0.020717	0.15169	0.046764	0.037054	0.11053	0.17687	0.20518	0.11008	0.18438	-0.002149	0.15299	0.31142	0.21845	-0.04047	0.1622	0.22326	0.014512	0.10361	0.24506	0.18201	0.19464	0.039466
0.095325	0.4524	0.35898	0.23942	0.21798	0.19943	0.14006	0.13117	1	0.30337	0.41194	0.093639	0.19061	0.23641	0.22382	0.16905	0.32731	0.35755	0.21056	0.13968	0.15505	0.27118	0.22586	0.2974	0.48141	0.39486	0.52647	0.2877	0.12442	0.49944	0.5289	0.45327	0.16514	0.35701	0.3044	0.14432	0.36647	0.46996	0.18552	0.25761	0.30663	0.44663	0.29893	0.076641	0.10155	0.43977	0.041418	0.15949	0.39259	0.44009	0.15712	0.2548	0.28756	0.22171	0.22098	0.41267	0.29096	0.07186	0.39431	0.41563	0.44607	0.42572	0.32545	0.43254	0.36169	0.45948	0.080782	0.46341	0.35956	0.28774	0.48732	0.77437	0.52047	0.34146	0.13912	0.34793	0.17723	0.21471	0.23451	0.21624	0.1778	0.4081	0.22946	0.39174	0.27341	0.18645	0.31462	0.25777	0.12794	0.42033	0.396	0.35912	0.37586	0.30378	0.13777	0.28368	0.29638	0.14821	0.20412	0.27406	0.29138	0.089514	0.28328	0.22403	0.17089	0.30005	0.40946	0.17981	0.027257	0.30763	0.28886	0.50908	0.53683	0.46828	0.3038	0.45958	0.47675	0.52714	0.2884	0.070162	0.3544	0.50041	0.36951	0.3307	0.17665	0.32257	0.28001	0.4545	0.36088	0.39552	0.41828	0.37099	0.2081	0.40173	0.2636	0.31959	0.09515	0.46302	0.27226	0.081094	0.17201	0.49591	0.27717	0.14221	0.080121
-0.0042489	0.47152	0.28669	0.21537	0.22707	0.12277	0.050105	0.15428	0.30337	1	0.32104	0.056356	0.14216	0.13098	0.16111	0.1689	0.32898	0.30351	0.11804	0.22927	0.15159	0.22129	0.19391	0.19391	0.43906	0.30679	0.43629	0.11787	0.073569	0.4623	0.29016	0.31441	0.16614	0.17788	0.19545	0.10904	0.24568	0.40361	0.14904	0.30273	0.34352	0.31811	0.27967	-0.0062877	0.041345	0.16881	0.11924	0.21892	0.3861	0.3613	0.17268	0.18483	0.27639	0.014523	0.29763	0.31166	0.25366	0.11186	0.39174	0.37121	0.43923	0.23814	0.29324	0.32598	0.16466	0.40907	0.15984	0.37845	0.25517	0.17771	0.22112	0.31792	0.44587	0.29772	0.015899	0.28202	0.12513	0.30089	0.14685	0.2016	0.25852	0.35922	0.20906	0.30407	0.16584	0.067674	0.23032	0.33382	0.12268	0.23531	0.33942	0.30215	0.29318	0.24514	0.1555	0.24794	0.018572	0.2315	0.24724	0.24073	0.18515	0.12062	0.30079	0.15208	0.11213	0.33545	0.31115	0.17862	0.082503	0.22243	0.27194	0.4826	0.2817	0.26147	0.31677	0.4467	0.27788	0.4494	0.19744	0.1512	0.25079	0.38399	0.1997	0.16229	0.1643	0.13705	0.29593	0.063197	0.37405	0.29349	0.32355	0.28114	0.11753	0.22115	0.19294	0.29042	0.12789	0.24744	0.27337	0.14282	0.24109	0.41036	0.2467	0.09788	0.031409
0.093218	0.36714	0.24598	0.20917	0.18879	0.10985	0.057675	0.12355	0.41194	0.32104	1	0.0034131	0.12874	0.18822	0.029994	0.31661	0.3514	0.39823	0.19301	0.15768	0.18333	0.20378	0.22768	0.23279	0.37486	0.27085	0.38303	0.16355	0.082357	0.34836	0.1452	0.34045	0.19188	0.29154	0.21645	0.080773	0.18934	0.30018	0.24949	0.32352	0.32083	0.30979	0.18632	-0.024031	0.14071	0.28277	0.1345	0.24135	0.23616	0.2672	0.087003	0.2203	0.14037	0.06999	0.10507	0.2404	0.21317	0.12163	0.27896	0.28854	0.29273	0.26079	0.3366	0.31498	0.26856	0.34714	0.19292	0.29842	0.23328	0.20659	0.24409	0.35993	0.40805	0.42684	0.11242	0.2113	0.12921	0.19669	0.2316	0.13352	0.15413	0.33578	0.10529	0.25815	0.25654	0.083123	0.25101	0.29861	0.18048	0.23667	0.29802	0.1966	0.23339	0.19524	0.28382	0.2015	0.16291	0.15357	0.097066	0.26167	0.2806	0.11866	0.24729	0.25353	0.21424	0.21516	0.1831	0.14029	0.10568	0.3085	0.18932	0.40725	0.29784	0.36714	0.45868	0.27807	0.3826	0.40318	0.38338	0.23826	0.26299	0.2951	0.1779	0.22335	0.22004	0.23865	0.37012	0.19983	0.3582	0.34616	0.37395	0.21775	0.083601	0.26944	0.22838	0.32048	0.11165	0.2693	0.20721	0.1308	0.13203	0.36867	0.17543	0.13209	0.17009
0.013088	0.073604	0.18135	0.12633	0.019139	0.044442	0.21796	0.33254	0.093639	0.056356	0.0034131	1	0.021399	0.044775	0.081901	0.070644	0.10714	0.082667	0.1774	0.10758	-0.14801	0.069494	0.14886	0.19475	0.033695	0.084926	0.15318	0.11711	0.068648	0.1097	0.065553	0.037647	0.066951	0.0069845	0.12702	-0.0054522	-0.015246	0.15348	-0.017774	0.22494	0.11699	0.03894	0.045571	-0.020298	0.10865	0.083796	0.050765	0.11775	0.12124	0.027407	0.04997	0.10999	-0.0052364	0.050187	0.094103	0.093938	0.11109	0.13071	0.069102	0.1925	0.17076	0.025444	0.031395	0.11088	0.10645	0.10455	0.1845	0.19504	0.082265	0.22748	0.086487	0.033028	0.14379	0.10026	0.052975	0.039079	0.077093	0.12537	0.069238	0.11648	0.10211	0.27192	0.025802	0.2017	0.20047	-0.012055	0.23759	0.093264	0.033817	0.0063907	0.13065	0.073868	0.19375	0.21391	0.082125	0.17515	0.16833	0.13852	0.033576	0.17125	0.049755	0.091608	0.14436	0.085703	0.10506	0.033375	0.27619	0.1504	0.021857	0.071321	0.31053	0.16648	0.2189	-0.024868	0.20359	0.202	-0.014607	0.18355	-0.01943	-0.042511	0.2769	0.16884	0.19863	-0.011864	0.17244	0.032988	0.025186	0.14721	0.079855	0.059695	0.067029	0.072266	0.012296	0.086339	0.34733	0.12053	0.049534	0.11495	0.12883	0.026569	0.091684	0.13947	0.18555	0.17661	0.046057
0.0046189	0.16344	0.17292	-0.010336	0.014943	0.077948	-0.060752	0.014833	0.19061	0.14216	0.12874	0.021399	1	0.26888	0.1786	0.095263	0.11051	0.06782	0.11883	0.078264	0.21649	0.20844	0.14786	0.12749	0.17953	0.11166	0.18433	-0.056883	0.031775	0.18494	0.071782	0.15024	-0.038341	0.26041	0.28262	0.16438	0.21765	0.076061	0.083132	0.043044	0.059562	0.2467	0.17501	-0.088123	-0.034305	0.088071	0.040226	0.14801	0.17373	0.13729	0.09942	0.11458	0.10316	0.12201	0.052974	0.15597	0.08685	0.10022	0.22126	0.089061	0.21705	0.079861	0.18371	0.2135	0.16108	0.11153	0.10874	0.16404	0.19645	0.10497	0.16897	0.21299	0.14401	0.19753	0.025158	0.22267	0.10483	0.022141	0.18264	0.029732	0.088571	0.11027	0.1363	0.073294	0.03475	0.14221	0.075148	-0.040591	0.14092	0.19338	0.14475	0.20467	0.17424	0.14349	0.09877	0.1113	0.10161	0.12579	0.19479	0.053702	0.11092	0.024705	0.20492	-0.018481	0.062905	0.087781	0.17447	0.050943	0.15008	0.14157	0.027307	0.16099	0.21891	0.22839	0.13006	0.20764	0.14921	0.18125	0.12518	0.11553	0.18167	0.078302	0.064573	0.105	0.098841	0.10545	0.15167	0.22646	0.21662	0.19945	0.13698	0.098638	0.028966	0.18867	0.1596	0.1871	0.097224	0.18991	0.098245	0.062455	0.20028	0.23377	0.103	0.092055	0.041622
0.014259	0.20961	0.11203	0.073982	0.20228	0.16601	0.1189	0.066009	0.23641	0.13098	0.18822	0.044775	0.26888	1	0.22877	0.22805	0.17586	0.05468	0.088423	0.13933	0.20767	0.32097	0.17659	0.11685	0.27851	0.19433	0.21708	0.0024897	0.17171	0.24242	0.22105	0.28626	0.033814	0.24435	0.27897	0.21182	0.19674	0.2778	0.11651	0.24072	0.27536	0.28083	0.22906	0.15341	-0.0019875	0.096541	0.013415	0.16339	0.279	0.20008	0.019199	0.21001	0.2554	0.12423	0.22553	0.17235	0.19249	0.16011	0.22719	0.21758	0.23399	0.23043	0.19413	0.29377	0.19581	0.22972	0.15971	0.21591	0.25546	0.21967	0.071347	0.14887	0.20844	0.27887	0.080629	0.2272	0.14762	0.11443	0.17555	0.1517	0.14314	0.24723	0.10084	0.056285	0.098241	0.12488	0.14866	0.15335	0.17337	0.13383	0.19938	0.21441	0.22815	0.25163	0.043191	0.21851	0.1386	0.13061	0.16027	0.16222	0.2688	-0.050579	0.15501	0.11343	0.12334	0.20961	0.19916	0.089168	0.082608	0.16754	0.17005	0.16144	0.14506	0.12917	0.17825	0.23982	0.10146	0.26222	0.17949	0.10509	0.26362	0.12007	0.19883	0.26523	0.062626	0.11211	0.062889	0.063764	0.27414	0.20965	0.26417	0.20175	0.15628	0.28942	0.16018	0.19675	0.063329	0.19634	0.22472	0.1786	0.24465	0.22376	0.10206	0.20171	0.014648
0.035919	0.18261	0.18575	0.053109	0.10042	0.21666	0.12626	0.083809	0.22382	0.16111	0.029994	0.081901	0.1786	0.22877	1	0.12073	0.088728	-0.034737	0.095831	0.031199	0.21711	0.19571	0.13727	0.25117	0.19617	0.2208	0.20382	0.0072655	0.02794	0.23573	0.21171	0.1477	0.040758	0.092259	0.24575	0.15576	0.17187	0.28134	0.07024	0.13821	0.20128	0.29528	0.15114	0.086653	-0.044511	0.10691	0.027184	0.15152	0.24325	0.21485	0.10285	0.045078	0.1046	0.14865	0.051687	0.12399	0.13861	0.014681	0.24826	0.28368	0.2506	0.19798	0.17891	0.23992	0.23618	0.16871	0.017091	0.20832	0.16409	0.21939	0.1479	0.11792	0.21251	0.19641	-0.0044078	0.22984	0.11113	0.18232	0.029841	0.018615	0.15254	0.16251	0.11609	0.13905	0.17134	0.1859	0.18566	0.062657	0.0090743	0.046168	0.26402	0.20035	0.15812	0.15931	0.037041	0.15478	0.14557	0.084448	0.066624	0.096157	0.14247	-0.036969	0.15051	0.031451	0.17134	0.15986	0.24936	0.060053	0.10736	0.09829	0.20406	0.21704	0.13758	0.083769	0.15588	0.24388	0.12017	0.23349	0.096609	0.076465	0.20222	0.17812	0.2488	0.21196	0.020567	0.1547	0.11427	0.21811	0.22645	0.11255	0.19298	0.24187	0.07403	0.21683	0.14429	0.24659	0.087881	0.19007	0.23202	0.029978	0.21375	0.24433	0.1304	0.088843	-0.02444
0.061526	0.18829	0.20452	0.20814	0.11369	0.10881	0.16937	0.13133	0.16905	0.1689	0.31661	0.070644	0.095263	0.22805	0.12073	1	0.32903	0.18327	0.2309	0.19704	0.22613	0.11415	0.28301	0.29543	0.20677	0.33724	0.25231	0.13228	0.081667	0.23168	0.22687	0.32207	0.17024	0.20462	0.23673	0.21437	0.17701	0.28048	0.062721	0.31807	0.20262	0.27491	0.09155	0.17907	0.025405	0.20428	0.12019	0.26747	0.27462	0.23037	0.12301	0.23974	0.22597	0.1018	0.14389	0.28171	0.29034	0.14545	0.21263	0.21734	0.23655	0.17134	0.16143	0.24634	0.16302	0.24374	0.26172	0.27767	0.22264	0.31807	0.15604	0.11637	0.27643	0.21409	0.16619	0.1858	0.18046	0.13334	0.14327	0.1192	0.22857	0.36203	0.030762	0.19724	0.25303	0.11599	0.22816	0.20306	0.11148	0.25271	0.26374	0.20201	0.29839	0.16305	0.35251	0.27446	0.049954	0.25459	0.072312	0.2156	0.35026	0.12688	0.1114	0.16815	0.25379	0.11326	0.24233	0.1323	-0.027514	0.18915	0.32291	0.26191	0.20753	0.11205	0.28142	0.2092	0.10485	0.32122	0.23216	0.23258	0.30448	0.25708	0.20325	0.23686	0.23291	0.21023	0.15638	0.043585	0.24061	0.20545	0.23096	0.25883	0.039105	0.24728	0.20513	0.21638	0.058872	0.23235	0.28066	0.17058	0.21742	0.27234	0.33128	0.18932	0.10388
0.24242	0.34201	0.30341	0.21786	0.23432	0.15739	0.11863	0.13873	0.32731	0.32898	0.3514	0.10714	0.11051	0.17586	0.088728	0.32903	1	0.36596	0.19803	0.20226	0.23386	0.2636	0.34033	0.32197	0.36275	0.40207	0.38788	0.23653	0.00076254	0.38679	0.30025	0.34089	0.18687	0.28204	0.34658	0.28014	0.2699	0.29388	0.16691	0.31164	0.25779	0.36961	0.26676	0.069447	0.069559	0.22978	0.085587	0.26566	0.34238	0.31157	0.11438	0.20718	0.18825	0.09331	0.25106	0.39766	0.2765	0.22216	0.40945	0.364	0.36733	0.30841	0.32244	0.42832	0.33396	0.34469	0.19902	0.38181	0.37886	0.36267	0.24394	0.3139	0.41917	0.35198	0.17016	0.30474	0.15849	0.29808	0.14844	0.30524	0.29363	0.35734	0.3563	0.21599	0.23036	0.18562	0.28547	0.24909	0.13386	0.33111	0.39224	0.31605	0.28333	0.22928	0.24654	0.35248	0.21861	0.29897	0.14963	0.38531	0.22296	0.13677	0.1882	0.15772	0.1329	0.28605	0.31213	0.21841	0.03025	0.30589	0.32969	0.41032	0.35824	0.27676	0.43536	0.39503	0.30469	0.42591	0.14726	0.09777	0.32589	0.28921	0.34077	0.30662	0.2014	0.23127	0.35028	0.14084	0.40526	0.35701	0.42818	0.25762	0.22274	0.35381	0.21995	0.34527	0.27331	0.34125	0.31511	0.095675	0.23172	0.40888	0.25896	0.2721	0.041871
0.054393	0.31869	0.15379	0.32363	0.13748	0.179	0.052948	0.16084	0.35755	0.30351	0.39823	0.082667	0.06782	0.05468	-0.034737	0.18327	0.36596	1	0.17779	0.25974	0.14269	0.14351	0.27812	0.24867	0.32996	0.32992	0.44488	0.148	0.015601	0.4257	0.27118	0.38053	0.18126	0.28561	0.26307	0.08913	0.27	0.31134	0.099748	0.23734	0.28712	0.25205	0.16711	0.035631	0.16387	0.35899	0.19082	0.2412	0.29992	0.3817	0.044592	0.2625	0.27295	0.11673	0.2758	0.37655	0.19663	0.11927	0.31207	0.36536	0.39839	0.30049	0.26896	0.3452	0.23232	0.3271	0.14164	0.44396	0.20989	0.28943	0.29243	0.37011	0.43247	0.34502	0.076202	0.22547	0.15849	0.25517	0.17387	0.22721	0.20022	0.39865	0.26469	0.26248	0.24092	0.069267	0.16245	0.31667	0.20216	0.38257	0.30099	0.23189	0.27086	0.2269	0.22948	0.2799	0.23323	0.22682	0.099813	0.28106	0.24179	0.10922	0.26341	0.22574	0.09037	0.20176	0.31075	0.23377	0.098998	0.29168	0.22737	0.3983	0.38539	0.3379	0.43006	0.36264	0.4055	0.45783	0.17259	0.10901	0.27561	0.38773	0.29783	0.14465	0.26499	0.18894	0.3136	0.19099	0.38618	0.42078	0.43608	0.27011	0.088351	0.29699	0.22626	0.31579	0.14363	0.33099	0.26496	0.078145	0.10602	0.42513	0.27223	0.16717	0.1867
-0.027899	0.13786	0.16797	0.22784	0.1253	0.10035	0.14974	0.20539	0.21056	0.11804	0.19301	0.1774	0.11883	0.088423	0.095831	0.2309	0.19803	0.17779	1	0.074479	0.068942	0.082518	0.15393	0.33855	0.21576	0.17982	0.26447	0.14189	0.14279	0.17973	0.12825	0.16721	0.18394	0.09923	0.21221	0.078512	0.13199	0.17802	0.06974	0.15907	0.10427	0.21726	0.093949	0.26302	0.14268	0.11898	0.12571	0.19994	0.12838	0.13869	0.015802	0.17524	0.12345	0.16318	0.11162	0.079314	0.16085	0.10143	0.16725	0.1282	0.19266	0.16445	0.10007	0.17176	0.18508	0.26448	0.16415	0.14568	0.059326	0.23037	0.14713	0.12931	0.25336	0.17508	0.095804	0.12759	0.19017	0.12183	0.090499	0.10009	0.072256	0.2735	-0.087452	0.11147	0.14323	0.15781	0.17059	0.039246	0.070117	0.087413	0.17772	0.13612	0.20263	0.19438	0.10376	0.25398	0.13628	0.16495	0.086785	0.049735	0.055583	0.21129	0.18626	0.21316	0.25659	0.10478	0.22074	0.1865	0.025237	0.18315	0.20762	0.22882	0.2511	0.092753	0.24893	0.12946	0.14013	0.32108	0.1209	-0.02771	0.19206	0.23001	0.15784	0.077295	0.18377	-0.031374	0.16469	0.16429	0.1599	0.15883	0.1963	0.1003	-0.051363	0.22348	0.22618	0.1697	0.044051	0.13033	0.21679	0.066834	0.076988	0.27603	0.15073	0.14376	0.12273
0.033522	0.28385	0.17972	0.21506	0.31021	0.055663	0.17237	0.093371	0.13968	0.22927	0.15768	0.10758	0.078264	0.13933	0.031199	0.19704	0.20226	0.25974	0.074479	1	0.10252	0.08697	0.27281	0.20957	0.27083	0.26885	0.26804	0.20658	0.0071607	0.28821	0.18211	0.29347	0.035167	0.26291	0.26673	0.099685	0.21156	0.24694	0.097926	0.2504	0.23612	0.24247	0.18434	-0.068556	0.23384	0.15753	0.33261	0.22241	0.33419	0.13404	0.092006	0.1606	0.19053	0.047301	0.16584	0.27746	0.2101	0.10402	0.24423	0.27626	0.30336	0.11565	0.15916	0.31036	0.05876	0.16856	0.20911	0.36246	0.22685	0.18575	0.15741	0.20153	0.32811	0.24989	0.054675	0.1654	0.087267	0.27075	0.095522	0.26881	0.25688	0.22164	0.22315	0.15701	0.20308	0.19756	0.22825	0.16222	0.24414	0.10914	0.17175	0.18634	0.29986	0.16228	0.19445	0.16363	0.099143	0.14031	0.097858	0.24359	0.17398	0.10249	0.23861	0.13662	0.09515	0.18893	0.24277	0.10246	0.079411	0.15883	0.19078	0.26584	0.26175	0.2045	0.25139	0.2369	0.20514	0.27482	0.23126	0.1436	0.2777	0.23098	0.17602	0.11813	0.24193	0.19852	0.44072	0.13352	0.20619	0.2107	0.092878	0.18659	-0.020015	0.15353	0.17171	0.24696	0.14278	0.1873	0.24278	0.18708	0.16865	0.29092	0.25447	0.17795	0.36976
0.11953	0.24472	0.092155	0.063137	0.043477	0.1269	-0.024381	0.09292	0.15505	0.15159	0.18333	-0.14801	0.21649	0.20767	0.21711	0.22613	0.23386	0.14269	0.068942	0.10252	1	0.18004	0.21904	0.24754	0.2206	0.2546	0.15782	0.072016	0.050047	0.18339	0.16927	0.15889	-0.037938	0.20653	0.21589	0.13556	0.2013	0.16271	0.074219	0.1003	0.17249	0.25834	0.14956	0.094763	0.032952	0.16132	0.12999	0.20217	0.24626	0.17106	0.018934	0.10756	0.26315	0.14144	0.06632	0.20029	0.1096	0.088875	0.19487	0.21054	0.27199	0.21526	0.16487	0.2296	0.14949	0.20238	0.085161	0.25193	0.2883	0.1271	0.14437	0.13138	0.2274	0.25562	0.11551	0.11201	0.20348	0.17392	0.15063	-0.0045296	0.16761	0.19263	0.090204	0.12838	0.099753	0.21187	0.1852	0.066688	0.0042903	0.16532	0.16422	0.14145	0.075928	0.10629	0.10814	0.24999	0.1469	0.20207	0.14975	0.1377	0.15218	0.077154	0.15764	0.077239	0.12584	0.22481	0.20021	0.095933	0.094494	0.099721	0.14713	0.1989	0.25152	0.064912	0.23434	0.25598	0.032329	0.24294	0.059023	0.14269	0.11537	0.16324	0.12559	0.20555	0.10733	0.23497	0.037626	0.14081	0.21647	0.10573	0.18889	0.13986	0.08072	0.22399	0.19715	0.23293	0.081453	0.21732	0.21284	-0.014211	0.17753	0.23433	0.18218	0.25032	0.056144
0.07362	0.37362	0.23177	0.094028	0.26464	0.17943	0.11571	0.11685	0.27118	0.22129	0.20378	0.069494	0.20844	0.32097	0.19571	0.11415	0.2636	0.14351	0.082518	0.08697	0.18004	1	0.23185	0.19881	0.30306	0.2686	0.35226	0.15017	0.070191	0.32662	0.2857	0.25718	0.20096	0.31303	0.27976	0.16854	0.26205	0.37124	0.28522	0.19053	0.25827	0.2572	0.35737	0.12476	-0.099889	0.22832	0.10547	0.19284	0.2471	0.30671	0.12037	0.17644	0.2257	0.080388	0.28023	0.27971	0.26849	0.062461	0.25148	0.20597	0.37462	0.22242	0.2348	0.36721	0.17466	0.26249	0.18715	0.37223	0.41171	0.20274	0.23537	0.28033	0.34762	0.29697	0.081752	0.33579	0.191	0.27964	0.25172	0.25447	0.26486	0.22863	0.25081	0.20644	0.19931	0.10983	0.1847	0.36626	0.13285	0.26426	0.29663	0.32817	0.14004	0.23967	0.096762	0.27401	0.35925	0.25388	0.12199	0.19163	0.16989	0.058631	0.22922	0.19359	0.095351	0.37173	0.3407	0.13789	0.05004	0.26393	0.22207	0.33199	0.31487	0.25054	0.24396	0.35664	0.28197	0.36402	0.17588	0.14879	0.28153	0.2834	0.2395	0.26079	0.19129	0.19643	0.13004	0.20938	0.38876	0.26883	0.35396	0.24513	0.15112	0.36209	0.20897	0.31526	0.15038	0.29104	0.3119	0.021162	0.18974	0.35193	0.20752	0.19858	-0.03167
0.089854	0.30637	0.30545	0.25504	0.26673	0.16444	0.14874	0.165	0.22586	0.19391	0.22768	0.14886	0.14786	0.17659	0.13727	0.28301	0.34033	0.27812	0.15393	0.27281	0.21904	0.23185	1	0.30238	0.25311	0.30121	0.31645	0.10585	-0.0011231	0.29175	0.26782	0.30307	0.087404	0.24775	0.36697	0.15729	0.25234	0.3142	0.19423	0.28571	0.26479	0.35338	0.1389	0.2208	0.025839	0.25881	0.12868	0.29491	0.37098	0.27523	0.13528	0.32469	0.2775	0.19107	0.21675	0.35949	0.26627	0.033034	0.33928	0.35424	0.39002	0.28014	0.23408	0.44086	0.28524	0.26073	0.24274	0.35785	0.34771	0.28288	0.21755	0.22264	0.35398	0.36968	0.089598	0.39836	0.17605	0.23284	0.30272	0.28709	0.3433	0.33803	0.15984	0.23421	0.27002	0.25327	0.30109	0.17307	0.23948	0.39866	0.35815	0.39356	0.36175	0.20644	0.22021	0.31311	0.34852	0.36064	0.16758	0.28638	0.28901	0.034382	0.24345	0.18088	0.13476	0.30038	0.26288	0.23312	0.011827	0.22979	0.28637	0.37191	0.31671	0.22534	0.29052	0.36546	0.22827	0.29322	0.15434	0.23231	0.36521	0.26805	0.28533	0.28458	0.27346	0.3061	0.20885	0.24041	0.31994	0.26401	0.21235	0.30726	0.16669	0.39408	0.31643	0.37771	0.20921	0.37695	0.237	0.086242	0.25288	0.29818	0.31017	0.29964	0.13985
0.16368	0.35257	0.28377	0.31456	0.23422	0.21234	0.12337	0.24848	0.2974	0.19391	0.23279	0.19475	0.12749	0.11685	0.25117	0.29543	0.32197	0.24867	0.33855	0.20957	0.24754	0.19881	0.30238	1	0.33741	0.45094	0.33449	0.18558	0.072228	0.36428	0.2715	0.33794	0.17135	0.23793	0.38545	0.21583	0.30618	0.3482	0.07721	0.28526	0.29701	0.37748	0.28442	0.24565	0.079672	0.31438	0.16293	0.28702	0.301	0.26215	0.026931	0.23322	0.32383	0.16237	0.097425	0.1473	0.33442	0.17015	0.37045	0.32615	0.39117	0.19558	0.16618	0.35081	0.24923	0.36407	0.3613	0.41986	0.31399	0.40788	0.23654	0.27663	0.33349	0.36743	0.20134	0.26246	0.21472	0.26015	0.21104	0.20949	0.22049	0.40165	0.1009	0.35961	0.32471	0.20409	0.36094	0.22379	0.16372	0.1527	0.30493	0.22237	0.32022	0.26854	0.27331	0.39566	0.1718	0.30382	0.18956	0.25272	0.19663	0.14836	0.23495	0.20293	0.33628	0.22258	0.45488	0.24388	0.10418	0.18418	0.44999	0.35617	0.29862	0.052929	0.38413	0.29642	0.11037	0.40683	0.10891	0.092356	0.38539	0.4239	0.31395	0.22637	0.29482	0.18456	0.1539	0.18056	0.27684	0.25023	0.26368	0.25518	0.071595	0.3622	0.38289	0.2954	0.089331	0.35573	0.3368	0.15011	0.23075	0.40148	0.23621	0.2774	0.23676
0.087121	0.79846	0.43288	0.21099	0.35617	0.29691	0.087866	0.15917	0.48141	0.43906	0.37486	0.033695	0.17953	0.27851	0.19617	0.20677	0.36275	0.32996	0.21576	0.27083	0.2206	0.30306	0.25311	0.33741	1	0.41588	0.68707	0.22688	0.11774	0.67965	0.48225	0.49794	0.17352	0.24043	0.40191	0.22209	0.39352	0.609	0.21788	0.28265	0.53858	0.70002	0.38871	0.087963	0.10776	0.29041	0.20126	0.35026	0.58074	0.59847	0.13367	0.30518	0.27253	0.13309	0.2324	0.4609	0.40857	0.13141	0.59889	0.50707	0.60163	0.38847	0.43963	0.54293	0.49335	0.67267	0.27101	0.66143	0.39187	0.38399	0.29858	0.45021	0.68696	0.40937	0.078033	0.32286	0.18334	0.38063	0.22728	0.35483	0.26257	0.54781	0.21494	0.4021	0.31833	0.30839	0.29783	0.41222	0.16302	0.30383	0.56367	0.45175	0.34662	0.25777	0.17594	0.33515	0.19734	0.26686	0.18971	0.50517	0.26869	0.05451	0.3529	0.1673	0.19958	0.43275	0.54529	0.21084	0.055304	0.302	0.44125	0.69758	0.4178	0.30587	0.40662	0.64634	0.28483	0.64618	0.23581	0.14981	0.41551	0.58369	0.29221	0.32402	0.20683	0.26895	0.37498	0.28329	0.45537	0.48603	0.42714	0.28511	0.11664	0.4486	0.26894	0.47532	0.20166	0.52332	0.43385	0.12685	0.28484	0.66829	0.26813	0.20849	0.093516
0.19624	0.44224	0.34442	0.2519	0.27337	0.26521	0.18427	0.1444	0.39486	0.30679	0.27085	0.084926	0.11166	0.19433	0.2208	0.33724	0.40207	0.32992	0.17982	0.26885	0.2546	0.2686	0.30121	0.45094	0.41588	1	0.45352	0.18061	0.030461	0.49644	0.33954	0.44101	0.22682	0.34459	0.38393	0.13874	0.46845	0.46888	0.13686	0.25219	0.37293	0.45457	0.3005	0.14165	0.17518	0.33134	0.24222	0.34015	0.42273	0.38522	0.18233	0.2384	0.39016	0.18786	0.14949	0.31388	0.43094	0.12724	0.45207	0.42233	0.44488	0.35524	0.30776	0.41514	0.30439	0.3642	0.29579	0.44923	0.36424	0.37064	0.18522	0.31107	0.44756	0.41218	0.15755	0.25378	0.15234	0.2476	0.24845	0.3174	0.24027	0.4795	0.23519	0.37056	0.40718	0.20992	0.3625	0.23365	0.23238	0.31476	0.42277	0.37853	0.36466	0.34981	0.22466	0.39726	0.22434	0.39492	0.21772	0.34634	0.29668	0.1124	0.20133	0.3162	0.29448	0.36527	0.3941	0.25975	0.088287	0.27056	0.36213	0.43658	0.35829	0.26938	0.44105	0.42123	0.23634	0.5034	0.18165	0.20628	0.46319	0.4131	0.33096	0.32785	0.29216	0.22786	0.28113	0.3511	0.38454	0.37735	0.42084	0.32916	0.090837	0.35091	0.33764	0.46499	0.15635	0.37543	0.38612	0.10966	0.32981	0.47185	0.33349	0.22631	0.12022
0.12383	0.64383	0.36754	0.16867	0.32134	0.31476	0.16833	0.30534	0.52647	0.43629	0.38303	0.15318	0.18433	0.21708	0.20382	0.25231	0.38788	0.44488	0.26447	0.26804	0.15782	0.35226	0.31645	0.33449	0.68707	0.45352	1	0.2843	0.14804	0.82748	0.47592	0.57589	0.21416	0.27313	0.39246	0.20068	0.45051	0.61657	0.24533	0.32006	0.38899	0.58873	0.33935	0.093028	0.1313	0.41781	0.19858	0.32863	0.59954	0.59387	0.20512	0.32799	0.31976	0.12696	0.29073	0.5333	0.34623	0.054456	0.60216	0.53999	0.67345	0.37201	0.44766	0.49076	0.34017	0.5971	0.2489	0.67916	0.38951	0.42776	0.39028	0.53098	0.8779	0.40712	0.016881	0.38002	0.18716	0.35962	0.30876	0.39455	0.27713	0.59672	0.31761	0.51699	0.35581	0.21531	0.31352	0.39832	0.15195	0.39432	0.55042	0.51367	0.40782	0.35105	0.20319	0.35135	0.31711	0.29433	0.19808	0.47414	0.35622	0.10644	0.42584	0.148	0.26172	0.41882	0.58434	0.25088	0.018143	0.33047	0.46002	0.68742	0.59111	0.41995	0.49471	0.69278	0.45498	0.79537	0.3306	0.20872	0.47648	0.62026	0.409	0.29982	0.27568	0.28338	0.38539	0.42619	0.46163	0.58075	0.46062	0.35915	0.097211	0.36227	0.32902	0.50785	0.11159	0.45019	0.42945	0.10605	0.29571	0.86942	0.34007	0.23597	0.081686
-0.013301	0.27012	0.2153	0.11837	0.18516	0.092066	0.0934	0.22809	0.2877	0.11787	0.16355	0.11711	-0.056883	0.0024897	0.0072655	0.13228	0.23653	0.148	0.14189	0.20658	0.072016	0.15017	0.10585	0.18558	0.22688	0.18061	0.2843	1	0.0087092	0.26517	0.35533	0.25357	0.083179	0.18193	0.12908	0.025799	0.20907	0.17291	0.089086	0.1439	0.12023	0.20591	0.14852	0.125	0.040183	0.18843	0.15541	0.13708	0.12722	0.18203	0.053244	0.049667	0.14773	0.12809	0.16262	0.30297	0.058086	0.068975	0.17814	0.1233	0.19531	0.18505	0.20458	0.23296	0.034106	0.26238	0.11365	0.22749	0.18683	0.19017	0.25761	0.26206	0.26407	0.20948	0.026637	0.15259	0.092889	0.1136	0.1071	0.14641	0.068899	0.26055	0.11172	0.16398	0.054999	0.058415	0.16208	0.14778	0.048837	0.10218	0.18469	0.20894	0.15289	0.15766	0.11716	0.20105	0.1601	0.12017	0.12424	0.12161	0.047997	0.05801	0.1001	0.10559	0.11542	0.14274	0.20604	0.15264	-0.10243	0.15786	0.18454	0.23068	0.28032	0.16931	0.17424	0.21923	0.099563	0.25543	0.10776	-0.11397	0.14312	0.23355	0.094975	0.074611	0.017902	0.10919	0.17255	0.19961	0.1877	0.17174	0.18936	0.17536	-0.01123	0.15401	0.17152	0.22294	0.079431	0.13013	0.20219	0.23503	-0.0056443	0.26157	0.17832	0.16234	-0.03647
0.04769	0.079395	-0.028683	0.12389	0.08511	0.10318	0.041158	0.064226	0.12442	0.073569	0.082357	0.068648	0.031775	0.17171	0.02794	0.081667	0.00076254	0.015601	0.14279	0.0071607	0.050047	0.070191	-0.0011231	0.072228	0.11774	0.030461	0.14804	0.0087092	1	0.089986	0.18789	0.1559	0.094433	0.099796	0.10975	0.076205	0.0025813	0.20577	0.18462	0.04382	0.081639	0.13322	0.10325	0.066402	-0.0082929	0.081407	-0.01044	0.11686	0.11756	-0.0066005	-0.063988	0.048805	0.075986	0.0087093	-0.0026247	0.051792	0.041297	-0.069259	0.13953	0.054773	0.098247	0.050067	0.063049	0.027541	0.052742	0.12224	0.11599	0.1602	0.101	0.11247	0.11155	0.16477	0.17637	-0.024547	-0.0066829	0.045081	0.080041	0.040807	-0.012629	0.050738	0.10708	0.20064	-0.037924	0.027	-0.00025639	0.023977	0.061858	0.063096	0.024577	-0.003761	0.051066	0.087028	0.12941	0.15525	0.081196	0.057349	0.020472	0.14124	0.079261	0.12676	0.02428	-0.034185	0.13473	0.047922	0.018561	0.060644	0.19857	0.074112	-0.096872	0.1038	0.036983	0.14439	0.23717	0.04283	0.056163	0.17389	0.10529	0.18798	0.10981	0.086342	0.079144	0.11698	0.10097	0.1843	-0.014593	0.063405	0.0052826	-0.040316	0.035563	-0.0012112	0.064026	0.15089	-0.00228	0.085846	0.086847	0.040827	0.098089	0.079132	0.071736	0.015377	-0.057146	0.141	0.070541	0.083385	0.060765
0.13807	0.63194	0.37731	0.2265	0.32337	0.36468	0.14306	0.238	0.49944	0.4623	0.34836	0.1097	0.18494	0.24242	0.23573	0.23168	0.38679	0.4257	0.17973	0.28821	0.18339	0.32662	0.29175	0.36428	0.67965	0.49644	0.82748	0.26517	0.089986	1	0.48117	0.58224	0.16546	0.28626	0.40578	0.23172	0.47397	0.55456	0.27461	0.34065	0.48716	0.62628	0.31268	0.036003	0.040287	0.40719	0.11992	0.32279	0.62056	0.59239	0.12991	0.30927	0.3779	0.090619	0.32292	0.53692	0.3058	0.064334	0.59235	0.55311	0.63753	0.3596	0.47641	0.50329	0.3663	0.56641	0.26629	0.63365	0.37788	0.37843	0.34618	0.5011	0.80846	0.44643	0.029116	0.35244	0.22675	0.37959	0.26253	0.36397	0.28036	0.54528	0.30701	0.4978	0.30332	0.16168	0.32242	0.4205	0.22624	0.41366	0.51131	0.47525	0.33764	0.36041	0.20133	0.35081	0.26936	0.30025	0.2514	0.45989	0.36557	0.075378	0.42269	0.16865	0.23474	0.4107	0.54179	0.28815	0.019339	0.35007	0.46973	0.6002	0.48569	0.35457	0.49463	0.66317	0.38574	0.74503	0.27889	0.25185	0.43341	0.59061	0.42422	0.33886	0.27037	0.27756	0.37931	0.38414	0.44225	0.62209	0.46668	0.3175	0.12814	0.40104	0.31226	0.50474	0.15852	0.47122	0.44977	0.095172	0.32429	0.79737	0.3175	0.18791	0.076526
0.12408	0.46391	0.29658	0.22784	0.23011	0.28016	0.20207	0.21858	0.5289	0.29016	0.1452	0.065553	0.071782	0.22105	0.21171	0.22687	0.30025	0.27118	0.12825	0.18211	0.16927	0.2857	0.26782	0.2715	0.48225	0.33954	0.47592	0.35533	0.18789	0.48117	1	0.46957	0.19279	0.27273	0.26885	0.11092	0.34647	0.42525	0.18758	0.25353	0.32209	0.42421	0.32731	0.20852	0.0032265	0.40072	0.13899	0.21396	0.41079	0.42638	0.13685	0.098466	0.24294	0.12135	0.21736	0.44276	0.25372	0.00267	0.4451	0.40792	0.43186	0.29055	0.26849	0.4388	0.331	0.37838	0.094248	0.49881	0.31681	0.21676	0.42374	0.47933	0.44488	0.2902	-0.099357	0.29165	0.20254	0.24117	0.129	0.31285	0.26955	0.39222	0.30572	0.26027	0.19394	0.25109	0.13396	0.31786	0.039098	0.34453	0.37985	0.42699	0.39116	0.25549	0.10966	0.27892	0.25169	0.18227	0.15574	0.23767	0.22579	0.065171	0.41896	0.08478	0.085603	0.40184	0.4155	0.24287	0.025112	0.21591	0.37317	0.45221	0.38591	0.2678	0.27887	0.49973	0.25356	0.45929	0.24893	0.098849	0.29141	0.39052	0.3424	0.24273	0.12628	0.33588	0.17248	0.27646	0.39898	0.35844	0.37118	0.43438	0.23235	0.43285	0.19658	0.35575	0.20392	0.37897	0.30066	0.17263	0.17178	0.46243	0.27711	0.12758	0.072164
-0.044401	0.44036	0.34889	0.29511	0.2373	0.32487	0.10066	0.20746	0.45327	0.31441	0.34045	0.037647	0.15024	0.28626	0.1477	0.32207	0.34089	0.38053	0.16721	0.29347	0.15889	0.25718	0.30307	0.33794	0.49794	0.44101	0.57589	0.25357	0.1559	0.58224	0.46957	1	0.08408	0.32068	0.41737	0.20242	0.44638	0.47801	0.32213	0.2861	0.43859	0.54762	0.24538	0.029178	0.038761	0.32514	0.16314	0.23995	0.49938	0.43104	0.10448	0.18487	0.33337	0.090334	0.25531	0.42951	0.32972	0.14233	0.5171	0.48639	0.47172	0.3555	0.30172	0.39771	0.27337	0.38024	0.25034	0.47965	0.29956	0.32272	0.29356	0.4061	0.53255	0.36742	0.12662	0.3319	0.15941	0.27955	0.29857	0.35245	0.27434	0.48126	0.27967	0.38774	0.26131	0.2463	0.24057	0.28873	0.23662	0.35819	0.39512	0.43424	0.47415	0.33313	0.23515	0.28068	0.31696	0.26208	0.15806	0.40931	0.36011	0.07874	0.32819	0.14134	0.24541	0.41171	0.40283	0.32934	0.086782	0.35651	0.36592	0.47572	0.40502	0.36364	0.38058	0.50702	0.44647	0.53526	0.29546	0.28711	0.41317	0.46801	0.40727	0.33351	0.223	0.26835	0.33065	0.26745	0.43702	0.43368	0.38306	0.34492	0.20778	0.37922	0.26751	0.36626	0.13803	0.43871	0.40529	0.15832	0.34768	0.53009	0.44943	0.23326	0.12876
0.13407	0.20866	0.037745	0.13984	0.12377	0.10347	-0.0025926	0.0010557	0.16514	0.16614	0.19188	0.066951	-0.038341	0.033814	0.040758	0.17024	0.18687	0.18126	0.18394	0.035167	-0.037938	0.20096	0.087404	0.17135	0.17352	0.22682	0.21416	0.083179	0.094433	0.16546	0.19279	0.08408	1	0.10389	0.20579	0.13736	0.037788	0.24867	0.18561	0.061961	0.22028	0.11262	0.2068	0.12274	0.10813	0.15404	0.16682	0.12035	0.17992	0.16608	0.080905	0.057045	0.057211	0.14401	0.079868	-0.01186	0.19112	0.038	0.12959	0.15291	0.22724	0.016396	0.12687	0.16998	0.23126	0.12702	0.15427	0.19689	0.18031	0.14438	0.10085	0.14014	0.1704	0.046766	0.030427	0.18024	0.039012	0.11638	0.073495	0.1293	0.11201	0.16075	0.030495	0.12535	0.1537	-0.019228	0.11952	0.096164	0.068226	0.0059506	0.1988	0.14539	0.14048	0.16273	0.083176	0.17665	0.12138	0.099282	0.19381	0.090246	0.10242	0.072107	0.16833	0.2064	0.15572	0.11688	0.19699	0.1542	-0.11697	0.17504	0.20247	0.27405	0.18032	0.12137	0.15385	0.18832	0.16625	0.24163	0.14701	0.11616	0.2015	0.26209	0.1315	0.068292	0.20456	0.12863	0.085035	0.10565	0.17278	0.085828	0.16523	0.22698	-0.05706	0.23611	0.097701	0.14985	0.11396	0.099242	0.18301	0.043846	0.035992	0.16663	0.029769	0.10849	0.055295
0.19103	0.26285	0.26361	0.2783	0.28405	0.14312	0.15679	0.12664	0.35701	0.17788	0.29154	0.0069845	0.26041	0.24435	0.092259	0.20462	0.28204	0.28561	0.09923	0.26291	0.20653	0.31303	0.24775	0.23793	0.24043	0.34459	0.27313	0.18193	0.099796	0.28626	0.27273	0.32068	0.10389	1	0.39748	0.076027	0.34988	0.22991	0.14666	0.18284	0.19147	0.26744	0.224	0.11037	0.026622	0.23329	0.14149	0.1696	0.35557	0.26975	0.034612	0.12375	0.28231	0.10936	0.22631	0.2513	0.29554	0.15504	0.25973	0.22029	0.29668	0.31192	0.31069	0.32078	0.25933	0.21356	0.17522	0.30533	0.32743	0.2654	0.14457	0.28873	0.31406	0.34043	0.18434	0.31862	0.15686	0.27004	0.18196	0.23592	0.21271	0.20289	0.21309	0.19903	0.2388	0.20897	0.21635	0.17709	0.29948	0.32548	0.27506	0.24815	0.29015	0.2673	0.24817	0.21331	0.30244	0.19892	0.11577	0.2783	0.1541	0.13767	0.25729	0.29397	0.08368	0.33519	0.17939	0.14285	0.15749	0.26384	0.12336	0.23834	0.23856	0.2305	0.28835	0.29526	0.2298	0.26163	0.14019	0.087136	0.2778	0.22762	0.28283	0.2389	0.20973	0.18319	0.23123	0.25143	0.37497	0.24585	0.32933	0.2582	0.14164	0.36039	0.2112	0.34082	0.13987	0.3619	0.25522	0.14054	0.20751	0.24935	0.2051	0.14581	0.14158
