1	0.50174	0.514	0.46353	0.45539	0.53054	0.58904	0.64126	0.53941	0.67677	0.61521	0.54015	0.6629	0.56634	0.60773	0.44072	0.65724	0.52811	0.37508	0.55332	0.62452	0.5508	0.26332	0.53249	0.44607	0.51905	0.42206	0.49607	0.42718	0.75989	0.75426	0.75313	0.71309	0.31465	0.69928	0.55925	0.56955	0.68671	0.58831	0.53222	0.65755	0.4891	0.56806	0.44731	0.41692	0.43982	0.53923	0.56497	0.60358	0.39226	0.72575	0.54944	0.49028	0.68685	0.5605	0.5899	0.50729	0.56683	0.44516	0.59978	0.36555	0.5745	0.52898	0.74003	0.49954	0.52913	0.49457	0.43625	0.55103	0.53971	0.56882	0.66144	0.4104	0.61873	0.5221	0.63442	0.49444	0.74566	0.7849	0.48486	0.39923	0.63392	0.66991	0.63653	0.57984	0.49992	0.55559	0.56983	0.42576	0.78311	0.64496	0.73866	0.70277	0.54879	0.56127	0.37677	0.66708	0.71849	0.30889	0.60862	0.74405	0.71581	0.68473	0.48525	0.66273	0.50529	0.74961	0.46926	0.62943	0.71531	0.65844	0.53716	0.51382	0.68757	0.73983	0.7318	0.45565	0.72258	0.55767	0.79796	0.42446	0.65913	0.61785	0.66895	0.56924	0.46701	0.58387	0.76871	0.33047	0.52658	0.61202	0.33905	0.56158	0.37769	0.54453	0.69838	0.72472	0.48851	0.4642	0.60687	0.63461	0.48024	0.61044	0.58996	0.46423
0.50174	1	0.32565	0.34808	0.44663	0.40289	0.40183	0.61573	0.58472	0.4953	0.50351	0.53527	0.41778	0.37569	0.34071	0.3838	0.50799	0.44897	0.37796	0.49627	0.41305	0.55215	0.29337	0.55493	0.44957	0.66582	0.41178	0.46413	0.4146	0.50627	0.52795	0.58052	0.54843	0.3548	0.4884	0.47327	0.3521	0.5468	0.58849	0.48912	0.48253	0.51936	0.38924	0.4975	0.44736	0.32917	0.39342	0.43289	0.57555	0.26743	0.42487	0.49178	0.61038	0.56573	0.52026	0.55408	0.46928	0.42107	0.49697	0.56328	0.21896	0.35911	0.43118	0.56228	0.54207	0.30308	0.47655	0.57314	0.53516	0.58079	0.42662	0.47834	0.40402	0.48527	0.42448	0.38938	0.53032	0.52512	0.52681	0.48055	0.24752	0.46934	0.66234	0.47735	0.50308	0.36888	0.62338	0.45817	0.51328	0.53998	0.42415	0.55871	0.58154	0.52609	0.32937	0.42472	0.5911	0.54614	0.38024	0.46668	0.51905	0.47396	0.56101	0.4029	0.39404	0.37867	0.49171	0.55603	0.54567	0.59412	0.42531	0.42984	0.56653	0.49976	0.55461	0.53219	0.48198	0.5308	0.53562	0.50315	0.39075	0.58199	0.39336	0.49283	0.50755	0.42087	0.53257	0.53275	0.40765	0.44515	0.38311	0.39469	0.47616	0.45498	0.49191	0.56049	0.57854	0.46982	0.37835	0.40759	0.48284	0.4112	0.47956	0.59165	0.53578
0.514	0.32565	1	0.61006	0.40443	0.45509	0.55653	0.55177	0.45842	0.38645	0.59571	0.42975	0.65582	0.59983	0.50758	0.55678	0.49698	0.52829	0.37958	0.38718	0.54079	0.45539	0.24162	0.40973	0.34974	0.49558	0.40045	0.39847	0.38462	0.44617	0.49158	0.48321	0.52874	0.2675	0.42081	0.44694	0.53601	0.62328	0.47059	0.49918	0.50221	0.39161	0.65748	0.44317	0.35177	0.50207	0.59307	0.51573	0.47276	0.39712	0.45396	0.52779	0.39905	0.51254	0.49943	0.55316	0.5444	0.5809	0.33166	0.44614	0.38177	0.76343	0.32631	0.47379	0.45722	0.5325	0.43847	0.44043	0.40835	0.52553	0.62061	0.37785	0.4979	0.55903	0.29728	0.58942	0.40224	0.38296	0.52634	0.42964	0.51916	0.55564	0.53447	0.4633	0.53099	0.48228	0.39338	0.47304	0.46949	0.53476	0.59819	0.5433	0.34281	0.38047	0.53561	0.27163	0.52399	0.57661	0.32871	0.58461	0.42011	0.40607	0.53707	0.41932	0.61647	0.53918	0.46207	0.34817	0.58802	0.57027	0.63316	0.47436	0.43228	0.42093	0.53654	0.39959	0.35356	0.44561	0.56719	0.48144	0.30414	0.37726	0.5029	0.54359	0.44753	0.2875	0.39264	0.33271	0.35408	0.52972	0.57697	0.29456	0.52574	0.33912	0.4629	0.39327	0.4166	0.38112	0.468	0.54323	0.63583	0.40435	0.52789	0.42404	0.49779
0.46353	0.34808	0.61006	1	0.42824	0.5447	0.56377	0.54343	0.42966	0.38997	0.58084	0.49857	0.67683	0.65327	0.50008	0.58075	0.57678	0.62219	0.37368	0.43105	0.52941	0.43197	0.30306	0.44258	0.34796	0.40806	0.39353	0.42567	0.4362	0.42791	0.46149	0.55959	0.53891	0.39289	0.47659	0.50995	0.52487	0.58753	0.54482	0.48165	0.53719	0.46305	0.7415	0.46435	0.45069	0.55363	0.58405	0.55001	0.54627	0.44122	0.45999	0.51104	0.49029	0.5139	0.48521	0.51785	0.57717	0.55621	0.4278	0.47557	0.43471	0.5837	0.34532	0.48072	0.51185	0.48918	0.48894	0.5281	0.50458	0.58834	0.6329	0.30942	0.57347	0.52819	0.34219	0.59778	0.48903	0.35487	0.53044	0.47725	0.56341	0.56958	0.54827	0.46108	0.55729	0.49022	0.43267	0.42075	0.39175	0.57394	0.63907	0.58665	0.30333	0.35959	0.52467	0.31479	0.54095	0.61518	0.37922	0.49666	0.37154	0.39593	0.57599	0.46791	0.65527	0.63679	0.45515	0.36468	0.61058	0.5869	0.62475	0.49966	0.37434	0.39906	0.54622	0.40501	0.41941	0.45579	0.56825	0.44769	0.34457	0.42701	0.55457	0.56818	0.54802	0.32922	0.45495	0.29635	0.42682	0.53598	0.58074	0.4312	0.52252	0.43019	0.53815	0.43267	0.42868	0.40031	0.61794	0.57124	0.63523	0.43859	0.53394	0.50106	0.52907
0.45539	0.44663	0.40443	0.42824	1	0.44854	0.47491	0.54413	0.52137	0.41629	0.50294	0.44316	0.49711	0.44024	0.50785	0.42757	0.57843	0.51028	0.43244	0.56121	0.52235	0.50249	0.2196	0.46733	0.43362	0.46204	0.51947	0.4767	0.48736	0.4124	0.42886	0.47365	0.55346	0.28653	0.4676	0.46439	0.47191	0.5704	0.63112	0.46973	0.4704	0.63431	0.39956	0.4762	0.56394	0.32177	0.42323	0.5339	0.61696	0.27919	0.43592	0.52155	0.51779	0.51764	0.50918	0.50836	0.42973	0.45001	0.57172	0.52996	0.364	0.4394	0.32822	0.53561	0.53117	0.42309	0.54535	0.36758	0.39928	0.63724	0.46365	0.35782	0.43328	0.57522	0.39566	0.48087	0.61717	0.41871	0.47505	0.43613	0.38013	0.53162	0.57733	0.43852	0.44152	0.41922	0.43519	0.46352	0.48657	0.44839	0.47798	0.56371	0.47331	0.46416	0.46699	0.44304	0.5199	0.62395	0.28902	0.48155	0.42865	0.37601	0.53954	0.48329	0.51825	0.42545	0.40358	0.42567	0.58219	0.57154	0.4804	0.47518	0.40907	0.50171	0.46191	0.39807	0.49316	0.43633	0.46247	0.45545	0.3962	0.4639	0.41699	0.5404	0.45916	0.44646	0.48837	0.4124	0.357	0.43428	0.46541	0.51576	0.53541	0.51528	0.42745	0.47143	0.46878	0.39751	0.32609	0.49619	0.4579	0.53087	0.47188	0.56442	0.37339
0.53054	0.40289	0.45509	0.5447	0.44854	1	0.48852	0.4594	0.41422	0.50748	0.58845	0.34454	0.59894	0.56254	0.42244	0.49774	0.64853	0.53333	0.3618	0.51303	0.72888	0.44397	0.21792	0.4546	0.39656	0.48675	0.47543	0.52254	0.48269	0.45661	0.513	0.60937	0.49394	0.37627	0.56032	0.52014	0.5158	0.58615	0.59053	0.64434	0.51382	0.59237	0.56085	0.55686	0.60337	0.45797	0.51071	0.52215	0.64084	0.32636	0.45944	0.5749	0.56715	0.56247	0.42935	0.61328	0.40367	0.5595	0.50786	0.44652	0.38831	0.43458	0.33385	0.50601	0.71966	0.39933	0.58379	0.37663	0.53115	0.66932	0.49353	0.37911	0.48731	0.52107	0.36705	0.55565	0.6133	0.43148	0.57063	0.48892	0.4352	0.53225	0.60112	0.52671	0.54014	0.43942	0.49544	0.48603	0.35182	0.57341	0.58814	0.62505	0.42709	0.247	0.57024	0.50446	0.61057	0.64519	0.41939	0.4979	0.4453	0.47403	0.59435	0.57509	0.5391	0.49749	0.49103	0.44655	0.61737	0.63789	0.53299	0.50614	0.41237	0.48985	0.5422	0.4406	0.57421	0.54462	0.52751	0.43314	0.46562	0.52876	0.50696	0.53968	0.54434	0.43781	0.58411	0.37701	0.43286	0.57564	0.49777	0.48648	0.4849	0.47171	0.47408	0.41814	0.56423	0.49999	0.48384	0.50893	0.61249	0.50348	0.53022	0.57293	0.39991
0.58904	0.40183	0.55653	0.56377	0.47491	0.48852	1	0.5782	0.50254	0.47653	0.56531	0.50731	0.62068	0.58636	0.46131	0.50656	0.58949	0.61407	0.44929	0.48831	0.58447	0.42866	0.28416	0.40586	0.37985	0.51593	0.45449	0.46806	0.42145	0.4862	0.54952	0.56576	0.5995	0.363	0.49573	0.46626	0.5269	0.59747	0.59818	0.55019	0.5685	0.5214	0.6311	0.49018	0.45399	0.50647	0.62002	0.55086	0.57495	0.3699	0.53281	0.55105	0.49229	0.55235	0.42613	0.50892	0.57771	0.56573	0.48384	0.49675	0.427	0.58287	0.36598	0.5364	0.47414	0.59881	0.54592	0.45559	0.48935	0.58168	0.58431	0.43039	0.44356	0.63022	0.40099	0.58733	0.54073	0.48287	0.58225	0.48037	0.42361	0.58923	0.58065	0.51947	0.53563	0.43036	0.52075	0.58031	0.38023	0.63284	0.56182	0.60094	0.47769	0.45134	0.60783	0.36116	0.56992	0.63145	0.34118	0.48904	0.50292	0.50707	0.59126	0.47901	0.5721	0.54018	0.48719	0.40499	0.53502	0.58418	0.59865	0.54014	0.48239	0.51604	0.58052	0.4749	0.42249	0.51229	0.5319	0.58265	0.38417	0.46271	0.50992	0.55637	0.47632	0.36899	0.49538	0.42451	0.37496	0.53437	0.55585	0.45282	0.57086	0.45232	0.49049	0.55081	0.59137	0.48518	0.52768	0.56895	0.5367	0.50082	0.55736	0.48841	0.51063
0.64126	0.61573	0.55177	0.54343	0.54413	0.4594	0.5782	1	0.67225	0.56814	0.69741	0.66728	0.65028	0.61237	0.52922	0.49863	0.67541	0.6119	0.42993	0.58922	0.53256	0.63449	0.34873	0.63867	0.49993	0.65816	0.53235	0.52515	0.50575	0.58506	0.59065	0.64323	0.7204	0.41531	0.64414	0.56044	0.55493	0.72195	0.67786	0.56492	0.63494	0.56012	0.61284	0.59221	0.52432	0.51044	0.55261	0.62417	0.70656	0.38694	0.59192	0.60574	0.60801	0.65662	0.68155	0.70051	0.64412	0.56406	0.51542	0.64695	0.33629	0.57023	0.46608	0.67275	0.62082	0.51229	0.58123	0.606	0.57061	0.66692	0.6186	0.54195	0.5406	0.71358	0.50408	0.60345	0.65445	0.57044	0.66773	0.57603	0.51029	0.6803	0.73095	0.57457	0.63653	0.54796	0.69051	0.60458	0.52873	0.66441	0.6123	0.7033	0.63888	0.60096	0.5092	0.45798	0.67644	0.69763	0.37068	0.57137	0.56105	0.54381	0.66202	0.56678	0.63788	0.54311	0.58355	0.56582	0.71623	0.72796	0.65514	0.54632	0.5641	0.58936	0.72358	0.54829	0.5917	0.63686	0.61351	0.61845	0.49788	0.67446	0.5661	0.64333	0.61805	0.49909	0.66366	0.59187	0.4219	0.54473	0.61287	0.48393	0.65473	0.50426	0.6467	0.65464	0.6579	0.58959	0.54811	0.5869	0.61422	0.54979	0.62379	0.64497	0.58949
0.53941	0.58472	0.45842	0.42966	0.52137	0.41422	0.50254	0.67225	1	0.47549	0.58687	0.62586	0.5685	0.49307	0.42796	0.42701	0.56209	0.50101	0.3675	0.55922	0.50917	0.76755	0.30879	0.68595	0.54743	0.62482	0.46505	0.48789	0.46765	0.50111	0.51338	0.54342	0.67239	0.35775	0.47532	0.43691	0.4591	0.64692	0.65565	0.57852	0.51914	0.49579	0.47912	0.60656	0.49936	0.45776	0.46279	0.55871	0.62564	0.36892	0.50856	0.62084	0.54735	0.60198	0.62472	0.63239	0.53464	0.4971	0.51246	0.6769	0.33776	0.52314	0.40172	0.62815	0.54561	0.43674	0.58163	0.51974	0.5682	0.60876	0.51906	0.43542	0.50371	0.63327	0.47706	0.50705	0.59993	0.50493	0.54237	0.56351	0.46176	0.53864	0.71869	0.55444	0.56948	0.45478	0.5981	0.49412	0.51586	0.53689	0.50927	0.63221	0.56686	0.58896	0.4596	0.4224	0.60422	0.60641	0.42483	0.57259	0.47829	0.52381	0.59528	0.55213	0.52827	0.5226	0.47171	0.50644	0.58699	0.65846	0.54091	0.56292	0.57281	0.49273	0.61796	0.50061	0.57847	0.50627	0.52265	0.57096	0.38656	0.56091	0.42998	0.54048	0.58399	0.42778	0.5556	0.47759	0.51249	0.49918	0.50634	0.42592	0.6007	0.4065	0.5345	0.59013	0.55965	0.5066	0.50749	0.51002	0.54029	0.53758	0.53936	0.52575	0.50127
0.67677	0.4953	0.38645	0.38997	0.41629	0.50748	0.47653	0.56814	0.47549	1	0.50759	0.44498	0.60212	0.53803	0.54134	0.43031	0.57864	0.43621	0.39512	0.43182	0.51498	0.5018	0.26521	0.43321	0.34149	0.50684	0.40475	0.38067	0.33749	0.62848	0.67789	0.63717	0.57189	0.30843	0.54712	0.45048	0.36431	0.53843	0.49769	0.47673	0.55778	0.48006	0.50449	0.36531	0.44684	0.39553	0.47511	0.46335	0.53144	0.31674	0.57074	0.43247	0.55313	0.58298	0.5042	0.55898	0.48799	0.38522	0.4184	0.54614	0.30545	0.43711	0.48819	0.61492	0.4846	0.43461	0.4948	0.42823	0.49797	0.55695	0.51297	0.57845	0.37306	0.57532	0.46385	0.60346	0.49054	0.63683	0.69102	0.44331	0.37783	0.5048	0.63405	0.55496	0.47244	0.39932	0.53589	0.49433	0.38719	0.68113	0.6112	0.64375	0.61081	0.43372	0.44149	0.30596	0.59533	0.57957	0.19288	0.45394	0.63274	0.61023	0.57743	0.3653	0.57144	0.46696	0.64773	0.48432	0.56836	0.5863	0.58559	0.38828	0.44202	0.51272	0.63021	0.63362	0.4075	0.66714	0.53762	0.63465	0.37963	0.58936	0.5861	0.63108	0.50067	0.40903	0.53418	0.66743	0.30784	0.42253	0.57566	0.34741	0.51885	0.42344	0.48128	0.67092	0.67303	0.42578	0.37471	0.46487	0.5446	0.42912	0.58108	0.54968	0.447
0.61521	0.50351	0.59571	0.58084	0.50294	0.58845	0.56531	0.69741	0.58687	0.50759	1	0.51807	0.6998	0.64104	0.51939	0.50792	0.71524	0.63757	0.47198	0.5833	0.57687	0.56931	0.30365	0.5844	0.4427	0.58935	0.5668	0.58834	0.59151	0.56337	0.60659	0.66577	0.62491	0.41544	0.58871	0.53369	0.60774	0.70787	0.67778	0.62346	0.6243	0.60637	0.64207	0.62062	0.56427	0.61183	0.55707	0.64099	0.67757	0.38121	0.59616	0.63103	0.62205	0.66033	0.60535	0.70885	0.55393	0.54404	0.53224	0.59729	0.40635	0.63448	0.42469	0.66971	0.64344	0.48123	0.59176	0.50963	0.62424	0.67959	0.61231	0.51376	0.52662	0.71234	0.44796	0.63148	0.63759	0.54508	0.67613	0.62912	0.52772	0.67926	0.74209	0.5401	0.64049	0.58172	0.63476	0.5511	0.57215	0.67907	0.67151	0.71005	0.5604	0.44486	0.61246	0.45845	0.64655	0.71291	0.44184	0.6368	0.54553	0.54511	0.71207	0.6162	0.63819	0.55809	0.57865	0.50048	0.69347	0.75208	0.69207	0.62299	0.52792	0.58325	0.68917	0.54046	0.62208	0.62051	0.63669	0.60366	0.43814	0.63721	0.59639	0.68347	0.67353	0.46182	0.59722	0.49757	0.46452	0.64267	0.62384	0.47019	0.69691	0.52711	0.57667	0.54593	0.58563	0.59111	0.51757	0.62208	0.66779	0.58072	0.59339	0.63928	0.48384
0.54015	0.53527	0.42975	0.49857	0.44316	0.34454	0.50731	0.66728	0.62586	0.44498	0.51807	1	0.48865	0.5002	0.4978	0.51549	0.50752	0.51157	0.33398	0.5194	0.46215	0.53718	0.32918	0.58224	0.47774	0.56962	0.46193	0.51473	0.38329	0.47365	0.48654	0.58499	0.66208	0.32717	0.52182	0.52208	0.43025	0.58614	0.61211	0.52179	0.57571	0.53477	0.46285	0.56285	0.49768	0.43282	0.48508	0.51149	0.61369	0.369	0.50812	0.61532	0.54326	0.62607	0.57314	0.56678	0.56244	0.44298	0.55904	0.55654	0.27621	0.44508	0.38758	0.59605	0.57646	0.38643	0.52185	0.58154	0.49671	0.58789	0.50604	0.44597	0.44623	0.61088	0.42756	0.50212	0.57741	0.49172	0.51961	0.5222	0.40783	0.55136	0.66097	0.55056	0.57301	0.56401	0.57248	0.51827	0.48913	0.54918	0.49295	0.66178	0.55702	0.60916	0.39755	0.44981	0.58323	0.57353	0.34173	0.51015	0.41643	0.49265	0.60936	0.51969	0.51622	0.51407	0.44288	0.52125	0.60891	0.66391	0.52302	0.47038	0.50165	0.56275	0.63118	0.43697	0.49136	0.49804	0.48343	0.51475	0.44793	0.53419	0.42813	0.49543	0.49843	0.41475	0.55176	0.49312	0.48186	0.49998	0.4818	0.41356	0.56776	0.46037	0.57029	0.54736	0.568	0.50806	0.5149	0.56525	0.50145	0.47138	0.50696	0.51186	0.53225
0.6629	0.41778	0.65582	0.67683	0.49711	0.59894	0.62068	0.65028	0.5685	0.60212	0.6998	0.48865	1	0.82346	0.66187	0.54789	0.68735	0.63483	0.36509	0.50391	0.62409	0.58208	0.28574	0.50868	0.36507	0.4942	0.47781	0.42579	0.46521	0.61996	0.67687	0.64242	0.66501	0.39714	0.57571	0.50002	0.54582	0.69033	0.62524	0.53165	0.61016	0.49845	0.71599	0.53526	0.42199	0.56392	0.61254	0.59787	0.58	0.46492	0.63707	0.5704	0.51879	0.62806	0.54164	0.61719	0.59984	0.66025	0.46007	0.60945	0.46709	0.68308	0.42616	0.63304	0.55004	0.61517	0.54757	0.50298	0.55753	0.6552	0.72263	0.46405	0.58379	0.65751	0.44682	0.80945	0.55624	0.58782	0.72484	0.54801	0.55918	0.66242	0.64213	0.56112	0.63049	0.57974	0.53302	0.56217	0.48588	0.7507	0.845	0.68636	0.50306	0.46522	0.6056	0.30304	0.62116	0.73306	0.35801	0.57389	0.59841	0.60417	0.68178	0.4818	0.83593	0.77197	0.659	0.45381	0.70348	0.67591	0.84354	0.56405	0.49756	0.55192	0.66007	0.59698	0.45567	0.66857	0.62601	0.68786	0.35773	0.56836	0.75896	0.78193	0.62046	0.37578	0.53352	0.50963	0.42395	0.57915	0.8313	0.38791	0.62925	0.39315	0.5812	0.55501	0.58497	0.45133	0.50097	0.65852	0.73726	0.51329	0.61842	0.49313	0.54223
0.56634	0.37569	0.59983	0.65327	0.44024	0.56254	0.58636	0.61237	0.49307	0.53803	0.64104	0.5002	0.82346	1	0.62115	0.53741	0.54484	0.5702	0.40674	0.42841	0.53115	0.49953	0.28105	0.50591	0.34273	0.48652	0.44445	0.4234	0.35757	0.56926	0.59986	0.59245	0.60285	0.36223	0.49188	0.51576	0.53941	0.61876	0.53376	0.51652	0.61477	0.45043	0.68989	0.53448	0.33352	0.54618	0.60732	0.53162	0.54192	0.41864	0.53778	0.52826	0.49199	0.59262	0.49724	0.56262	0.5752	0.61034	0.41458	0.51084	0.41239	0.60033	0.38354	0.55407	0.54774	0.54283	0.53143	0.54596	0.50455	0.59122	0.6572	0.40474	0.53085	0.59934	0.41231	0.79056	0.48922	0.52369	0.67415	0.49277	0.52015	0.58489	0.58594	0.54459	0.58482	0.50788	0.45826	0.47561	0.49964	0.69755	0.8167	0.63123	0.44122	0.38775	0.51346	0.26893	0.58494	0.6478	0.35276	0.51968	0.52764	0.56609	0.67667	0.46057	0.79786	0.74875	0.57052	0.42376	0.67693	0.64211	0.80853	0.48568	0.42033	0.54564	0.5962	0.48938	0.36913	0.62213	0.55846	0.57287	0.34823	0.56061	0.78379	0.7364	0.5394	0.3183	0.52026	0.44233	0.39388	0.50377	0.78896	0.342	0.57513	0.37766	0.57037	0.48413	0.52308	0.43521	0.4667	0.5648	0.68062	0.46383	0.55464	0.41841	0.5104
0.60773	0.34071	0.50758	0.50008	0.50785	0.42244	0.46131	0.52922	0.42796	0.54134	0.51939	0.4978	0.66187	0.62115	1	0.45732	0.50704	0.51141	0.39361	0.3388	0.48298	0.39275	0.28093	0.37774	0.3386	0.39501	0.41844	0.30028	0.33963	0.57777	0.60265	0.56701	0.55956	0.30168	0.56032	0.47048	0.45925	0.59773	0.51536	0.38802	0.55538	0.38631	0.52626	0.37244	0.31508	0.36164	0.48006	0.45894	0.52346	0.38122	0.58246	0.4444	0.40149	0.54902	0.48957	0.4723	0.46492	0.47605	0.37922	0.5234	0.23118	0.53022	0.43988	0.55624	0.4793	0.39655	0.40762	0.45232	0.34091	0.52457	0.54899	0.47404	0.39639	0.51619	0.42935	0.61295	0.41062	0.57053	0.6483	0.35229	0.36995	0.59068	0.51187	0.46792	0.40936	0.49296	0.43959	0.50425	0.46218	0.63853	0.65884	0.62202	0.4998	0.43119	0.46862	0.26093	0.46439	0.60216	0.17771	0.50681	0.55941	0.52514	0.53827	0.35564	0.65192	0.51561	0.58924	0.41442	0.62274	0.56033	0.67885	0.41289	0.42909	0.47436	0.56969	0.52821	0.34675	0.64616	0.44267	0.57423	0.33573	0.48778	0.6655	0.62011	0.40022	0.30042	0.43147	0.59353	0.2353	0.38524	0.67716	0.28561	0.48603	0.334	0.55463	0.50753	0.54023	0.33131	0.35153	0.50764	0.56002	0.38789	0.46787	0.40784	0.43893
0.44072	0.3838	0.55678	0.58075	0.42757	0.49774	0.50656	0.49863	0.42701	0.43031	0.50792	0.51549	0.54789	0.53741	0.45732	1	0.60645	0.57737	0.39175	0.42143	0.51377	0.38191	0.29866	0.35952	0.35904	0.3789	0.38113	0.44806	0.40276	0.41422	0.48754	0.48606	0.52726	0.24723	0.41042	0.48743	0.44882	0.54497	0.52521	0.49127	0.46043	0.52862	0.60539	0.44893	0.44183	0.41864	0.56423	0.49993	0.5524	0.39624	0.44056	0.56589	0.54627	0.56607	0.43366	0.50454	0.49983	0.49776	0.5527	0.45927	0.34982	0.51838	0.30109	0.4391	0.54142	0.48311	0.50382	0.49052	0.37052	0.61269	0.52706	0.35817	0.39796	0.57189	0.29078	0.52697	0.51386	0.41374	0.49264	0.38341	0.41621	0.56879	0.52325	0.43576	0.43262	0.55194	0.44046	0.50375	0.48137	0.51055	0.52766	0.5465	0.3641	0.44371	0.52322	0.3363	0.50024	0.56751	0.37856	0.44275	0.38144	0.38266	0.55788	0.4663	0.52117	0.48514	0.4223	0.40807	0.53896	0.55556	0.50456	0.45146	0.48158	0.5111	0.46074	0.38795	0.36643	0.47546	0.59509	0.43637	0.36862	0.44469	0.43001	0.47943	0.40127	0.34995	0.39411	0.38566	0.43952	0.51855	0.43371	0.42821	0.57808	0.42399	0.42553	0.46427	0.48152	0.37169	0.48856	0.53327	0.55485	0.48626	0.45795	0.45985	0.51581
0.65724	0.50799	0.49698	0.57678	0.57843	0.64853	0.58949	0.67541	0.56209	0.57864	0.71524	0.50752	0.68735	0.54484	0.50704	0.60645	1	0.68125	0.45184	0.66319	0.68045	0.5446	0.29893	0.53126	0.46921	0.53781	0.54691	0.62354	0.58632	0.58955	0.6831	0.65274	0.64129	0.35599	0.67225	0.50114	0.53089	0.67429	0.71612	0.6099	0.5758	0.6491	0.65701	0.57867	0.68634	0.48095	0.56223	0.66131	0.70139	0.40817	0.61307	0.69504	0.67785	0.68796	0.58267	0.66818	0.53125	0.57412	0.63436	0.61408	0.39215	0.58175	0.44153	0.64167	0.70003	0.56681	0.64168	0.52266	0.57319	0.75269	0.6025	0.51072	0.46911	0.65604	0.42908	0.59215	0.71402	0.58605	0.66942	0.57546	0.41058	0.67467	0.63479	0.57752	0.60634	0.53311	0.62784	0.55413	0.5078	0.67473	0.58702	0.69075	0.61095	0.47911	0.64743	0.56057	0.65991	0.70129	0.44264	0.58415	0.61599	0.55262	0.69082	0.57833	0.59764	0.52766	0.60701	0.4908	0.66674	0.71211	0.61127	0.60161	0.49721	0.64138	0.6631	0.59604	0.64045	0.62532	0.65678	0.64433	0.50414	0.63465	0.54612	0.64984	0.62137	0.52619	0.58982	0.57535	0.48473	0.62038	0.55619	0.55923	0.67344	0.57098	0.53703	0.62325	0.61711	0.51544	0.53553	0.57826	0.65502	0.65221	0.56426	0.66974	0.50372
0.52811	0.44897	0.52829	0.62219	0.51028	0.53333	0.61407	0.6119	0.50101	0.43621	0.63757	0.51157	0.63483	0.5702	0.51141	0.57737	0.68125	1	0.37018	0.54117	0.55017	0.44317	0.32713	0.52012	0.49308	0.51238	0.53015	0.52017	0.49575	0.50117	0.5611	0.64001	0.64929	0.41388	0.61771	0.50188	0.45091	0.66836	0.62931	0.548	0.52402	0.51028	0.61612	0.59558	0.50413	0.49251	0.56203	0.66997	0.64437	0.46368	0.56612	0.64214	0.53745	0.63234	0.57982	0.61706	0.53496	0.60857	0.51274	0.56779	0.41222	0.58604	0.42404	0.65398	0.51965	0.60647	0.60179	0.53362	0.55155	0.59442	0.6348	0.4313	0.52252	0.59052	0.43545	0.58515	0.57684	0.47095	0.57872	0.523	0.44843	0.61774	0.58207	0.59461	0.57792	0.50736	0.50981	0.59108	0.5552	0.59714	0.56475	0.66752	0.54715	0.42472	0.58837	0.52367	0.60605	0.66655	0.44069	0.58669	0.51654	0.48219	0.61859	0.56644	0.59829	0.53785	0.51244	0.45613	0.6542	0.69085	0.60707	0.59959	0.55186	0.59592	0.6052	0.49562	0.51083	0.54018	0.62329	0.54398	0.45082	0.57231	0.52347	0.6415	0.59565	0.3892	0.54637	0.49566	0.43563	0.63058	0.58213	0.42273	0.64183	0.42013	0.5693	0.58581	0.574	0.46794	0.55737	0.58611	0.63204	0.57134	0.54324	0.57831	0.5515
0.37508	0.37796	0.37958	0.37368	0.43244	0.3618	0.44929	0.42993	0.3675	0.39512	0.47198	0.33398	0.36509	0.40674	0.39361	0.39175	0.45184	0.37018	1	0.43844	0.39505	0.33905	0.22302	0.3043	0.34162	0.38493	0.34515	0.39706	0.40116	0.31589	0.3719	0.42414	0.3919	0.26844	0.3017	0.4147	0.38687	0.42407	0.54577	0.4046	0.40721	0.60596	0.37597	0.35855	0.4715	0.30301	0.36453	0.40471	0.48945	0.24199	0.28519	0.43662	0.49098	0.42537	0.32936	0.43245	0.36507	0.33025	0.58043	0.36735	0.29766	0.40096	0.25043	0.39416	0.43171	0.27027	0.37132	0.34498	0.38657	0.52998	0.36496	0.32811	0.2921	0.4862	0.30034	0.41874	0.47963	0.31315	0.42046	0.31793	0.31346	0.43484	0.46503	0.43414	0.3629	0.38686	0.38123	0.41825	0.39046	0.41266	0.42961	0.43129	0.32546	0.34308	0.40942	0.34733	0.39723	0.42403	0.24674	0.42152	0.31195	0.26964	0.41987	0.37942	0.39271	0.35314	0.3076	0.30737	0.38969	0.47901	0.42551	0.36271	0.33809	0.33363	0.41581	0.28587	0.4096	0.34924	0.40232	0.34402	0.39994	0.40946	0.36412	0.3825	0.33335	0.28873	0.32059	0.28913	0.31733	0.41117	0.35963	0.41362	0.44567	0.47256	0.36358	0.3782	0.35555	0.39944	0.32652	0.39656	0.44111	0.44972	0.42691	0.52806	0.28453
0.55332	0.49627	0.38718	0.43105	0.56121	0.51303	0.48831	0.58922	0.55922	0.43182	0.5833	0.5194	0.50391	0.42841	0.3388	0.42143	0.66319	0.54117	0.43844	1	0.6889	0.61466	0.26353	0.62249	0.42545	0.53228	0.60269	0.64948	0.5739	0.44487	0.48059	0.60473	0.6102	0.37339	0.56955	0.45341	0.506	0.6274	0.64724	0.62209	0.50711	0.69397	0.51568	0.67523	0.64251	0.33166	0.44838	0.66871	0.73052	0.30787	0.44658	0.69865	0.63548	0.63938	0.57514	0.69664	0.43228	0.44098	0.60595	0.57768	0.35408	0.46805	0.33634	0.61473	0.59559	0.50014	0.60978	0.41289	0.57503	0.65487	0.50323	0.46376	0.48795	0.59387	0.40646	0.48024	0.69476	0.44224	0.48186	0.54556	0.33434	0.57801	0.64287	0.58433	0.63257	0.51436	0.52871	0.52832	0.49786	0.46142	0.42956	0.64943	0.54198	0.42481	0.48044	0.62679	0.65468	0.62264	0.4592	0.56528	0.44353	0.39784	0.55803	0.62484	0.48363	0.39074	0.43723	0.46731	0.55205	0.67344	0.51106	0.60066	0.41535	0.58713	0.60028	0.43338	0.77228	0.41364	0.56827	0.49277	0.46569	0.49432	0.40621	0.55246	0.61786	0.50642	0.61648	0.45539	0.52143	0.65059	0.40782	0.54169	0.6397	0.52307	0.41971	0.54559	0.54974	0.604	0.39759	0.56454	0.54872	0.59777	0.44786	0.65184	0.43843
0.62452	0.41305	0.54079	0.52941	0.52235	0.72888	0.58447	0.53256	0.50917	0.51498	0.57687	0.46215	0.62409	0.53115	0.48298	0.51377	0.68045	0.55017	0.39505	0.6889	1	0.51012	0.26385	0.54244	0.49123	0.50749	0.51846	0.62226	0.43133	0.4705	0.53594	0.58753	0.57076	0.35948	0.55752	0.45295	0.59031	0.59225	0.65774	0.63075	0.51636	0.60447	0.58925	0.59287	0.58473	0.38078	0.51268	0.61331	0.68638	0.43558	0.52149	0.69806	0.57406	0.60969	0.47873	0.6041	0.44182	0.60472	0.5409	0.50308	0.41917	0.57675	0.33882	0.59784	0.67464	0.58336	0.58928	0.42239	0.50189	0.69554	0.58888	0.44277	0.52921	0.61662	0.39863	0.56154	0.66736	0.47097	0.54978	0.53043	0.42151	0.63469	0.6123	0.52983	0.57778	0.5231	0.47229	0.60147	0.40828	0.55656	0.54916	0.65009	0.49399	0.38682	0.58618	0.45814	0.63985	0.66909	0.39977	0.57507	0.49133	0.4665	0.5633	0.60126	0.55989	0.46514	0.47922	0.45914	0.60589	0.70574	0.57641	0.56916	0.43742	0.55272	0.60125	0.4507	0.6063	0.50045	0.56069	0.52285	0.4564	0.49477	0.53427	0.61722	0.53456	0.48333	0.59684	0.4363	0.39817	0.63979	0.51162	0.48565	0.5904	0.46118	0.47704	0.51827	0.5779	0.52423	0.45291	0.67267	0.58326	0.52204	0.43143	0.57848	0.46284
0.5508	0.55215	0.45539	0.43197	0.50249	0.44397	0.42866	0.63449	0.76755	0.5018	0.56931	0.53718	0.58208	0.49953	0.39275	0.38191	0.5446	0.44317	0.33905	0.61466	0.51012	1	0.25895	0.67208	0.53803	0.58028	0.48198	0.5377	0.46098	0.45117	0.48123	0.53847	0.61521	0.37958	0.50512	0.42424	0.41685	0.60074	0.61385	0.56903	0.50945	0.5411	0.49556	0.5969	0.5736	0.4388	0.43294	0.54637	0.63865	0.39808	0.4743	0.58946	0.56728	0.58209	0.63824	0.63457	0.52586	0.45972	0.49153	0.71194	0.38776	0.5052	0.38101	0.60187	0.53161	0.46868	0.60215	0.47212	0.56533	0.60406	0.48142	0.417	0.48714	0.5646	0.42895	0.48993	0.60405	0.45616	0.51345	0.53427	0.48111	0.53913	0.71579	0.54572	0.63335	0.40493	0.57927	0.50979	0.40158	0.4902	0.51753	0.60045	0.53619	0.5136	0.44179	0.40189	0.57615	0.61619	0.39501	0.55102	0.44442	0.46065	0.57106	0.51734	0.53501	0.4876	0.44835	0.51317	0.56547	0.62847	0.54674	0.5247	0.53531	0.45542	0.61452	0.47433	0.55287	0.45156	0.50325	0.5364	0.36397	0.54802	0.48008	0.54804	0.59537	0.50909	0.55802	0.45419	0.46133	0.49451	0.48192	0.46133	0.60075	0.42133	0.53462	0.54841	0.48601	0.54228	0.46452	0.49265	0.50954	0.47935	0.51313	0.53791	0.44005
0.26332	0.29337	0.24162	0.30306	0.2196	0.21792	0.28416	0.34873	0.30879	0.26521	0.30365	0.32918	0.28574	0.28105	0.28093	0.29866	0.29893	0.32713	0.22302	0.26353	0.26385	0.25895	1	0.25566	0.21614	0.30739	0.30354	0.28529	0.26593	0.23677	0.28406	0.32736	0.34333	0.23267	0.29311	0.26964	0.24395	0.31283	0.32043	0.2882	0.31115	0.28818	0.35982	0.31513	0.24698	0.25724	0.31237	0.28032	0.31531	0.26238	0.26229	0.34154	0.26528	0.31734	0.30277	0.27849	0.29631	0.26813	0.31021	0.30529	0.18654	0.28201	0.21265	0.31169	0.27065	0.24617	0.31317	0.37927	0.29517	0.30294	0.32379	0.2271	0.30689	0.32127	0.18242	0.24748	0.27327	0.23865	0.298	0.30146	0.22233	0.2675	0.34165	0.28798	0.29757	0.27171	0.30868	0.32945	0.28068	0.3272	0.24709	0.36679	0.28897	0.24819	0.24484	0.26395	0.31138	0.30402	0.30207	0.30609	0.24326	0.25547	0.34279	0.30352	0.25055	0.30669	0.24501	0.26705	0.31777	0.34337	0.27715	0.25791	0.27668	0.26999	0.31868	0.24931	0.26584	0.27847	0.3371	0.2516	0.26245	0.2703	0.20856	0.2815	0.31576	0.20006	0.31364	0.27739	0.29758	0.30713	0.25268	0.23975	0.27924	0.25102	0.33015	0.32231	0.31019	0.26877	0.24958	0.27625	0.3004	0.25252	0.24268	0.27495	0.35512
0.53249	0.55493	0.40973	0.44258	0.46733	0.4546	0.40586	0.63867	0.68595	0.43321	0.5844	0.58224	0.50868	0.50591	0.37774	0.35952	0.53126	0.52012	0.3043	0.62249	0.54244	0.67208	0.25566	1	0.52183	0.6287	0.48205	0.55341	0.46843	0.4573	0.45652	0.56697	0.62792	0.4336	0.53963	0.45229	0.49961	0.60875	0.56509	0.57838	0.52019	0.48366	0.49249	0.63871	0.50756	0.44996	0.44944	0.57246	0.60139	0.29569	0.4699	0.63491	0.56329	0.59183	0.62837	0.65346	0.45306	0.44481	0.46596	0.62721	0.31039	0.48498	0.37858	0.58773	0.55528	0.42538	0.54037	0.52075	0.51562	0.53774	0.48632	0.46344	0.5059	0.62896	0.41814	0.47746	0.57601	0.42183	0.5039	0.55474	0.39703	0.60063	0.66124	0.53236	0.63575	0.42799	0.56742	0.49686	0.55115	0.516	0.48533	0.6263	0.51682	0.53905	0.46539	0.45371	0.59248	0.58992	0.38462	0.56133	0.44917	0.48371	0.57154	0.5262	0.48541	0.45221	0.42876	0.45164	0.58982	0.65672	0.54119	0.52552	0.54611	0.5168	0.594	0.4283	0.56994	0.48783	0.52724	0.50313	0.35861	0.52549	0.45043	0.52383	0.58705	0.3881	0.62011	0.46498	0.44497	0.51635	0.4439	0.373	0.5875	0.404	0.51961	0.5407	0.53631	0.58575	0.44794	0.53883	0.50832	0.48522	0.48534	0.5635	0.48183
0.44607	0.44957	0.34974	0.34796	0.43362	0.39656	0.37985	0.49993	0.54743	0.34149	0.4427	0.47774	0.36507	0.34273	0.3386	0.35904	0.46921	0.49308	0.34162	0.42545	0.49123	0.53803	0.21614	0.52183	1	0.40552	0.4652	0.43523	0.32755	0.37305	0.42056	0.46627	0.50144	0.30264	0.50065	0.46579	0.30731	0.4657	0.55556	0.46445	0.36806	0.43398	0.31074	0.48905	0.49841	0.28954	0.32832	0.48811	0.50299	0.38692	0.37741	0.48912	0.39893	0.52939	0.43166	0.44858	0.37824	0.49052	0.46107	0.50054	0.27031	0.38485	0.29962	0.50924	0.44578	0.39002	0.49516	0.42813	0.42961	0.48893	0.40574	0.33718	0.39909	0.47002	0.39458	0.34483	0.51014	0.38804	0.41423	0.41358	0.34036	0.42823	0.50404	0.44609	0.45513	0.29765	0.43045	0.49925	0.38595	0.38833	0.31205	0.49848	0.51928	0.38874	0.39465	0.44848	0.42921	0.45578	0.29918	0.48523	0.40628	0.38595	0.47475	0.46736	0.36527	0.29938	0.35177	0.37029	0.4795	0.60114	0.34887	0.44346	0.4595	0.4914	0.49029	0.37756	0.39924	0.36974	0.41318	0.42845	0.46376	0.45625	0.3259	0.38642	0.41957	0.48238	0.4515	0.36719	0.27987	0.43035	0.33974	0.43419	0.45112	0.41302	0.44155	0.48513	0.46832	0.42499	0.44093	0.43545	0.43977	0.46722	0.3872	0.48101	0.43991
0.51905	0.66582	0.49558	0.40806	0.46204	0.48675	0.51593	0.65816	0.62482	0.50684	0.58935	0.56962	0.4942	0.48652	0.39501	0.3789	0.53781	0.51238	0.38493	0.53228	0.50749	0.58028	0.30739	0.6287	0.40552	1	0.56222	0.59741	0.48111	0.47107	0.48203	0.58704	0.59616	0.39718	0.52501	0.45403	0.44677	0.60537	0.63936	0.56694	0.55647	0.5513	0.48021	0.60794	0.55102	0.50838	0.5092	0.56875	0.67309	0.31787	0.4451	0.63987	0.60634	0.51147	0.52817	0.64455	0.54743	0.46166	0.49021	0.54857	0.29923	0.49377	0.40479	0.58954	0.6083	0.42727	0.61312	0.55419	0.54535	0.57771	0.49818	0.47292	0.45201	0.58655	0.4631	0.48188	0.60751	0.44454	0.55281	0.56859	0.32682	0.5533	0.69869	0.54994	0.61736	0.4049	0.61499	0.48406	0.48986	0.56996	0.49686	0.64131	0.52777	0.52821	0.4141	0.48609	0.62893	0.65387	0.44538	0.55227	0.48822	0.46294	0.62053	0.55054	0.44781	0.48711	0.46616	0.56561	0.62604	0.6347	0.49824	0.47084	0.56759	0.5248	0.62413	0.4348	0.57781	0.49884	0.58433	0.48712	0.39089	0.57844	0.43363	0.50277	0.55831	0.41721	0.5991	0.4943	0.44538	0.54433	0.43591	0.43568	0.54219	0.45927	0.45865	0.48788	0.55868	0.57213	0.44479	0.48579	0.51324	0.4955	0.55175	0.62189	0.53277
0.42206	0.41178	0.40045	0.39353	0.51947	0.47543	0.45449	0.53235	0.46505	0.40475	0.5668	0.46193	0.47781	0.44445	0.41844	0.38113	0.54691	0.53015	0.34515	0.60269	0.51846	0.48198	0.30354	0.48205	0.4652	0.56222	1	0.60843	0.51125	0.34055	0.41383	0.48895	0.52085	0.38912	0.44719	0.37958	0.39585	0.53154	0.57201	0.58935	0.47707	0.54295	0.42912	0.62543	0.59592	0.41426	0.44774	0.61497	0.6519	0.34828	0.34504	0.63154	0.52784	0.54088	0.46861	0.62883	0.41907	0.38734	0.45467	0.49657	0.31579	0.4416	0.25066	0.56147	0.52745	0.45957	0.62189	0.42192	0.46505	0.62776	0.52646	0.35809	0.52252	0.54887	0.38993	0.41495	0.61158	0.31629	0.4372	0.56274	0.33567	0.50297	0.55262	0.49323	0.59426	0.40895	0.43792	0.4371	0.50903	0.44177	0.39522	0.59661	0.49373	0.3341	0.43428	0.57986	0.5154	0.59681	0.44111	0.44368	0.31678	0.3172	0.53884	0.57926	0.47114	0.44956	0.34465	0.46942	0.54831	0.59451	0.45637	0.51294	0.41634	0.50148	0.51839	0.34352	0.56796	0.33711	0.46324	0.37254	0.44986	0.46397	0.36936	0.49349	0.55276	0.42917	0.61823	0.37366	0.50575	0.56993	0.43149	0.49278	0.57029	0.5669	0.39118	0.42417	0.47301	0.55817	0.34675	0.43787	0.52187	0.56434	0.39997	0.53472	0.4506
0.49607	0.46413	0.39847	0.42567	0.4767	0.52254	0.46806	0.52515	0.48789	0.38067	0.58834	0.51473	0.42579	0.4234	0.30028	0.44806	0.62354	0.52017	0.39706	0.64948	0.62226	0.5377	0.28529	0.55341	0.43523	0.59741	0.60843	1	0.4717	0.38817	0.43811	0.5337	0.55839	0.39921	0.50162	0.42755	0.51285	0.58527	0.62949	0.66159	0.49948	0.59954	0.47963	0.69423	0.63788	0.39118	0.47053	0.58168	0.6673	0.31865	0.4391	0.75224	0.59205	0.61625	0.52937	0.64535	0.42904	0.41997	0.53948	0.48051	0.36148	0.47219	0.3092	0.55954	0.60787	0.50646	0.65848	0.48996	0.46086	0.62375	0.46847	0.40307	0.45206	0.57479	0.38889	0.46046	0.64293	0.37606	0.4628	0.63011	0.3746	0.54465	0.5967	0.54942	0.60885	0.42137	0.49729	0.5058	0.50737	0.48301	0.39571	0.62354	0.48543	0.40056	0.4621	0.60252	0.59031	0.62665	0.53969	0.43818	0.36637	0.36563	0.5892	0.66643	0.39592	0.41861	0.37696	0.4664	0.55687	0.64262	0.45644	0.5552	0.46848	0.50294	0.57223	0.35527	0.61869	0.43719	0.52992	0.4583	0.4148	0.51222	0.35444	0.4879	0.56223	0.49996	0.59732	0.42248	0.5252	0.58295	0.35386	0.47878	0.57797	0.49376	0.44224	0.50082	0.5087	0.62664	0.50476	0.47273	0.52866	0.53493	0.45356	0.56705	0.42506
0.42718	0.4146	0.38462	0.4362	0.48736	0.48269	0.42145	0.50575	0.46765	0.33749	0.59151	0.38329	0.46521	0.35757	0.33963	0.40276	0.58632	0.49575	0.40116	0.5739	0.43133	0.46098	0.26593	0.46843	0.32755	0.48111	0.51125	0.4717	1	0.38319	0.39919	0.49301	0.54051	0.39238	0.51944	0.41177	0.47161	0.53471	0.60207	0.52025	0.4349	0.56836	0.49255	0.52255	0.5724	0.42723	0.41899	0.54235	0.5747	0.35005	0.43609	0.56986	0.5857	0.50668	0.47223	0.61508	0.49351	0.32964	0.48513	0.55041	0.33696	0.43276	0.30567	0.52934	0.59245	0.36419	0.46951	0.4107	0.49753	0.59375	0.42532	0.38367	0.48236	0.51236	0.30534	0.44582	0.58402	0.32515	0.44195	0.50674	0.33124	0.46648	0.54597	0.46751	0.52572	0.40105	0.52748	0.40222	0.47634	0.42957	0.42858	0.50349	0.46559	0.4138	0.56426	0.52204	0.5283	0.55853	0.45469	0.47063	0.33466	0.34603	0.52851	0.49448	0.38364	0.38081	0.38468	0.30635	0.52318	0.52194	0.41444	0.47009	0.40849	0.43766	0.52171	0.38568	0.58555	0.40465	0.50012	0.36643	0.38169	0.48926	0.32304	0.417	0.53439	0.36881	0.57782	0.37505	0.4788	0.56156	0.36071	0.51728	0.57876	0.53205	0.42349	0.43672	0.43924	0.47303	0.40885	0.4364	0.47651	0.50029	0.46255	0.57084	0.4548
0.75989	0.50627	0.44617	0.42791	0.4124	0.45661	0.4862	0.58506	0.50111	0.62848	0.56337	0.47365	0.61996	0.56926	0.57777	0.41422	0.58955	0.50117	0.31589	0.44487	0.4705	0.45117	0.23677	0.4573	0.37305	0.47107	0.34055	0.38817	0.38319	1	0.89436	0.70832	0.62947	0.32224	0.6614	0.55396	0.4872	0.61804	0.48277	0.45296	0.55105	0.40963	0.51271	0.38259	0.31174	0.42684	0.49702	0.45157	0.50001	0.37574	0.84147	0.42425	0.50198	0.59518	0.51136	0.50742	0.44044	0.46737	0.36842	0.5196	0.23143	0.44776	0.6243	0.69129	0.51003	0.40311	0.34838	0.49476	0.46544	0.50621	0.4859	0.60856	0.33579	0.51117	0.46771	0.64224	0.40578	0.87635	0.86397	0.42461	0.31406	0.50048	0.59801	0.57101	0.44409	0.38431	0.49684	0.50171	0.42755	0.84121	0.64136	0.67301	0.66465	0.44509	0.49192	0.29556	0.59456	0.62921	0.1987	0.48098	0.86074	0.85693	0.68244	0.35378	0.56892	0.47876	0.94482	0.389	0.6378	0.57784	0.63622	0.44356	0.44352	0.64709	0.67802	0.89625	0.39361	0.83515	0.54721	0.85156	0.35323	0.63769	0.62837	0.66242	0.45327	0.30468	0.46375	0.80205	0.2626	0.38404	0.62472	0.23591	0.45909	0.3193	0.52062	0.69153	0.69679	0.36708	0.40918	0.47393	0.63334	0.38098	0.5066	0.50023	0.44241
0.75426	0.52795	0.49158	0.46149	0.42886	0.513	0.54952	0.59065	0.51338	0.67789	0.60659	0.48654	0.67687	0.59986	0.60265	0.48754	0.6831	0.5611	0.3719	0.48059	0.53594	0.48123	0.28406	0.45652	0.42056	0.48203	0.41383	0.43811	0.39919	0.89436	1	0.71	0.63679	0.33196	0.70785	0.54429	0.48918	0.63089	0.52419	0.52484	0.5347	0.47444	0.57267	0.41204	0.37747	0.44069	0.54396	0.52206	0.55803	0.43073	0.80629	0.48998	0.56459	0.62279	0.52577	0.51407	0.4827	0.54606	0.44571	0.57012	0.30225	0.51993	0.61724	0.65607	0.55534	0.48534	0.41035	0.49467	0.46433	0.57285	0.52473	0.62182	0.40073	0.54298	0.46896	0.67212	0.4652	0.86527	0.86812	0.45859	0.32117	0.53873	0.61664	0.57294	0.46792	0.44727	0.54028	0.55465	0.43631	0.85214	0.66646	0.6774	0.65733	0.43866	0.52794	0.36245	0.58897	0.65931	0.24601	0.54743	0.87182	0.84884	0.70421	0.36406	0.59374	0.49397	0.90185	0.43328	0.63142	0.60816	0.66494	0.47817	0.4836	0.68377	0.66182	0.87326	0.3864	0.83455	0.59423	0.84083	0.4012	0.6096	0.6615	0.69526	0.47292	0.34018	0.51614	0.79358	0.3251	0.42968	0.64683	0.31275	0.52165	0.38508	0.55325	0.71546	0.72347	0.35601	0.44661	0.53188	0.65491	0.44771	0.49474	0.51872	0.4672
0.75313	0.58052	0.48321	0.55959	0.47365	0.60937	0.56576	0.64323	0.54342	0.63717	0.66577	0.58499	0.64242	0.59245	0.56701	0.48606	0.65274	0.64001	0.42414	0.60473	0.58753	0.53847	0.32736	0.56697	0.46627	0.58704	0.48895	0.5337	0.49301	0.70832	0.71	1	0.72082	0.43323	0.76564	0.64831	0.53716	0.74099	0.63942	0.61978	0.61875	0.59585	0.61661	0.55716	0.49728	0.44878	0.58059	0.61789	0.70146	0.48784	0.67198	0.62467	0.61386	0.72303	0.63147	0.67646	0.53767	0.54703	0.56997	0.61689	0.37486	0.54374	0.56174	0.76993	0.59789	0.48341	0.5687	0.5433	0.62939	0.61638	0.56909	0.63291	0.49469	0.6255	0.51883	0.63689	0.60127	0.67362	0.76189	0.53809	0.406	0.64546	0.7316	0.64968	0.62873	0.49098	0.58024	0.58333	0.51508	0.73927	0.65874	0.84677	0.70105	0.50572	0.54628	0.4874	0.74251	0.71732	0.38	0.60448	0.68131	0.69205	0.75152	0.5565	0.62545	0.55024	0.72636	0.48474	0.73565	0.75522	0.63328	0.5629	0.53818	0.72044	0.76421	0.6722	0.54679	0.70456	0.65248	0.69891	0.47358	0.70587	0.58553	0.6696	0.63889	0.44235	0.65721	0.68867	0.3932	0.59134	0.5998	0.42987	0.60399	0.45836	0.62612	0.69691	0.73454	0.52196	0.5769	0.5924	0.6716	0.52459	0.67035	0.65689	0.53284
0.71309	0.54843	0.52874	0.53891	0.55346	0.49394	0.5995	0.7204	0.67239	0.57189	0.62491	0.66208	0.66501	0.60285	0.55956	0.52726	0.64129	0.64929	0.3919	0.6102	0.57076	0.61521	0.34333	0.62792	0.50144	0.59616	0.52085	0.55839	0.54051	0.62947	0.63679	0.72082	1	0.40871	0.67379	0.5715	0.52518	0.72726	0.73027	0.61203	0.645	0.57257	0.61472	0.60066	0.50279	0.47061	0.55269	0.65359	0.7148	0.39202	0.65296	0.66055	0.53516	0.76456	0.64145	0.69854	0.61546	0.56713	0.53741	0.63866	0.35059	0.53255	0.48903	0.76919	0.55423	0.53238	0.62002	0.54421	0.57816	0.63206	0.62318	0.55485	0.5277	0.66704	0.56139	0.64788	0.63627	0.58409	0.67916	0.59121	0.44105	0.66543	0.70403	0.62273	0.62976	0.52139	0.6234	0.56391	0.54493	0.69249	0.62419	0.75095	0.70859	0.59931	0.54748	0.4576	0.76004	0.74066	0.44021	0.61807	0.59554	0.62159	0.71244	0.58126	0.62465	0.54322	0.61863	0.51462	0.7031	0.76834	0.63518	0.59457	0.58021	0.6653	0.75559	0.60302	0.53293	0.64365	0.59703	0.67555	0.48042	0.68609	0.52585	0.64272	0.63585	0.43585	0.66068	0.63277	0.50049	0.65723	0.58628	0.41024	0.63289	0.42344	0.61681	0.68055	0.67227	0.58489	0.5409	0.60222	0.61717	0.58676	0.57344	0.63915	0.50167
0.31465	0.3548	0.2675	0.39289	0.28653	0.37627	0.363	0.41531	0.35775	0.30843	0.41544	0.32717	0.39714	0.36223	0.30168	0.24723	0.35599	0.41388	0.26844	0.37339	0.35948	0.37958	0.23267	0.4336	0.30264	0.39718	0.38912	0.39921	0.39238	0.32224	0.33196	0.43323	0.40871	1	0.40465	0.28269	0.27217	0.40914	0.45581	0.43045	0.39983	0.35763	0.39325	0.45285	0.37478	0.34105	0.35264	0.34618	0.45803	0.16433	0.33495	0.44479	0.41964	0.4288	0.3985	0.46444	0.35027	0.28785	0.3348	0.38073	0.19411	0.31617	0.22672	0.37961	0.39069	0.34124	0.45049	0.40947	0.41354	0.38828	0.39678	0.28487	0.43729	0.40241	0.24374	0.39708	0.43058	0.30044	0.35188	0.47268	0.27535	0.37294	0.48344	0.31662	0.48604	0.22919	0.38568	0.33933	0.32258	0.38154	0.38005	0.46467	0.33484	0.34033	0.37322	0.3546	0.4375	0.43659	0.38248	0.39683	0.28551	0.31598	0.39016	0.33651	0.38671	0.37273	0.33121	0.34536	0.43031	0.44551	0.37689	0.31447	0.39018	0.32488	0.3844	0.31906	0.33719	0.37016	0.38514	0.34555	0.32116	0.38498	0.37284	0.41486	0.41448	0.26805	0.4322	0.29228	0.39958	0.37948	0.38749	0.38527	0.46277	0.34929	0.42848	0.3602	0.39466	0.4587	0.36016	0.30337	0.39045	0.22268	0.39527	0.35343	0.42542
0.69928	0.4884	0.42081	0.47659	0.4676	0.56032	0.49573	0.64414	0.47532	0.54712	0.58871	0.52182	0.57571	0.49188	0.56032	0.41042	0.67225	0.61771	0.3017	0.56955	0.55752	0.50512	0.29311	0.53963	0.50065	0.52501	0.44719	0.50162	0.51944	0.6614	0.70785	0.76564	0.67379	0.40465	1	0.57087	0.54229	0.67814	0.59235	0.53523	0.5817	0.50863	0.51698	0.51389	0.48787	0.37202	0.48259	0.61963	0.63602	0.4389	0.69698	0.58305	0.51837	0.61743	0.59782	0.60556	0.50685	0.53529	0.43852	0.60787	0.35623	0.45547	0.48156	0.67753	0.61874	0.53743	0.48904	0.51688	0.50348	0.55537	0.5034	0.5956	0.45154	0.56364	0.48826	0.58689	0.54911	0.64006	0.69967	0.50463	0.35056	0.61874	0.60534	0.56404	0.56686	0.45149	0.5764	0.59021	0.40551	0.68266	0.56201	0.70169	0.65571	0.46112	0.54155	0.52638	0.61433	0.68013	0.34975	0.59641	0.65323	0.64676	0.67228	0.49861	0.55958	0.43748	0.65318	0.4531	0.66779	0.66089	0.54717	0.54822	0.50267	0.68578	0.70076	0.65238	0.49788	0.67873	0.56185	0.66262	0.43011	0.60857	0.56186	0.56915	0.51121	0.432	0.58026	0.67632	0.38273	0.51292	0.54743	0.39812	0.52123	0.40122	0.6011	0.6691	0.71006	0.47062	0.50335	0.56566	0.58167	0.48197	0.53562	0.56754	0.51284
