1	0.3013	0.14318	0.30706	0.27165	0.17363	0.039503	0.18335	0.19521	0.27522	0.41016	0.1645	0.13839	0.25733	0.27351	0.12396	0.27018	0.30407	0.10285	0.27913	0.1543	0.33169	0.21365	0.27727	0.298	0.25604	0.33225	0.056226	0.22705	0.35312	0.27359	0.28206	0.16538	0.30224	0.35805	0.21305	0.12471	0.32756	0.12678	0.22936	0.20611	0.20377	0.31231	0.13916	0.19642	0.18658	0.26486	0.23529	0.37545	0.29429	0.13688	0.11295	0.062836	0.19593	0.27245	0.34406	0.29482	0.19885	0.35457	0.308	0.40182	0.28583	0.31094	0.25308	0.077914	0.34385	0.26839	0.31611	0.19046	0.32582	0.26576	0.21732	0.36132	0.28391	0.24302	0.23675	0.21424	0.3588	0.17936	0.29579	0.31079	0.25217	0.26128	0.29974	0.23205	0.18075	0.2117	0.31874	0.28032	0.3952	0.28556	0.20085	0.22845	0.28733	0.28404	0.19988	0.32562	0.30772	0.21899	0.34662	0.17545	0.14162	0.30168	0.21763	0.28711	0.26498	0.28108	0.20523	0.17324	0.25873	0.20597	0.35108	0.26165	0.26918	0.38935	0.38875	0.28645	0.35701	0.3359	0.13792	0.25922	0.33033	0.36856	0.23195	0.17868	0.33588	0.30756	0.18358	0.33852	0.43117	0.28433	0.23561	0.31081	0.19632	0.21883	0.22243	0.14008	0.24533	0.29071	0.18797	0.27893	0.34884	0.30938	0.11307	0.23576
0.3013	1	0.22474	0.44802	0.4964	0.25032	0.066368	0.27072	0.46708	0.52125	0.58286	0.12347	0.1653	0.39191	0.35297	0.14917	0.55309	0.45097	0.1447	0.23642	0.23442	0.42184	0.2834	0.3256	0.79533	0.35251	0.53429	0.068757	0.24039	0.55518	0.49936	0.39255	0.29356	0.38081	0.52424	0.25624	0.25711	0.52964	0.12715	0.32267	0.46734	0.46814	0.34691	0.073794	0.053936	0.41393	0.17351	0.17402	0.50704	0.50768	0.26743	0.28702	0.19218	0.35412	0.3775	0.48273	0.37272	0.22355	0.59819	0.54992	0.55621	0.4696	0.57458	0.50502	0.2308	0.56071	0.3268	0.573	0.39071	0.41161	0.53141	0.48026	0.56402	0.38899	0.27837	0.3129	0.25742	0.47863	0.27905	0.30687	0.41313	0.27657	0.40468	0.3586	0.27451	0.23277	0.47314	0.54236	0.48721	0.45447	0.32559	0.45864	0.33362	0.28434	0.17196	0.21451	0.30409	0.41553	0.33832	0.50057	0.25134	0.043802	0.47331	0.14546	0.27302	0.46837	0.4654	0.15255	0.29483	0.48102	0.53295	0.70218	0.38433	0.36927	0.55446	0.55801	0.43415	0.60887	0.588	0.20107	0.32712	0.49626	0.44187	0.36221	0.33491	0.35824	0.31959	0.34777	0.45203	0.53251	0.45972	0.42268	0.43606	0.35225	0.27172	0.35671	0.097504	0.15837	0.44955	0.28015	0.39782	0.56452	0.38504	0.17463	0.23903
0.14318	0.22474	1	0.12997	0.18859	0.011592	0.079565	0.073881	0.12179	0.21835	0.20313	0.011918	-0.064599	0.12766	0.29742	0.020707	0.25195	0.10873	-0.073876	0.066729	0.10336	0.22353	0.036572	0.10215	0.2594	0.050262	0.15487	0.047339	0.068083	0.2476	0.1409	0.14807	0.083517	0.15147	0.19627	0.10588	0.15044	0.19461	0.093839	0.1789	0.10846	0.13799	0.1443	0.026451	0.010644	0.11438	0.074982	-0.0090952	0.20592	0.17531	0.12987	0.027628	0.023896	0.074355	0.18052	0.10243	0.15087	0.046027	0.11564	0.20611	0.22827	0.10755	0.16472	0.1919	0.10123	0.096003	0.048461	0.20757	0.16254	0.028498	0.14729	0.11317	0.20618	0.23097	0.17659	0.11994	0.13175	0.10204	0.19242	0.038255	0.23803	0.080498	0.18922	0.054465	0.059995	0.044206	0.29323	0.26038	0.22288	0.10931	0.24029	0.12849	0.15218	0.10377	0.074239	0.24113	0.11251	0.15786	0.13171	0.14307	-0.022735	-0.053323	0.19621	-0.02635	0.10423	0.092935	0.16997	0.036748	0.14906	0.17725	0.23135	0.19846	0.061367	-0.060057	0.14588	0.15365	0.098904	0.20361	0.16796	0.057844	0.049292	0.048516	0.21083	0.10104	0.015576	0.16787	0.12968	0.099647	0.11391	0.16719	0.15324	0.12149	0.20716	0.15943	0.068934	0.12635	-0.02608	0.077865	0.25522	0.17948	0.145	0.20527	0.11087	-0.038599	0.032451
0.30706	0.44802	0.12997	1	0.36416	0.15484	0.030686	0.21254	0.29809	0.3352	0.39448	0.089713	0.085801	0.26717	0.30631	0.15097	0.28911	0.32298	0.019775	0.17229	0.28736	0.32235	0.18772	0.23272	0.37753	0.20888	0.31971	0.10286	0.25017	0.30861	0.22279	0.19169	0.21267	0.27249	0.43856	0.199	0.22154	0.32047	0.18912	0.26754	0.20887	0.29699	0.23495	0.11514	0.20069	0.17617	0.27609	0.22789	0.365	0.4026	0.18045	0.21285	0.15329	0.28204	0.30867	0.31202	0.3	0.2457	0.41395	0.33253	0.35426	0.31851	0.37678	0.3162	0.14757	0.32908	0.26776	0.33955	0.26185	0.28238	0.32729	0.32681	0.36915	0.33294	0.28949	0.20221	0.26196	0.34879	0.23104	0.36716	0.28031	0.23586	0.29647	0.24455	0.17621	0.22841	0.34535	0.27851	0.40421	0.34045	0.21363	0.24864	0.30737	0.17165	0.22246	0.28967	0.24784	0.37712	0.37124	0.32914	0.18917	0.027049	0.29516	0.10765	0.31609	0.4033	0.34592	0.24795	0.19591	0.26413	0.33988	0.48688	0.31708	0.25721	0.37249	0.33624	0.35901	0.38278	0.38031	0.14587	0.16661	0.27898	0.30067	0.24797	0.20967	0.3387	0.24402	0.23493	0.34011	0.35396	0.26528	0.22666	0.33714	0.20707	0.30515	0.19811	0.15926	0.18853	0.40081	0.096785	0.26497	0.33016	0.36477	0.14084	0.30716
0.27165	0.4964	0.18859	0.36416	1	0.14557	0.070991	0.19135	0.44902	0.51016	0.52512	0.14569	0.066481	0.40373	0.4472	0.076588	0.50212	0.40459	0.078607	0.31258	0.29597	0.45531	0.40105	0.32263	0.48719	0.31819	0.4631	0.093414	0.32461	0.50027	0.50233	0.40269	0.29489	0.39431	0.40722	0.31597	0.2858	0.38668	0.22968	0.2861	0.4638	0.34165	0.28183	0.13357	0.12167	0.28163	0.19162	0.15128	0.45812	0.38613	0.28385	0.32015	0.16059	0.32593	0.36903	0.41808	0.30187	0.34188	0.59523	0.54674	0.42527	0.46886	0.50909	0.50188	0.22725	0.4253	0.23249	0.50039	0.42939	0.26359	0.40549	0.45205	0.48791	0.3359	0.22657	0.37838	0.13854	0.39856	0.29456	0.19622	0.40013	0.22623	0.40795	0.27911	0.16076	0.18756	0.43057	0.45589	0.4931	0.44068	0.29793	0.47492	0.35204	0.18871	0.1702	0.27952	0.27131	0.26717	0.45392	0.48174	0.33846	0.065147	0.49996	0.18756	0.31265	0.45494	0.29595	0.18984	0.21858	0.48372	0.4947	0.50389	0.30624	0.39147	0.43365	0.52962	0.46855	0.47247	0.50305	0.15213	0.31996	0.27291	0.44385	0.35471	0.20956	0.28725	0.37347	0.37725	0.44932	0.45239	0.45712	0.39601	0.42729	0.26156	0.35571	0.40662	0.16838	0.14511	0.38005	0.42128	0.32994	0.43444	0.34276	0.17673	0.2291
0.17363	0.25032	0.011592	0.15484	0.14557	1	0.062639	0.14248	0.15725	0.2327	0.15778	0.12796	0.023245	0.22559	0.17703	0.013672	0.15497	0.2446	0.14126	0.01201	0.1747	0.18705	0.10504	0.080912	0.18486	0.23641	0.23207	-0.068829	0.072152	0.23173	0.17199	0.22782	0.099048	0.21121	0.1385	0.17311	0.12653	0.15919	0.13344	0.16707	0.18467	0.17151	0.21218	-0.018113	0.13831	0.13102	0.064445	0.047691	0.17356	0.13472	0.10129	0.020416	0.047085	0.20938	0.2713	0.26009	0.15073	0.056361	0.20914	0.18606	0.17986	0.17629	0.17195	0.16837	0.086539	0.15929	0.17431	0.20286	0.12349	0.18359	0.14712	0.16684	0.23144	0.10077	0.093752	0.20896	0.064505	0.18198	0.105	0.15136	0.23962	0.14409	0.15452	0.11835	0.19656	0.2361	0.10053	0.10467	0.10212	0.25587	0.1206	0.098116	0.13104	0.072194	0.13709	0.06144	0.19188	0.23701	0.16749	0.16252	0.029746	-0.054295	0.16598	0.10925	0.03626	0.17032	0.1334	0.1248	0.055702	0.18992	0.13772	0.21849	0.22234	0.17709	0.19683	0.22685	0.098508	0.23956	0.25724	0.2118	0.13954	0.1819	0.17407	0.090497	0.20489	0.10301	0.18815	0.18703	0.27551	0.21963	0.1718	0.16785	0.19257	0.13685	0.11214	0.11885	0.12844	0.053948	0.14147	0.12379	0.1546	0.21371	0.16382	0.0089161	0.11275
0.039503	0.066368	0.079565	0.030686	0.070991	0.062639	1	0.19309	0.018068	0.024842	0.084887	0.14411	-0.07982	0.046028	-0.020474	0.090966	-0.002994	0.089885	0.18752	0.0078706	0.10258	-0.022277	0.13128	0.031437	0.078727	0.12288	0.068038	-0.0080982	0.037241	0.12853	-0.038977	0.16185	0.16237	0.086408	0.036975	0.051907	0.0062216	0.12131	0.050844	0.13263	0.10091	0.044255	0.10771	0.030692	0.076211	-0.03053	0.078341	0.10449	0.030976	0.14446	0.091289	-0.056003	0.07027	0.014541	0.045849	0.04002	0.14056	0.12435	0.02352	-0.053389	0.097538	-0.03089	0.043961	0.031249	0.072728	0.10671	0.04737	0.088484	0.13878	0.067212	0.026254	0.050699	0.18638	-0.062346	0.14856	0.089575	-0.012122	0.083048	-0.018501	0.089841	0.010807	0.09632	0.13165	0.15141	0.13964	0.030362	0.0052495	0.10714	0.032749	0.071371	-0.0080157	-0.053103	0.15555	0.18995	0.12972	0.18538	-0.0013188	0.14707	0.048639	0.098958	0.0026485	0.13363	-0.028688	0.21312	0.2525	0.1265	0.075143	-0.040624	0.14663	0.097717	0.011014	0.1193	0.10993	0.036474	0.0063087	0.067777	0.1083	0.056418	0.095712	0.046441	0.080624	0.16217	0.065993	-0.019881	0.17661	0.063581	0.081857	0.015492	0.13655	0.064189	-0.12303	-0.011155	0.04452	0.11947	0.043363	0.018075	0.053664	0.050061	0.11058	0.10324	0.094116	0.027811	0.19414	0.11051	0.15751
0.18335	0.27072	0.073881	0.21254	0.19135	0.14248	0.19309	1	0.11057	0.13848	0.24302	0.38821	0.09234	0.14553	0.17501	0.15208	0.16354	0.17731	0.19768	0.097792	0.11281	0.15186	0.31138	0.25166	0.2096	0.25175	0.21535	0.022287	0.10124	0.2981	0.12057	0.25404	0.16074	0.11642	0.28327	0.024156	0.055082	0.16966	0.21396	0.09172	0.27559	0.24245	0.086417	0.12618	0.16036	0.17699	0.15448	0.23737	0.17912	0.23861	0.15926	0.13668	0.084652	0.27111	0.21391	0.2347	0.23901	0.13745	0.21517	0.13019	0.28729	0.14442	0.28887	0.10926	0.020064	0.27404	0.12619	0.21838	0.095955	0.24702	0.15551	0.087605	0.26476	0.17073	0.17736	0.22029	0.04027	0.27113	0.1905	0.2369	0.18523	0.37548	0.13957	0.33104	0.32018	0.1088	0.12332	0.12652	0.13527	0.24036	0.16011	0.14927	0.22123	0.21818	0.30113	0.12439	0.11329	0.32392	0.19303	0.20755	0.087448	0.25275	0.12465	0.14534	0.31013	0.22205	0.33026	0.034224	0.11046	0.20873	0.18104	0.33427	0.23023	0.18135	0.21303	0.22317	0.20414	0.24619	0.29727	0.084113	0.078451	0.36795	0.13047	0.058941	0.29667	0.14524	0.17141	0.1238	0.30049	0.22491	0.085436	0.10717	0.18703	0.12768	0.19312	0.2248	0.058609	0.015505	0.20343	0.18293	0.22326	0.24811	0.42446	0.10839	0.23867
0.19521	0.46708	0.12179	0.29809	0.44902	0.15725	0.018068	0.11057	1	0.48669	0.52786	0.090171	0.098455	0.34634	0.4012	0.16623	0.41749	0.46544	0.12209	0.21342	0.29689	0.45641	0.35919	0.13852	0.43454	0.32418	0.45387	0.060187	0.24007	0.38806	0.5384	0.30651	0.25692	0.37152	0.36395	0.1924	0.23863	0.4835	0.16475	0.26955	0.38916	0.28633	0.25659	0.1166	0.07074	0.55508	0.15183	0.22194	0.483	0.31168	0.26635	0.49041	0.1992	0.30122	0.28226	0.38759	0.14183	0.28903	0.54803	0.63457	0.45158	0.6885	0.3967	0.56702	0.26683	0.33846	0.16375	0.57025	0.48652	0.30343	0.78031	0.84972	0.44054	0.30365	0.19216	0.37586	0.20138	0.35251	0.20012	0.21904	0.39657	0.15071	0.41294	0.21916	0.078212	0.15655	0.47057	0.45143	0.43082	0.33699	0.14766	0.49813	0.28842	0.092351	0.16948	0.18693	0.30448	0.32193	0.41971	0.41821	0.44869	0.082705	0.50142	0.095697	0.23146	0.34631	0.39989	0.23043	0.21999	0.33014	0.552	0.45489	0.40056	0.41964	0.43358	0.50709	0.42764	0.4895	0.36957	0.20396	0.3182	0.32415	0.35612	0.3218	0.28859	0.34376	0.28708	0.47031	0.4796	0.35243	0.53925	0.65761	0.35068	0.16634	0.30303	0.22114	0.044867	0.04059	0.36811	0.27761	0.33392	0.45895	0.36561	0.13506	0.22491
0.27522	0.52125	0.21835	0.3352	0.51016	0.2327	0.024842	0.13848	0.48669	1	0.53923	0.07177	0.16594	0.42927	0.40535	0.11551	0.52207	0.38685	0.046688	0.27618	0.36354	0.48832	0.30297	0.24069	0.49775	0.29838	0.47261	0.11844	0.29989	0.43525	0.43393	0.37231	0.36902	0.48219	0.40247	0.32372	0.32163	0.47329	0.13849	0.36253	0.4133	0.34484	0.39073	0.019258	0.17552	0.36843	0.19699	0.1516	0.53648	0.41991	0.38373	0.27167	0.13437	0.24295	0.44097	0.42039	0.22884	0.24692	0.55532	0.56579	0.47659	0.5068	0.47882	0.51334	0.24132	0.45621	0.2796	0.55613	0.44788	0.33139	0.52595	0.47127	0.48574	0.36283	0.28284	0.3863	0.22859	0.4665	0.32235	0.26087	0.42059	0.29373	0.43423	0.3723	0.27085	0.33877	0.47317	0.53091	0.53034	0.44985	0.2686	0.47653	0.38921	0.25261	0.16858	0.27392	0.3505	0.33708	0.39465	0.50762	0.25837	-0.0025398	0.52954	0.11181	0.20978	0.46163	0.42514	0.22293	0.27099	0.42458	0.53997	0.51365	0.34776	0.35358	0.4855	0.57073	0.4188	0.52879	0.45222	0.28133	0.30272	0.3625	0.41542	0.38205	0.30864	0.39516	0.34308	0.37471	0.56029	0.48106	0.47359	0.43644	0.45212	0.24986	0.32197	0.3713	0.20019	0.10877	0.45165	0.44766	0.38248	0.47077	0.37361	0.22271	0.26629
0.41016	0.58286	0.20313	0.39448	0.52512	0.15778	0.084887	0.24302	0.52786	0.53923	1	0.18439	0.16386	0.4284	0.50655	0.15753	0.5034	0.5481	0.14809	0.28629	0.26313	0.51731	0.43355	0.33422	0.56744	0.35744	0.56373	0.12844	0.34797	0.52862	0.42687	0.37745	0.32927	0.48075	0.54276	0.30794	0.32148	0.54437	0.23958	0.37388	0.43741	0.37129	0.37469	0.20026	0.15781	0.39704	0.27238	0.26461	0.52571	0.47092	0.24796	0.33603	0.19117	0.39252	0.41338	0.53587	0.44874	0.33292	0.61365	0.55877	0.4934	0.54989	0.55476	0.49973	0.22896	0.57332	0.31249	0.54963	0.45461	0.37725	0.55328	0.52436	0.59532	0.41298	0.35905	0.34911	0.35635	0.5202	0.32545	0.3066	0.48398	0.32668	0.46588	0.41556	0.25346	0.28144	0.40848	0.46226	0.5538	0.54383	0.36723	0.42	0.42991	0.23532	0.22035	0.29683	0.41141	0.45858	0.44361	0.57358	0.29441	0.087304	0.52024	0.21002	0.34808	0.43532	0.48372	0.1843	0.28426	0.51382	0.49206	0.5897	0.48185	0.48432	0.58068	0.54307	0.51703	0.58622	0.58343	0.27066	0.29677	0.47229	0.5346	0.43566	0.36758	0.4843	0.36264	0.49895	0.51182	0.57934	0.51268	0.43355	0.42876	0.29055	0.3894	0.36729	0.070277	0.20155	0.5071	0.34917	0.45088	0.56169	0.4727	0.2348	0.33065
0.1645	0.12347	0.011918	0.089713	0.14569	0.12796	0.14411	0.38821	0.090171	0.07177	0.18439	1	0.087249	0.10896	0.087292	0.068995	0.1173	0.12751	0.13729	0.08482	0.12468	0.095854	0.23826	0.24276	0.089731	0.14361	0.26458	0.09235	0.15972	0.30904	0.079762	0.18686	0.12278	0.15467	0.19191	0.11987	0.04079	0.081521	0.12651	0.082405	0.23061	0.15044	0.12332	0.26633	0.1451	0.090515	0.19995	0.21418	0.099757	0.1248	0.091848	0.11382	0.045002	0.18411	0.11726	0.21438	0.23945	0.16369	0.0899	0.074574	0.13714	0.13803	0.1156	0.16646	-0.0075686	0.085524	0.098699	0.12691	0.16965	0.19964	0.12667	0.1301	0.26391	0.11193	0.1585	0.12684	0.10548	0.22715	0.1438	0.20638	0.13767	0.23022	0.11649	0.23505	0.17615	0.13904	0.049178	0.046354	0.043734	0.22805	0.11251	0.10138	0.14578	0.14947	0.26213	0.0091284	0.15454	0.21608	0.20621	0.16225	0.096088	0.25078	0.11252	0.15458	0.19864	0.18514	0.25353	0.083664	0.10415	0.11118	0.082135	0.24133	0.25353	0.18369	0.11194	0.083702	0.17633	0.18611	0.16214	0.11121	0.07148	0.27039	0.080822	0.10236	0.19381	0.16863	0.13303	0.13773	0.13291	0.11976	0.057045	0.050058	0.09726	0.11833	0.16761	0.063258	-0.036351	0.052015	0.13945	0.10798	0.035064	0.19728	0.29221	0.17835	0.16854
0.13839	0.1653	-0.064599	0.085801	0.066481	0.023245	-0.07982	0.09234	0.098455	0.16594	0.16386	0.087249	1	0.087731	0.094149	-0.062485	0.14859	0.086401	0.071194	-0.08171	0.050967	0.20273	0.13339	0.072636	0.15721	0.1971	0.19402	0.040474	0.077299	0.072539	0.1596	0.15458	0.14008	0.076245	0.068633	0.0052048	0.16371	0.11477	0.15094	0.18351	0.16316	0.063876	0.10874	-0.071883	0.095624	0.11442	0.10703	-0.003715	0.21774	0.12466	0.11993	0.061634	0.050152	0.067447	0.12786	0.21097	-0.0020432	0.064772	0.1797	0.12587	0.12517	0.1161	0.23182	0.1392	-0.043236	0.14335	0.07941	0.11344	0.12352	0.16179	0.12398	0.042126	0.19319	0.060767	0.091136	0.16732	0.046524	0.25042	0.17011	0.11828	0.17082	0.1076	0.062591	0.12597	0.1871	0.12836	0.032922	0.13518	0.14258	0.15478	0.10672	0.14211	0.073687	0.22883	0.010645	-0.026095	0.054437	0.12099	0.10025	0.2028	0.036618	0.14261	0.043123	0.054835	0.090778	0.1426	0.094925	0.14929	0.064077	0.13461	0.098304	0.25014	0.14158	0.12411	0.16638	0.12745	0.25432	0.13289	0.20865	0.088631	0.084134	0.23105	0.15341	0.15865	0.0047621	0.16316	0.087756	0.038528	0.15989	0.16317	0.093398	0.051195	0.09024	0.045672	0.051452	0.14114	0.13464	0.024898	0.14359	0.076613	0.13467	0.15802	0.17489	-0.036961	0.080768
0.25733	0.39191	0.12766	0.26717	0.40373	0.22559	0.046028	0.14553	0.34634	0.42927	0.4284	0.10896	0.087731	1	0.31172	-0.012544	0.35249	0.41658	0.044872	0.23252	0.22525	0.38917	0.33456	0.1249	0.36452	0.35848	0.40613	0.082351	0.3374	0.38511	0.31663	0.31321	0.23954	0.38067	0.38313	0.32419	0.29526	0.39732	0.18532	0.27687	0.36617	0.33079	0.33999	0.088902	0.22314	0.22955	0.18269	0.10111	0.44653	0.38178	0.26052	0.19052	0.082754	0.40525	0.40456	0.42209	0.30187	0.26446	0.44514	0.48511	0.3693	0.37831	0.41888	0.40785	0.21979	0.33768	0.16578	0.45388	0.31	0.29817	0.32623	0.29871	0.3981	0.39754	0.2455	0.22722	0.23948	0.36581	0.29011	0.28571	0.43649	0.23097	0.30922	0.32087	0.23606	0.30909	0.28477	0.3484	0.42476	0.43268	0.31673	0.29644	0.3454	0.19259	0.080248	0.21225	0.34766	0.44175	0.37465	0.39907	0.18959	-0.017945	0.36807	0.087862	0.24773	0.32959	0.29702	0.2238	0.18541	0.33247	0.25509	0.41344	0.33342	0.37467	0.36609	0.42035	0.45772	0.43267	0.4165	0.22932	0.35114	0.29281	0.36957	0.4598	0.2127	0.38868	0.19942	0.30724	0.46759	0.40894	0.35206	0.33715	0.46687	0.2717	0.22547	0.3191	0.26732	0.15814	0.38169	0.2818	0.39044	0.37813	0.35561	0.11041	0.18761
0.27351	0.35297	0.29742	0.30631	0.4472	0.17703	-0.020474	0.17501	0.4012	0.40535	0.50655	0.087292	0.094149	0.31172	1	-0.0048774	0.42143	0.40091	-0.0095533	0.28861	0.27351	0.54211	0.25023	0.23541	0.3941	0.19987	0.45112	0.070785	0.3876	0.40039	0.38797	0.35434	0.23885	0.36083	0.48675	0.28091	0.22775	0.39632	0.16767	0.31189	0.3596	0.26308	0.32292	0.13602	0.14912	0.26291	0.18117	0.046593	0.44584	0.35493	0.31003	0.25974	0.13118	0.33141	0.37886	0.41424	0.28339	0.28033	0.45802	0.47963	0.39622	0.42087	0.42346	0.42989	0.22879	0.41905	0.15282	0.41684	0.36693	0.25999	0.3267	0.38535	0.46506	0.46864	0.29789	0.3056	0.19741	0.33865	0.29953	0.29154	0.40135	0.23627	0.47537	0.27257	0.15335	0.20725	0.35763	0.41616	0.43284	0.43884	0.42181	0.37568	0.35198	0.20862	0.15865	0.23795	0.31298	0.39279	0.36382	0.41915	0.23081	-0.055714	0.43495	0.11094	0.21897	0.36913	0.36263	0.23055	0.24819	0.33155	0.40802	0.30261	0.21244	0.26274	0.40074	0.37349	0.41192	0.40579	0.41926	0.21713	0.20889	0.2203	0.48282	0.31949	0.21141	0.38627	0.40759	0.36246	0.32509	0.43455	0.38505	0.34524	0.40303	0.27595	0.25157	0.3517	0.19286	0.10188	0.39424	0.36228	0.43648	0.46907	0.40835	0.068854	0.23584
0.12396	0.14917	0.020707	0.15097	0.076588	0.013672	0.090966	0.15208	0.16623	0.11551	0.15753	0.068995	-0.062485	-0.012544	-0.0048774	1	0.051124	-0.01648	0.18206	0.22269	0.10475	0.045392	0.05644	0.12508	0.092025	0.12243	0.14131	-0.075291	-0.0092498	0.12361	0.073033	0.016543	0.19234	0.11278	0.15118	0.085833	-0.085067	0.19826	0.058695	-0.005469	0.017925	0.10351	0.17912	0.11887	0.029442	0.12295	0.21913	0.35656	0.11676	0.24547	0.10855	0.10936	0.030853	0.14219	0.065229	0.075358	0.093341	0.16813	0.16343	0.11253	0.11384	0.14515	0.12454	0.093016	0.079391	0.16242	0.04762	0.093704	0.087806	0.22132	0.15593	0.16753	0.15148	0.034547	0.14859	0.081439	0.10153	0.15388	0.00019348	0.14463	0.054615	0.19466	0.1246	0.2143	0.15001	0.05903	0.13286	0.066757	0.11242	0.12867	0.064554	0.076898	0.16923	0.066288	0.29561	0.20052	0.10695	0.13672	0.1259	0.080035	0.13501	0.18641	0.094619	0.15769	0.12206	0.14481	0.24576	0.029739	0.10057	0.10021	0.066274	0.12011	0.17139	0.084066	0.12188	0.10355	-0.015835	0.15351	0.11842	0.18125	0.082975	0.2611	0.056005	-0.029973	0.39223	0.12378	0.093888	0.032385	0.16652	0.13784	0.09394	0.10534	0.14979	0.045124	0.1944	-0.0036958	-0.053331	0.0094805	0.067689	0.0012298	0.15308	0.15407	0.29128	0.31069	0.3761
0.27018	0.55309	0.25195	0.28911	0.50212	0.15497	-0.002994	0.16354	0.41749	0.52207	0.5034	0.1173	0.14859	0.35249	0.42143	0.051124	1	0.33374	0.0031332	0.26428	0.20515	0.51949	0.25253	0.26258	0.56509	0.34892	0.4629	0.047929	0.19469	0.44378	0.48346	0.38162	0.24978	0.3804	0.42114	0.31794	0.2581	0.47933	0.16107	0.27834	0.40576	0.33019	0.28507	0.042418	0.10565	0.33416	0.15522	0.17138	0.45788	0.41921	0.27587	0.26035	0.15481	0.26423	0.34693	0.393	0.30781	0.29203	0.55844	0.64824	0.46063	0.41963	0.51095	0.52628	0.19167	0.44613	0.2033	0.55232	0.37277	0.24858	0.41391	0.39349	0.45086	0.46811	0.14781	0.25725	0.15329	0.39534	0.33759	0.2165	0.35608	0.1461	0.33433	0.20198	0.13228	0.27824	0.58067	0.61974	0.57752	0.42084	0.37747	0.61107	0.35754	0.25057	0.014663	0.16881	0.33686	0.29625	0.34921	0.45783	0.27769	0.035516	0.51322	-0.010317	0.18778	0.43413	0.41843	0.21956	0.2131	0.39661	0.63936	0.54987	0.22963	0.25289	0.48026	0.53465	0.31497	0.5226	0.39035	0.17248	0.41528	0.32125	0.38544	0.3094	0.19128	0.2991	0.38793	0.28778	0.43292	0.43086	0.47266	0.37892	0.37772	0.23925	0.34559	0.38126	0.053608	0.14312	0.43214	0.40381	0.3314	0.51556	0.27539	0.20773	0.19841
0.30407	0.45097	0.10873	0.32298	0.40459	0.2446	0.089885	0.17731	0.46544	0.38685	0.5481	0.12751	0.086401	0.41658	0.40091	-0.01648	0.33374	1	0.091437	0.18976	0.23748	0.40382	0.46644	0.28263	0.40078	0.26256	0.50311	0.049192	0.30615	0.42062	0.35172	0.36051	0.20579	0.44697	0.42805	0.21035	0.2402	0.47792	0.085963	0.30345	0.3349	0.32113	0.27921	0.15785	0.15208	0.25955	0.15879	0.16302	0.4414	0.36979	0.16716	0.29474	0.16162	0.29129	0.33118	0.51942	0.33217	0.22612	0.48065	0.50974	0.36254	0.46019	0.4459	0.46114	0.2387	0.4486	0.21631	0.48067	0.41273	0.32605	0.41903	0.46288	0.47316	0.33853	0.31116	0.33866	0.20521	0.4189	0.29025	0.30959	0.4173	0.30153	0.41532	0.27801	0.22947	0.21561	0.32846	0.28824	0.37544	0.49065	0.23	0.33394	0.31261	0.23525	0.14964	0.19113	0.29812	0.37076	0.42959	0.49886	0.27097	0.018769	0.39116	0.18061	0.22272	0.24558	0.37232	0.15853	0.21416	0.30967	0.36168	0.46246	0.48685	0.59829	0.54114	0.44509	0.5958	0.4916	0.51928	0.24811	0.25563	0.33178	0.39686	0.37543	0.28928	0.36969	0.21616	0.5391	0.46536	0.44414	0.47872	0.35849	0.38014	0.29292	0.27834	0.31756	0.17489	0.12628	0.37819	0.21273	0.36674	0.46525	0.30648	0.12037	0.18798
0.10285	0.1447	-0.073876	0.019775	0.078607	0.14126	0.18752	0.19768	0.12209	0.046688	0.14809	0.13729	0.071194	0.044872	-0.0095533	0.18206	0.0031332	0.091437	1	0.072361	-0.0097219	0.01393	0.15543	0.058494	0.043624	0.17511	0.038125	0.034348	-0.033212	0.17369	0.14735	0.26581	0.083282	0.10886	0.10459	0.030205	-0.15351	0.099705	0.065886	0.076608	0.096971	0.043977	0.11203	-0.097544	0.080077	0.16562	0.068932	0.17719	0.056799	0.12292	-0.047647	0.15193	0.16074	0.088061	0.068681	0.096665	0.13208	0.033131	0.095634	-0.024494	0.12915	0.18146	0.18291	0.070798	0.038566	0.11864	0.16823	-0.0057495	0.15811	0.1249	0.1573	0.10688	0.11065	-0.032279	0.13117	0.22966	0.0052211	0.13575	-0.0069506	0.057489	0.086918	0.12557	0.13275	0.11035	0.14037	0.070144	0.037824	0.056047	0.035879	0.078623	0.06142	-0.0060508	0.11342	0.15645	0.2584	0.21023	0.13825	0.16656	0.055731	0.061805	0.17491	0.30742	0.022078	0.23022	0.13066	0.13533	0.063917	-0.066994	-0.036484	0.098047	-0.0014055	0.16372	0.10811	0.037845	0.029493	0.047556	0.012427	0.083528	0.13337	0.076925	0.23029	0.23039	0.13721	0.0073278	0.25833	0.11411	0.078235	0.033795	0.2209	0.060181	0.012349	0.19447	0.15717	0.090759	0.10715	0.091256	-0.030723	0.014645	-0.00041733	0.092366	0.085301	0.056853	0.20947	0.14587	0.17287
0.27913	0.23642	0.066729	0.17229	0.31258	0.01201	0.0078706	0.097792	0.21342	0.27618	0.28629	0.08482	-0.08171	0.23252	0.28861	0.22269	0.26428	0.18976	0.072361	1	0.20189	0.331	0.1448	0.1916	0.2601	0.18235	0.26709	0.06012	0.25175	0.29095	0.23887	0.27906	0.17355	0.17362	0.24023	0.26841	0.084426	0.30528	0.089133	0.32182	0.1979	0.21917	0.22743	0.18516	0.17842	0.21757	0.25546	0.30845	0.2875	0.28287	0.14937	0.14248	0.16814	0.26099	0.17656	0.26549	0.28288	0.17459	0.3257	0.305	0.29185	0.24002	0.26871	0.30667	0.11471	0.3455	0.11872	0.27963	0.19333	0.22991	0.22819	0.22033	0.33259	0.24669	0.24691	0.21538	0.12053	0.27293	0.10866	0.30905	0.1973	0.19534	0.35605	0.23442	0.12911	0.19588	0.26453	0.25827	0.28341	0.33151	0.25063	0.24159	0.31354	0.15036	0.19038	0.25344	0.16797	0.27657	0.21187	0.2612	0.16996	0.15336	0.30567	0.14976	0.30454	0.2701	0.20918	0.085625	0.081167	0.22444	0.19143	0.21516	0.14322	0.098345	0.29594	0.28928	0.099405	0.28914	0.17371	0.25911	0.1592	0.16067	0.25839	0.243	0.30659	0.22923	0.37181	0.096697	0.34239	0.28203	0.28489	0.19859	0.22996	0.12744	0.26847	0.16282	0.16774	0.19483	0.22698	0.28657	0.25494	0.2535	0.24124	0.3002	0.26901
0.1543	0.23442	0.10336	0.28736	0.29597	0.1747	0.10258	0.11281	0.29689	0.36354	0.26313	0.12468	0.050967	0.22525	0.27351	0.10475	0.20515	0.23748	-0.0097219	0.20189	1	0.31605	0.22354	0.21686	0.23062	0.15119	0.24296	0.15458	0.31594	0.23071	0.22152	0.2433	0.16108	0.286	0.28115	0.20207	0.20555	0.26831	0.20758	0.21989	0.28493	0.17111	0.24569	0.079696	0.086443	0.13702	0.1567	0.11673	0.2718	0.25049	0.12404	0.11688	0.10095	0.21059	0.26999	0.29883	0.25957	0.24079	0.26903	0.31386	0.28086	0.25919	0.20397	0.26857	0.18233	0.27975	0.098071	0.2863	0.23946	0.21646	0.27703	0.31661	0.27203	0.27806	0.19114	0.26248	0.11007	0.27641	0.23261	0.19677	0.26815	0.16278	0.32156	0.19422	0.15738	0.19441	0.21319	0.27666	0.25811	0.23122	0.18927	0.25061	0.3353	0.079827	0.029434	0.23116	0.13648	0.27917	0.30478	0.32438	0.096989	0.033072	0.29579	0.033792	0.26293	0.32898	0.24344	0.1742	0.13269	0.25079	0.28869	0.21897	0.29034	0.21977	0.2769	0.2434	0.29075	0.26814	0.20194	0.15115	0.12405	0.19293	0.23749	0.29843	0.27045	0.20039	0.26461	0.25499	0.21818	0.21941	0.24248	0.23137	0.24574	0.069384	0.16946	0.17888	0.044955	0.18549	0.25532	0.22979	0.19482	0.20854	0.24571	0.11749	0.18397
0.33169	0.42184	0.22353	0.32235	0.45531	0.18705	-0.022277	0.15186	0.45641	0.48832	0.51731	0.095854	0.20273	0.38917	0.54211	0.045392	0.51949	0.40382	0.01393	0.331	0.31605	1	0.30546	0.21768	0.47184	0.30313	0.48058	0.065677	0.36703	0.48681	0.41761	0.37938	0.35448	0.4498	0.51107	0.30723	0.37544	0.52792	0.28805	0.29288	0.36171	0.32043	0.40663	0.0981	0.2043	0.30374	0.21132	0.16817	0.55745	0.45058	0.31554	0.28154	0.19409	0.39061	0.40677	0.53061	0.33331	0.31706	0.47236	0.56009	0.4833	0.44529	0.5147	0.58147	0.23681	0.46082	0.2453	0.47588	0.42808	0.33062	0.3881	0.3757	0.51031	0.45065	0.34403	0.32233	0.21554	0.42096	0.37384	0.28657	0.4313	0.27941	0.41819	0.28061	0.21732	0.33303	0.37891	0.47799	0.46948	0.52031	0.34736	0.43489	0.35542	0.27807	0.11828	0.18274	0.38253	0.43196	0.40416	0.53781	0.22925	0.077157	0.46117	0.14031	0.28111	0.476	0.39443	0.24494	0.27166	0.38066	0.45682	0.44938	0.3552	0.35358	0.51251	0.48022	0.39068	0.4853	0.45863	0.19649	0.25445	0.31977	0.51088	0.37651	0.27669	0.40056	0.37887	0.34201	0.41519	0.48174	0.48688	0.34808	0.49273	0.23805	0.36233	0.3648	0.10971	0.15064	0.47827	0.40241	0.46062	0.48578	0.41944	0.117	0.30619
0.21365	0.2834	0.036572	0.18772	0.40105	0.10504	0.13128	0.31138	0.35919	0.30297	0.43355	0.23826	0.13339	0.33456	0.25023	0.05644	0.25253	0.46644	0.15543	0.1448	0.22354	0.30546	1	0.22671	0.21676	0.30855	0.37519	0.07817	0.23471	0.42072	0.21645	0.37283	0.27639	0.43859	0.26179	0.15311	0.21158	0.30714	0.23616	0.15548	0.28725	0.24282	0.22596	0.07546	0.14811	0.18017	0.081189	0.19646	0.30291	0.29009	0.1407	0.30833	0.083786	0.25278	0.35261	0.4343	0.25781	0.26669	0.32233	0.30726	0.30332	0.42143	0.31413	0.27322	0.11869	0.3022	0.17864	0.34821	0.26937	0.183	0.3215	0.36911	0.39233	0.27975	0.20209	0.39897	0.14878	0.34473	0.28959	0.19727	0.44806	0.29591	0.3458	0.23678	0.2873	0.11832	0.17144	0.24868	0.24847	0.41838	0.16705	0.27521	0.26173	0.14811	0.19057	0.16948	0.23203	0.31505	0.33066	0.31748	0.28023	0.1505	0.3619	0.15987	0.27226	0.26192	0.30064	0.14567	0.20541	0.29747	0.31837	0.36449	0.44854	0.48531	0.36719	0.35982	0.53245	0.36655	0.40834	0.093949	0.18729	0.29367	0.26461	0.25442	0.26081	0.2518	0.21047	0.46973	0.33112	0.35052	0.3242	0.30624	0.30959	0.1831	0.19792	0.25731	0.20353	0.060465	0.26365	0.22576	0.32738	0.40009	0.35732	0.11405	0.16924
0.27727	0.3256	0.10215	0.23272	0.32263	0.080912	0.031437	0.25166	0.13852	0.24069	0.33422	0.24276	0.072636	0.1249	0.23541	0.12508	0.26258	0.28263	0.058494	0.1916	0.21686	0.21768	0.22671	1	0.31037	0.17138	0.33275	0.031377	0.26301	0.38563	0.13293	0.1953	0.25469	0.24229	0.43826	0.15349	0.19165	0.26635	0.13587	0.21527	0.28547	0.26076	0.19709	0.21906	0.1315	0.20333	0.25604	0.25202	0.31452	0.27351	0.15392	0.078262	0.01556	0.26072	0.29732	0.30664	0.30491	0.19593	0.28469	0.22703	0.36116	0.19024	0.2561	0.2213	0.17232	0.33992	0.15345	0.3443	0.13419	0.26016	0.17269	0.21793	0.3917	0.18384	0.26745	0.18458	0.1299	0.39228	0.1997	0.28259	0.24251	0.34788	0.25936	0.26598	0.3431	0.11928	0.18762	0.15397	0.30683	0.32658	0.25177	0.21604	0.30639	0.24903	0.14588	0.16244	0.1597	0.24019	0.24793	0.30606	0.07761	0.12258	0.30845	0.15938	0.24835	0.3121	0.32381	0.14428	0.12444	0.23998	0.24773	0.3098	0.28828	0.25788	0.29383	0.38895	0.23611	0.34548	0.34663	0.13722	0.16976	0.34518	0.25962	0.25402	0.27523	0.17266	0.2627	0.22885	0.28537	0.36277	0.28512	0.10882	0.20956	0.15559	0.23823	0.22807	0.027707	0.14524	0.29126	0.19479	0.31484	0.29269	0.27299	0.21635	0.27327
0.298	0.79533	0.2594	0.37753	0.48719	0.18486	0.078727	0.2096	0.43454	0.49775	0.56744	0.089731	0.15721	0.36452	0.3941	0.092025	0.56509	0.40078	0.043624	0.2601	0.23062	0.47184	0.21676	0.31037	1	0.34647	0.47273	0.075872	0.28164	0.49248	0.50649	0.32817	0.33	0.3692	0.50732	0.3168	0.23979	0.49879	0.14118	0.29828	0.47105	0.42746	0.28213	0.084341	0.043249	0.41441	0.16201	0.18951	0.51497	0.40165	0.2491	0.26349	0.2165	0.33314	0.32481	0.41419	0.34896	0.28867	0.54849	0.5404	0.52798	0.45083	0.52327	0.49057	0.24961	0.55113	0.30279	0.51247	0.40033	0.30588	0.49923	0.45082	0.49796	0.38276	0.27613	0.31055	0.23383	0.48725	0.28165	0.22212	0.38464	0.23189	0.38856	0.28276	0.15468	0.23531	0.47524	0.49142	0.44693	0.42065	0.33807	0.47643	0.32607	0.20848	0.14097	0.22517	0.28373	0.38078	0.31102	0.50268	0.23605	0.067462	0.43858	0.088672	0.32732	0.42614	0.42909	0.17884	0.22741	0.43786	0.52008	0.61518	0.32068	0.30852	0.5305	0.54007	0.38892	0.50003	0.49196	0.21613	0.27841	0.40646	0.44146	0.35913	0.27716	0.34108	0.32219	0.30538	0.37079	0.48865	0.46057	0.39349	0.37959	0.30844	0.30364	0.36195	0.015685	0.11178	0.44724	0.38715	0.3508	0.4983	0.33819	0.1591	0.23225
0.25604	0.35251	0.050262	0.20888	0.31819	0.23641	0.12288	0.25175	0.32418	0.29838	0.35744	0.14361	0.1971	0.35848	0.19987	0.12243	0.34892	0.26256	0.17511	0.18235	0.15119	0.30313	0.30855	0.17138	0.34647	1	0.20951	0.030837	0.20139	0.33953	0.32706	0.32795	0.22594	0.27672	0.286	0.16256	0.25143	0.28717	0.2118	0.23791	0.26446	0.27756	0.26096	0.0095286	0.2288	0.24587	0.20148	0.18902	0.38123	0.3319	0.17467	0.26692	0.20892	0.25446	0.3261	0.35799	0.24595	0.24373	0.35885	0.33328	0.29381	0.39545	0.4203	0.34118	0.071477	0.31984	0.14995	0.31755	0.30156	0.18922	0.3453	0.30371	0.31811	0.2538	0.098019	0.38794	0.12236	0.32325	0.22269	0.16705	0.29426	0.070327	0.35716	0.25739	0.22766	0.19507	0.23351	0.346	0.33472	0.32627	0.20006	0.26522	0.27399	0.23808	0.16391	0.24713	0.24335	0.32776	0.19332	0.38685	0.26491	0.13635	0.25939	0.18864	0.2636	0.28746	0.20164	0.077684	0.13276	0.30076	0.23162	0.38828	0.13916	0.22879	0.33867	0.32357	0.22827	0.27964	0.36227	0.20323	0.28778	0.21139	0.29981	0.29396	0.20438	0.25752	0.3039	0.12843	0.35885	0.34047	0.2717	0.29183	0.39013	0.23466	0.16159	0.25694	0.12281	0.13624	0.32975	0.28425	0.35435	0.29445	0.3433	0.12964	0.16474
0.33225	0.53429	0.15487	0.31971	0.4631	0.23207	0.068038	0.21535	0.45387	0.47261	0.56373	0.26458	0.19402	0.40613	0.45112	0.14131	0.4629	0.50311	0.038125	0.26709	0.24296	0.48058	0.37519	0.33275	0.47273	0.20951	1	0.051902	0.35148	0.66646	0.41476	0.36959	0.34036	0.48077	0.4651	0.35446	0.27292	0.51732	0.23385	0.36812	0.52772	0.40549	0.40298	0.24402	0.11223	0.2233	0.24596	0.19993	0.54806	0.48148	0.27811	0.24591	0.20259	0.35717	0.40571	0.52665	0.36689	0.28298	0.54857	0.53722	0.5729	0.39748	0.48662	0.50578	0.2315	0.57798	0.26749	0.6084	0.37386	0.35645	0.41176	0.4378	0.81079	0.35492	0.30339	0.32149	0.19769	0.54	0.24164	0.44929	0.45634	0.34717	0.40298	0.42329	0.30145	0.25553	0.33773	0.40596	0.45753	0.53308	0.38884	0.35436	0.38679	0.29988	0.16103	0.18519	0.30022	0.48266	0.42812	0.55354	0.25488	0.14248	0.51357	0.12519	0.2971	0.40622	0.50801	0.24503	0.28412	0.45631	0.43001	0.53069	0.54526	0.48604	0.58291	0.59142	0.53473	0.77959	0.54495	0.26291	0.27068	0.56109	0.49065	0.4021	0.27972	0.37928	0.29655	0.436	0.49773	0.63698	0.4805	0.35363	0.4592	0.18548	0.26101	0.36776	0.13738	0.2166	0.42887	0.3094	0.42306	0.85161	0.4233	0.27301	0.29537
0.056226	0.068757	0.047339	0.10286	0.093414	-0.068829	-0.0080982	0.022287	0.060187	0.11844	0.12844	0.09235	0.040474	0.082351	0.070785	-0.075291	0.047929	0.049192	0.034348	0.06012	0.15458	0.065677	0.07817	0.031377	0.075872	0.030837	0.051902	1	0.08124	-0.023919	-0.015381	0.055019	0.10069	0.12456	0.10477	0.13157	0.025644	0.10919	0.069333	0.26885	0.088581	-0.036466	0.014336	0.080945	-0.081053	0.0063767	0.08586	0.035993	0.040308	0.12337	0.012706	0.062578	0.0073536	0.084615	0.11574	0.12839	0.19477	-0.10543	0.087338	0.01373	0.078743	0.11216	0.10283	0.1084	-0.021618	0.052574	0.085796	0.07945	0.028856	0.13348	0.059473	0.064338	0.058487	0.15127	0.052946	0.046241	0.10198	0.085473	0.13096	0.018617	0.12938	0.002237	0.10639	0.12389	0.081887	0.11473	0.019333	0.047974	0.055305	0.15628	-0.023525	-0.038086	0.12974	0.083486	0.048752	0.066417	0.044419	0.14654	0.047703	0.10747	0.11432	0.040998	0.043878	0.039606	0.022574	0.14676	0.030534	0.014411	0.11703	0.13017	0.077459	0.12455	0.076235	0.14465	0.052769	0.13801	0.098863	0.052914	0.12031	-0.013832	0.15116	0.064127	0.084595	0.11591	-0.013792	0.1053	0.040392	0.1122	0.02513	-0.021634	-0.0045861	0.14484	-0.054022	0.034708	0.025169	0.1156	0.10727	0.098998	0.084507	0.060928	0.063851	0.099956	0.021096	0.060331	0.080101
0.22705	0.24039	0.068083	0.25017	0.32461	0.072152	0.037241	0.10124	0.24007	0.29989	0.34797	0.15972	0.077299	0.3374	0.3876	-0.0092498	0.19469	0.30615	-0.033212	0.25175	0.31594	0.36703	0.23471	0.26301	0.28164	0.20139	0.35148	0.08124	1	0.33545	0.16257	0.14536	0.21733	0.39812	0.39567	0.23994	0.26075	0.247	0.12713	0.25097	0.24276	0.26047	0.25776	0.19418	0.1554	0.12021	0.15033	0.14263	0.36788	0.24382	0.225	0.12588	0.032334	0.338	0.31734	0.38432	0.36978	0.21588	0.27476	0.34219	0.33511	0.21215	0.32526	0.31066	0.27223	0.34878	0.14452	0.34695	0.22541	0.22284	0.16486	0.24413	0.40145	0.32441	0.28899	0.30627	0.14207	0.35561	0.29332	0.31272	0.36865	0.21079	0.30164	0.29319	0.2402	0.23562	0.16472	0.19576	0.34319	0.39467	0.19661	0.23611	0.36246	0.16832	0.035743	0.16122	0.22302	0.3835	0.33287	0.40154	0.12852	-0.0065337	0.24732	0.12573	0.25332	0.25567	0.20848	0.22632	0.12529	0.29341	0.22959	0.22541	0.28841	0.34469	0.30047	0.30243	0.33053	0.28985	0.32902	0.16256	0.087199	0.19004	0.33246	0.42731	0.16966	0.33141	0.22869	0.26954	0.22678	0.34719	0.22913	0.18	0.36605	0.24451	0.17554	0.2609	0.14717	0.21015	0.38682	0.16144	0.28161	0.33014	0.2801	0.14972	0.17843
0.35312	0.55518	0.2476	0.30861	0.50027	0.23173	0.12853	0.2981	0.38806	0.43525	0.52862	0.30904	0.072539	0.38511	0.40039	0.12361	0.44378	0.42062	0.17369	0.29095	0.23071	0.48681	0.42072	0.38563	0.49248	0.33953	0.66646	-0.023919	0.33545	1	0.41237	0.43926	0.31557	0.45283	0.50231	0.32173	0.25728	0.46103	0.30163	0.346	0.47048	0.45038	0.37807	0.15025	0.1597	0.26	0.20107	0.21306	0.48438	0.4975	0.29147	0.2413	0.14767	0.37772	0.39749	0.47662	0.37901	0.29931	0.52712	0.49558	0.5619	0.43149	0.51826	0.43115	0.21323	0.49439	0.25884	0.53352	0.36668	0.29893	0.42966	0.3974	0.70042	0.38109	0.30795	0.37631	0.20882	0.46846	0.26475	0.37695	0.44042	0.36596	0.40613	0.38869	0.36326	0.25313	0.32312	0.40419	0.40669	0.50345	0.39782	0.37419	0.3962	0.3348	0.24394	0.32313	0.32525	0.44003	0.40125	0.52126	0.17889	0.20854	0.4998	0.18369	0.39324	0.35629	0.44825	0.17515	0.28728	0.42281	0.40056	0.54868	0.43578	0.38482	0.51269	0.51944	0.44348	0.64908	0.50606	0.32472	0.29241	0.4727	0.47623	0.34026	0.35921	0.3836	0.33027	0.33046	0.47354	0.58452	0.42526	0.33492	0.52403	0.27221	0.3364	0.35837	0.14737	0.23552	0.45862	0.37401	0.429	0.65474	0.49975	0.1823	0.3176
0.27359	0.49936	0.1409	0.22279	0.50233	0.17199	-0.038977	0.12057	0.5384	0.43393	0.42687	0.079762	0.1596	0.31663	0.38797	0.073033	0.48346	0.35172	0.14735	0.23887	0.22152	0.41761	0.21645	0.13293	0.50649	0.32706	0.41476	-0.015381	0.16257	0.41237	1	0.41896	0.16206	0.33878	0.29102	0.20821	0.18213	0.44556	0.18956	0.20767	0.40933	0.23553	0.19825	0.018503	0.10922	0.40461	0.093582	0.030598	0.40096	0.2971	0.23	0.2662	0.24385	0.19061	0.15598	0.3198	0.19336	0.27353	0.52454	0.58935	0.40339	0.53244	0.4632	0.44491	0.18316	0.31294	0.20722	0.44848	0.38937	0.19051	0.56431	0.5035	0.38196	0.30392	0.12376	0.29724	0.17719	0.30067	0.20319	0.22065	0.35045	0.071957	0.38937	0.1484	0.082565	0.16403	0.49612	0.51801	0.43443	0.33273	0.2093	0.52189	0.27361	0.16719	0.026332	0.15041	0.25394	0.22303	0.28539	0.40393	0.37321	0.098315	0.46277	0.007816	0.16344	0.28261	0.22727	0.14835	0.16325	0.4024	0.50366	0.40195	0.19878	0.26542	0.39269	0.46729	0.37086	0.47455	0.36908	0.12017	0.367	0.21372	0.3864	0.2793	0.13473	0.21412	0.33233	0.31565	0.36858	0.34819	0.51909	0.61897	0.35317	0.22722	0.25788	0.30847	0.043894	0.071556	0.25579	0.32138	0.31162	0.46876	0.23112	0.041081	0.080706
0.28206	0.39255	0.14807	0.19169	0.40269	0.22782	0.16185	0.25404	0.30651	0.37231	0.37745	0.18686	0.15458	0.31321	0.35434	0.016543	0.38162	0.36051	0.26581	0.27906	0.2433	0.37938	0.37283	0.1953	0.32817	0.32795	0.36959	0.055019	0.14536	0.43926	0.41896	1	0.18426	0.33196	0.29791	0.17769	0.20077	0.35253	0.22101	0.43329	0.39866	0.25699	0.29458	0.03695	0.24406	0.18095	0.198	0.05825	0.34497	0.36052	0.19199	0.19402	0.20396	0.3412	0.34645	0.40195	0.35964	0.18068	0.44298	0.38173	0.31102	0.3465	0.43754	0.34487	0.13801	0.33234	0.16327	0.34034	0.29121	0.22017	0.23797	0.23996	0.4229	0.27231	0.23629	0.33109	0.13782	0.30941	0.1754	0.27697	0.39121	0.19204	0.42544	0.18872	0.29012	0.22121	0.24557	0.3893	0.38348	0.39097	0.2967	0.31928	0.36098	0.29041	0.10723	0.22335	0.25936	0.30393	0.29853	0.34622	0.23146	0.15396	0.39898	0.11252	0.26185	0.31968	0.23026	0.15688	0.090881	0.38837	0.34739	0.33951	0.20289	0.31886	0.34904	0.30518	0.41452	0.39711	0.36742	0.22954	0.30113	0.236	0.4323	0.23675	0.23155	0.33734	0.30633	0.29201	0.39873	0.36443	0.36494	0.31372	0.41553	0.249	0.17916	0.24454	0.24259	0.16219	0.38846	0.39738	0.31903	0.37723	0.36448	0.069329	0.14321
0.16538	0.29356	0.083517	0.21267	0.29489	0.099048	0.16237	0.16074	0.25692	0.36902	0.32927	0.12278	0.14008	0.23954	0.23885	0.19234	0.24978	0.20579	0.083282	0.17355	0.16108	0.35448	0.27639	0.25469	0.33	0.22594	0.34036	0.10069	0.21733	0.31557	0.16206	0.18426	1	0.29001	0.36579	0.23319	0.11244	0.26576	0.21105	0.2114	0.26406	0.21045	0.15865	0.062477	0.12699	0.21312	0.16917	0.2199	0.29364	0.27741	0.24814	0.19418	0.15967	0.26163	0.21792	0.3593	0.23158	0.21636	0.27458	0.27374	0.33673	0.31947	0.30767	0.27072	0.17411	0.29859	0.20392	0.39003	0.264	0.17202	0.26805	0.25468	0.36801	0.097214	0.15587	0.18519	0.16965	0.32142	0.083874	0.14912	0.21978	0.23783	0.24326	0.22536	0.24055	0.27245	0.23172	0.23768	0.23964	0.32249	0.25226	0.27835	0.25758	0.24642	0.18829	0.16401	0.14294	0.30264	0.26906	0.25721	0.15758	0.18594	0.36933	0.15936	0.3095	0.32376	0.29956	0.22292	0.076749	0.22953	0.25907	0.3628	0.2427	0.2778	0.33569	0.36602	0.29256	0.30037	0.32004	0.13439	0.13427	0.26508	0.26237	0.22886	0.2671	0.18745	0.26759	0.23153	0.31438	0.24608	0.22963	0.20304	0.23216	0.18222	0.18689	0.19409	0.074029	0.14187	0.3452	0.27007	0.33411	0.31379	0.3092	0.12648	0.23135
0.30224	0.38081	0.15147	0.27249	0.39431	0.21121	0.086408	0.11642	0.37152	0.48219	0.48075	0.15467	0.076245	0.38067	0.36083	0.11278	0.3804	0.44697	0.10886	0.17362	0.286	0.4498	0.43859	0.24229	0.3692	0.27672	0.48077	0.12456	0.39812	0.45283	0.33878	0.33196	0.29001	1	0.4206	0.31211	0.2984	0.46827	0.18491	0.32468	0.36799	0.33718	0.43201	0.016866	0.067939	0.24223	0.19433	0.12329	0.44748	0.42312	0.2246	0.19643	0.19064	0.33289	0.38743	0.56162	0.26627	0.24329	0.39216	0.46228	0.43197	0.3843	0.4046	0.44789	0.21137	0.42886	0.30208	0.482	0.33584	0.3163	0.32795	0.36573	0.49462	0.39128	0.25529	0.30948	0.19214	0.46053	0.31468	0.3206	0.48633	0.3061	0.34691	0.2475	0.21086	0.31362	0.23949	0.35266	0.35155	0.56577	0.31701	0.32073	0.28467	0.25252	0.13236	0.19343	0.36327	0.3962	0.33805	0.52494	0.21719	0.043747	0.46639	0.16761	0.16702	0.35839	0.37375	0.25167	0.21058	0.3341	0.39417	0.38467	0.44169	0.51956	0.46667	0.4974	0.47268	0.4303	0.4802	0.21828	0.32325	0.27645	0.46696	0.34727	0.26966	0.30736	0.22826	0.49434	0.40622	0.49401	0.44336	0.30568	0.47108	0.24791	0.19153	0.3488	0.20335	0.15755	0.36467	0.32809	0.36855	0.50787	0.36055	0.097603	0.26595
