1	0.4059	0.32728	0.31469	0.40938	0.10656	0.1695	0.37835	0.1542	0.45925	0.29183	0.31222	0.13576	0.464	0.21715	0.43226	0.21604	0.44492	0.26707	0.34201	0.0050423	0.31459	0.32755	0.19312	0.40283	0.45505	0.34957	0.35495	0.2623	0.47518	0.341	0.47618	0.27139	0.343	0.45061	0.23735	0.22597	0.29186	0.36492	0.36349	0.29453	0.35676	0.23336	0.22778	0.08715	0.22817	0.31911	0.23341	0.366	0.44031	0.30678	0.34466	0.16906	0.39484	0.34104	0.47955	0.44269	0.35687	0.33925	0.4182	0.39226	0.2317	0.39561	0.23167	0.34494	0.41747	0.47193	0.37622	0.27853	0.42187	0.37169	0.31906	0.447	0.16261	0.19981	0.30711	0.149	0.19704	0.41176	0.07877	0.43853	0.21753	0.31454	0.29919	0.24086	0.25434	0.35804	0.39565	0.22613	0.35774	0.36519	0.39166	0.41821	0.17526	0.22964	0.3386	0.46389	0.3347	0.40758	0.45389	0.30259	0.12552	0.2519	0.2446	0.23017	0.46178	0.30362	0.35575	0.34966	0.099093	0.04179	0.41245	0.31405	0.34481	0.46536	0.35051	0.35049	0.48057	0.43579	0.24521	0.37088	0.23132	0.44782	0.27286	0.17364	0.40752	0.49265	0.36249	0.30782	0.3311	0.34148	0.32995	0.28902	0.25829	0.21163	0.39885	0.17361	0.3911	0.20581	0.24928	0.18546	0.49457	0.2635	0.12477	0.38568
0.4059	1	0.352	0.23	0.40021	0.047642	0.18628	0.35712	0.30375	0.58448	0.43828	0.2098	0.17246	0.44101	0.18314	0.40833	0.23103	0.46573	0.20069	0.31814	-0.015747	0.43749	0.33275	0.22887	0.74328	0.47686	0.40859	0.29307	0.29237	0.49862	0.34585	0.41231	0.23283	0.5553	0.52769	0.37364	0.21691	0.39065	0.33325	0.24849	0.32694	0.58179	0.27608	0.13024	0.12832	0.36068	0.24444	0.41748	0.50144	0.55327	0.24302	0.48016	0.25192	0.42118	0.35345	0.48227	0.52385	0.12009	0.38249	0.39008	0.47312	0.31328	0.48677	0.21881	0.5883	0.74472	0.4453	0.34199	0.22849	0.55226	0.52402	0.38465	0.51642	0.38274	0.21995	0.2904	0.15668	0.19805	0.45961	0.31284	0.43294	0.19411	0.29469	0.43341	0.2299	0.048628	0.29767	0.37065	0.16781	0.32071	0.62944	0.52191	0.3905	0.14541	0.31365	0.36684	0.42679	0.33275	0.38969	0.63032	0.28795	0.14786	0.23758	0.16479	0.21725	0.50301	0.27408	0.38674	0.21775	0.098134	0.077149	0.51101	0.26599	0.22087	0.44906	0.43829	0.31747	0.52909	0.42048	0.25814	0.40239	0.40735	0.38041	0.34889	0.25391	0.38228	0.45029	0.30562	0.32145	0.54016	0.32096	0.36347	0.19263	0.46171	0.16021	0.35047	0.14729	0.62374	0.11698	0.24956	0.20584	0.53363	0.2769	0.16207	0.36653
0.32728	0.352	1	0.14185	0.3223	0.12909	0.012759	0.23914	0.17037	0.40953	0.27181	0.22074	0.065383	0.49836	0.092465	0.42433	0.22384	0.35907	0.20504	0.18234	-0.016136	0.28168	0.27121	0.19757	0.34716	0.4018	0.22312	0.22681	0.21153	0.34595	0.26657	0.30162	0.20451	0.40108	0.40604	0.37654	0.18676	0.35316	0.38715	0.27778	0.24053	0.40008	0.17575	0.10724	0.078735	0.25634	0.22104	0.32088	0.33709	0.44052	0.23028	0.24727	0.24772	0.38302	0.32082	0.4023	0.37169	0.20679	0.348	0.32283	0.31405	0.34293	0.27373	0.22415	0.4555	0.41674	0.36372	0.21911	0.11688	0.43368	0.23177	0.22526	0.3335	0.23275	0.14434	0.26816	0.075943	0.18912	0.30669	0.16728	0.33447	0.22702	0.37736	0.17579	0.19412	0.16606	0.23226	0.29626	0.11547	0.26824	0.3963	0.35182	0.25183	0.095886	0.27425	0.41834	0.30646	0.34287	0.41122	0.4042	0.24895	0.063519	0.38585	0.11897	0.25974	0.44148	0.15566	0.28717	0.32746	0.12415	0.071471	0.3454	0.24189	0.23598	0.26984	0.32727	0.20806	0.33779	0.34785	0.14102	0.29674	0.031561	0.35999	0.39119	0.19657	0.39733	0.35914	0.29244	0.23351	0.27327	0.35056	0.28642	0.17589	0.4314	0.11197	0.32282	0.10039	0.50474	0.16275	0.16178	0.24411	0.31127	0.3366	0.21528	0.3267
0.31469	0.23	0.14185	1	0.33107	0.15542	0.080189	0.24965	0.22358	0.2944	0.18847	0.36134	0.053849	0.28888	0.20825	0.31002	0.16555	0.3536	0.21806	0.37452	0.097944	0.29476	0.29908	0.13764	0.25007	0.37378	0.25755	0.541	0.08352	0.34867	0.18578	0.38177	0.17991	0.28506	0.38206	0.23681	0.19957	0.2577	0.33672	0.55497	0.27127	0.22295	0.15894	0.13263	0.18748	0.07196	0.37697	0.17414	0.22693	0.26805	0.29359	0.13995	0.11433	0.20929	0.28046	0.32984	0.36255	0.30752	0.231	0.30879	0.26767	0.24249	0.19061	0.27112	0.32785	0.30226	0.38181	0.23594	0.070289	0.2851	0.19786	0.20195	0.31335	0.20227	0.1722	0.2316	0.21077	0.25478	0.34191	0.26059	0.35905	0.11701	0.14877	0.064656	0.17664	0.23826	0.24538	0.2609	0.30411	0.29113	0.20569	0.27759	0.4422	0.16496	0.0151	0.24031	0.34058	0.25681	0.27535	0.3437	0.26784	0.15667	0.12702	0.23144	0.20746	0.20357	0.18043	0.1972	0.21229	-0.031368	0.12012	0.28448	0.31591	0.2743	0.47144	0.26477	0.2065	0.32009	0.33658	0.13647	0.22639	0.085393	0.30004	0.28763	0.16091	0.27125	0.4563	0.28305	0.16401	0.22758	0.11547	0.23591	0.14891	0.27347	0.13792	0.24269	0.19402	0.29216	0.13464	0.48936	0.31521	0.33394	0.19142	0.050788	0.46899
0.40938	0.40021	0.3223	0.33107	1	0.081175	0.15544	0.20115	0.32183	0.46836	0.40379	0.20213	0.19321	0.48695	0.17673	0.43138	0.18317	0.45959	0.2599	0.37963	-0.0032112	0.55382	0.38537	0.25155	0.45242	0.49495	0.31822	0.27605	0.36949	0.43149	0.3453	0.5303	0.35541	0.44038	0.53812	0.40316	0.29566	0.40896	0.41552	0.38522	0.40773	0.41231	0.23816	0.15166	0.12491	0.36004	0.24989	0.35636	0.47388	0.44835	0.39842	0.3944	0.36344	0.51795	0.44965	0.47687	0.42864	0.23167	0.40414	0.46044	0.43868	0.40489	0.48	0.3074	0.45561	0.46094	0.38888	0.34019	0.24179	0.42682	0.42973	0.26777	0.46036	0.33921	0.17856	0.2998	0.26942	0.29211	0.46054	0.19433	0.46654	0.17972	0.34516	0.2726	0.35685	0.2904	0.34604	0.40474	0.19819	0.38123	0.51548	0.511	0.3403	0.26914	0.24326	0.42486	0.40423	0.49289	0.55739	0.48475	0.32372	0.26966	0.22026	0.32667	0.23348	0.47222	0.15539	0.48929	0.40336	0.070083	0.11392	0.44299	0.18368	0.25765	0.40833	0.37905	0.20955	0.49125	0.47913	0.14948	0.40075	0.24548	0.34317	0.35616	0.18802	0.53281	0.51879	0.21288	0.23963	0.38149	0.36434	0.39383	0.25494	0.33068	0.20013	0.44014	0.12283	0.46882	0.22852	0.1817	0.23382	0.4857	0.46236	0.27347	0.31529
0.10656	0.047642	0.12909	0.15542	0.081175	1	0.076954	0.069555	0.10885	0.018991	0.031044	0.083151	0.049364	0.1554	0.13175	0.15193	0.019856	0.13131	0.12479	0.092571	0.083235	0.10557	0.13293	-0.042676	0.057497	0.14446	0.13728	0.062903	0.10377	0.099666	0.079916	0.047105	0.16561	0.15497	0.20973	0.13785	0.15642	0.10354	0.092486	0.15947	0.0031013	0.049628	0.027935	0.051993	0.15351	0.10028	0.096977	0.16649	0.055857	0.058602	0.055248	0.088056	0.096162	0.098094	0.15253	0.12955	0.14962	0.15699	0.15774	0.078949	0.1166	0.020366	0.17311	0.11861	0.034763	0.11955	0.14901	0.06131	0.031117	0.10344	0.051256	0.16381	0.12858	0.19445	0.026562	0.025831	0.034504	0.13242	0.16913	0.15437	0.13185	0.042322	0.11273	0.034926	0.13671	0.14876	0.13273	0.050809	0.017731	0.068794	0.025933	0.039244	0.068479	0.12141	0.089867	0.12916	0.021361	0.10452	0.11856	0.067055	0.054552	0.09942	0.04518	0.041841	0.21075	0.067533	0.042646	0.083332	0.13754	0.22237	-0.036587	0.074092	0.091389	0.09962	0.055134	0.11204	0.097296	0.10639	0.092766	-0.076349	0.011599	-0.0024704	0.1485	0.17949	0.13713	0.048553	0.13878	0.1547	0.091614	0.078449	0.062867	0.052659	-0.017105	-0.046781	0.19445	0.053218	0.075927	0.071888	0.050952	0.033156	0.073659	0.14298	0.091322	0.019902	0.10565
0.1695	0.18628	0.012759	0.080189	0.15544	0.076954	1	0.29339	0.24751	0.18269	0.31264	0.20395	0.057221	0.10479	0.13749	0.1416	0.071212	0.29184	0.055977	0.099525	0.081569	0.16605	0.24386	0.043264	0.23439	0.27789	0.047153	0.14918	0.057629	0.14083	0.097402	0.16978	0.089776	0.15297	0.32965	0.11274	0.16419	0.2791	0.15584	0.090991	0.31703	0.20171	0.19063	0.13765	0.10299	0.18085	0.044313	0.18026	0.19382	0.18933	0.17019	0.31312	0.22997	0.094866	0.09028	0.087155	0.15432	0.1321	0.20953	0.24489	0.31133	0.15019	0.26615	0.10838	0.13232	0.16581	0.22758	0.22781	0.20759	0.35616	0.22983	0.23293	0.15377	0.16423	0.17932	0.1606	0.16683	0.30125	0.20473	0.077046	0.19566	0.32361	0.14936	0.10193	0.22144	0.0090895	0.092044	0.19624	0.089491	0.11678	0.16896	0.18028	0.1338	0.00049755	0.20035	0.10065	0.18935	0.2022	0.12088	0.20197	0.11816	0.25491	0.12995	0.28996	0.12845	0.22775	0.37587	0.029678	0.10348	0.025265	0.24747	0.29623	0.17114	0.27501	0.21544	0.2188	0.31208	0.13825	0.18838	-0.0013351	0.18711	0.16658	0.097723	0.074429	0.28746	0.18565	0.24043	0.16171	0.28289	0.21727	0.17963	0.14523	0.053598	0.0076209	0.065411	0.2996	-0.017879	0.097633	0.098028	0.06353	0.12355	0.13063	0.2197	-0.011859	0.17073
0.37835	0.35712	0.23914	0.24965	0.20115	0.069555	0.29339	1	0.29474	0.37471	0.33288	0.61904	0.075193	0.35205	0.18573	0.328	0.27756	0.31851	0.35475	0.2504	0.19229	0.18034	0.38466	0.23226	0.39187	0.28811	0.19264	0.26525	0.22718	0.27479	0.206	0.4195	0.18802	0.24397	0.27196	0.23505	0.12694	0.31027	0.3302	0.16814	0.31346	0.27734	0.14471	0.24653	0.0021846	0.23142	0.27103	0.30257	0.34746	0.31403	0.22113	0.2351	0.14533	0.1639	0.10561	0.32265	0.24611	0.25715	0.25276	0.33977	0.30963	0.19885	0.33225	0.19128	0.2766	0.35528	0.38304	0.3742	0.11507	0.4199	0.27579	0.39049	0.29931	0.059605	0.10805	0.38378	0.16234	0.26989	0.38046	0.18049	0.37665	0.39306	0.21664	0.20386	0.23758	-0.052576	0.33042	0.26283	0.26981	0.28824	0.30651	0.34775	0.26008	0.16112	0.2869	0.35388	0.45875	0.30525	0.19753	0.42459	0.16334	0.085033	0.24809	0.1374	0.21617	0.30382	0.42339	0.14501	0.22972	-0.021587	0.078495	0.49547	0.54212	0.58382	0.36493	0.324	0.57593	0.37824	0.41078	0.23951	0.23612	0.1914	0.39219	0.16239	0.2314	0.30863	0.33534	0.41257	0.40909	0.30101	0.25851	0.33982	0.1029	0.25362	0.14582	0.39154	0.10097	0.32509	0.12406	0.20098	0.1644	0.34252	0.23446	0.074118	0.40392
0.1542	0.30375	0.17037	0.22358	0.32183	0.10885	0.24751	0.29474	1	0.32994	0.2595	0.22278	0.09609	0.23611	0.14268	0.23065	0.062398	0.36708	0.079372	0.14331	0.060729	0.26815	0.32054	0.23524	0.35313	0.36466	0.2201	0.1718	0.15437	0.2468	0.15383	0.26294	0.19431	0.24514	0.36282	0.2435	0.17816	0.35797	0.1238	0.19006	0.30735	0.31989	0.12751	0.14768	0.022598	0.19118	0.077205	0.26486	0.35153	0.32829	0.20446	0.32408	0.25205	0.20924	0.25859	0.25905	0.36648	0.13275	0.34534	0.32949	0.38837	0.28492	0.36379	0.19477	0.34774	0.37386	0.32146	0.32422	0.15229	0.3411	0.44889	0.42517	0.30651	0.21676	0.1339	0.1421	0.15967	0.17074	0.35619	0.19117	0.24929	0.19366	0.089467	0.21696	0.16191	0.073883	0.24576	0.34751	0.14721	0.23035	0.3631	0.3659	0.22508	0.15135	0.18765	0.33588	0.24351	0.27305	0.15628	0.37111	0.26655	0.15762	0.13174	0.081004	0.00033155	0.39147	0.21173	0.11741	0.11687	0.076449	0.16639	0.41956	0.24771	0.31986	0.26123	0.30574	0.34174	0.34558	0.36237	0.084113	0.23628	0.16506	0.21067	0.23513	0.31599	0.18508	0.43002	0.23019	0.26993	0.3098	0.26043	0.28464	0.057601	0.2414	0.14114	0.27616	0.19629	0.32803	0.13951	0.030876	0.17767	0.31537	0.21183	0.08785	0.2482
0.45925	0.58448	0.40953	0.2944	0.46836	0.018991	0.18269	0.37471	0.32994	1	0.47582	0.31414	0.17263	0.53651	0.11752	0.53485	0.1794	0.57836	0.24721	0.3052	0.070706	0.46385	0.47048	0.29966	0.60763	0.62709	0.38825	0.30964	0.28222	0.53171	0.4056	0.5451	0.34391	0.49112	0.5708	0.47948	0.22458	0.56591	0.39072	0.2907	0.36666	0.48625	0.29622	0.25412	0.013463	0.32788	0.2876	0.41252	0.5645	0.62076	0.36233	0.41683	0.33345	0.4208	0.40914	0.54242	0.49545	0.24652	0.47481	0.47236	0.51331	0.36319	0.48506	0.27226	0.55708	0.61195	0.44899	0.36895	0.30301	0.56717	0.38148	0.36361	0.53387	0.28792	0.22354	0.30826	0.25383	0.20833	0.45474	0.3448	0.48759	0.1972	0.33377	0.35701	0.27006	0.15218	0.32918	0.46789	0.24167	0.45575	0.63077	0.60474	0.3644	0.26777	0.31778	0.40397	0.50207	0.48435	0.47903	0.5701	0.32883	0.2121	0.30235	0.19681	0.16353	0.59631	0.32034	0.39453	0.27994	0.062716	0.051146	0.64859	0.3486	0.27878	0.48156	0.52076	0.33108	0.57292	0.53627	0.15096	0.42381	0.33788	0.47521	0.37845	0.2756	0.4065	0.53751	0.3531	0.39165	0.55525	0.396	0.46825	0.26566	0.45666	0.20378	0.47441	0.20813	0.55187	0.23243	0.11941	0.26258	0.53978	0.3057	0.18405	0.38166
0.29183	0.43828	0.27181	0.18847	0.40379	0.031044	0.31264	0.33288	0.2595	0.47582	1	0.27566	0.14325	0.37001	0.20187	0.33016	0.15867	0.41639	0.1133	0.3178	0.13179	0.34268	0.29792	0.19807	0.49083	0.44566	0.31193	0.20158	0.22072	0.43431	0.34928	0.38276	0.21814	0.36978	0.53159	0.31055	0.28662	0.43674	0.30127	0.18306	0.36663	0.43957	0.25618	0.19986	0.039602	0.35415	0.21711	0.30828	0.36969	0.41775	0.33079	0.38905	0.37483	0.35522	0.35154	0.34613	0.34818	0.27539	0.38671	0.47361	0.4744	0.23839	0.42753	0.23021	0.4695	0.42411	0.47617	0.44324	0.29962	0.46128	0.31881	0.31941	0.41408	0.28979	0.11719	0.38721	0.20374	0.2426	0.43358	0.20326	0.3759	0.25144	0.29342	0.39844	0.18657	0.11409	0.37299	0.37862	0.16695	0.4281	0.46582	0.46685	0.29559	0.22553	0.2877	0.32479	0.43569	0.41555	0.31914	0.44417	0.25641	0.25319	0.26021	0.35883	0.1628	0.42031	0.26259	0.31725	0.28478	0.027829	0.2634	0.44487	0.26381	0.28396	0.3445	0.38927	0.35016	0.41844	0.46884	0.27195	0.33396	0.40437	0.33665	0.30018	0.30953	0.34383	0.3808	0.25757	0.3788	0.47121	0.40118	0.30049	0.21603	0.31935	0.1456	0.37468	0.1319	0.40079	0.15631	0.14029	0.28035	0.43817	0.30057	0.12434	0.28292
0.31222	0.2098	0.22074	0.36134	0.20213	0.083151	0.20395	0.61904	0.22278	0.31414	0.27566	1	-0.011226	0.26079	0.21283	0.3249	0.28217	0.32788	0.38974	0.26558	0.13083	0.19403	0.4261	0.19006	0.25431	0.37229	0.26169	0.32965	0.28794	0.33037	0.16399	0.41692	0.26499	0.27242	0.30949	0.31492	0.20125	0.28479	0.34916	0.27067	0.25359	0.21653	0.17304	0.24866	0.085744	0.11113	0.2403	0.15942	0.26263	0.2993	0.28021	0.24948	0.14819	0.14421	0.2517	0.27926	0.21936	0.27415	0.3	0.30936	0.3348	0.25237	0.19995	0.2174	0.17103	0.24394	0.34945	0.34948	-0.003595	0.39892	0.13789	0.27953	0.30056	0.16	0.23215	0.33495	0.13842	0.19255	0.36257	0.21224	0.37581	0.37821	0.18098	0.086168	0.19632	0.083257	0.29341	0.22276	0.31875	0.3143	0.21895	0.27751	0.23244	0.16465	0.17403	0.34307	0.43664	0.2471	0.25032	0.32617	0.22313	0.11025	0.19623	0.18426	0.12675	0.27048	0.28063	0.17814	0.20934	0.047048	0.15081	0.36431	0.60179	0.60554	0.40669	0.35806	0.50811	0.39436	0.42835	0.16775	0.15967	0.095912	0.38703	0.18609	0.1807	0.32144	0.33466	0.41339	0.39799	0.27058	0.27001	0.40205	0.10422	0.14274	0.18531	0.38793	0.13746	0.20577	0.15421	0.24857	0.18241	0.35323	0.24291	0.076625	0.32777
0.13576	0.17246	0.065383	0.053849	0.19321	0.049364	0.057221	0.075193	0.09609	0.17263	0.14325	-0.011226	1	0.22812	0.067966	0.15886	0.05483	0.18054	0.13124	0.19373	-0.0075458	0.19389	0.18816	0.17224	0.12939	0.10829	0.11843	0.11043	0.19838	0.18977	0.21744	0.20987	0.08207	0.15746	0.14953	0.1452	0.15703	0.12561	0.040476	0.1044	0.12432	0.14053	0.066811	0.10274	0.018851	0.18134	-0.024359	0.13458	0.071803	0.16272	0.23334	0.12174	0.068199	0.23507	0.15197	0.19151	0.15226	0.16927	0.16529	0.14688	0.069398	0.062914	0.19857	0.029331	0.11239	0.071137	0.12932	0.10319	0.11212	0.14155	0.21623	0.089742	0.15264	0.22414	0.06382	0.20008	0.10026	0.080452	0.18585	0.041409	0.23311	0.011996	0.13683	0.02571	0.093243	0.048937	0.056426	0.22863	-0.0013603	0.24468	0.089936	0.21944	0.1694	0.23422	0.04335	0.19001	0.15999	0.14469	0.14729	0.12774	0.14738	0.16947	0.14526	0.17113	0.095815	0.21905	0.11613	0.16024	0.18398	0.13204	-0.080778	0.19742	0.12893	0.14375	0.14061	0.047784	0.10742	0.16983	0.16553	0.14062	0.19701	0.04708	0.2618	0.13781	0.11102	0.18548	0.11306	0.12678	0.098722	0.16265	0.18719	0.12586	0.013692	0.053242	0.048936	0.017514	0.1196	0.11613	0.040015	0.22627	0.034174	0.16778	0.1835	0.013032	0.21073
0.464	0.44101	0.49836	0.28888	0.48695	0.1554	0.10479	0.35205	0.23611	0.53651	0.37001	0.26079	0.22812	1	0.17744	0.52901	0.24558	0.49621	0.3392	0.41223	0.023618	0.5168	0.37596	0.35616	0.41405	0.5021	0.35266	0.29103	0.33121	0.43521	0.37584	0.41903	0.30117	0.54409	0.55786	0.50919	0.32959	0.48193	0.50112	0.29186	0.4806	0.46161	0.24106	0.1854	0.084482	0.38097	0.29054	0.43115	0.41716	0.54487	0.37416	0.39473	0.39896	0.59377	0.45411	0.47898	0.45824	0.28228	0.41263	0.40869	0.43457	0.38102	0.42644	0.22298	0.56004	0.47907	0.44639	0.40751	0.14672	0.46378	0.35288	0.31044	0.46848	0.33237	0.24821	0.38114	0.15749	0.29998	0.50341	0.32771	0.46979	0.20222	0.41342	0.28242	0.20133	0.14586	0.37594	0.44867	0.2185	0.43316	0.48159	0.50993	0.44638	0.31229	0.31204	0.41792	0.4232	0.52136	0.52425	0.50589	0.3301	0.23847	0.37415	0.34234	0.30798	0.54712	0.24978	0.49643	0.46325	0.12664	0.12902	0.48393	0.29776	0.34031	0.33646	0.41938	0.33161	0.50331	0.45369	0.18818	0.3798	0.24853	0.46228	0.45505	0.20372	0.49034	0.47574	0.33185	0.24347	0.42823	0.36557	0.47511	0.24433	0.42326	0.25518	0.48547	0.18876	0.51357	0.2329	0.32481	0.3361	0.50563	0.40357	0.29848	0.40642
0.21715	0.18314	0.092465	0.20825	0.17673	0.13175	0.13749	0.18573	0.14268	0.11752	0.20187	0.21283	0.067966	0.17744	1	0.24673	-0.033246	0.17012	0.081483	0.13428	0.040861	0.22262	0.25551	0.089429	0.25204	0.22609	0.24698	0.19714	0.15385	0.31844	0.18956	0.24992	0.040112	0.11829	0.1723	0.19335	0.21768	0.10423	0.28298	0.1698	0.15509	0.22852	0.13574	0.10304	0.0524	0.089767	0.18923	0.16319	0.075119	0.19	0.11633	0.20429	0.14752	0.24105	0.29881	0.21552	0.2575	0.16326	0.13428	0.27068	0.12198	0.122	0.1677	0.082599	0.25733	0.18379	0.21237	0.13988	0.08008	0.1725	0.17524	0.13621	0.26052	0.15107	0.066212	0.19524	0.10345	0.11082	0.24302	-0.022132	0.22003	0.15564	0.23063	0.1324	0.1296	0.065656	0.30071	0.23432	0.21826	0.36487	0.19356	0.19474	0.22488	0.075301	0.1797	0.26389	0.24922	0.22416	0.27992	0.29112	0.1197	0.065138	0.14628	0.23411	0.013804	0.16236	0.062012	0.25597	0.16375	0.091809	0.05962	0.17503	0.17147	0.19438	0.15509	0.16292	0.10891	0.27942	0.19285	0.13767	0.19294	0.16637	0.22491	0.29936	0.12505	0.27386	0.24972	0.22522	0.12928	0.19813	0.1015	0.14014	0.10596	0.20461	0.14553	0.092377	0.068801	0.23115	0.16598	0.11631	0.14497	0.2702	0.20239	0.046097	0.12479
0.43226	0.40833	0.42433	0.31002	0.43138	0.15193	0.1416	0.328	0.23065	0.53485	0.33016	0.3249	0.15886	0.52901	0.24673	1	0.16149	0.55596	0.30245	0.31804	0.019632	0.42792	0.50177	0.27325	0.43799	0.51588	0.41769	0.37512	0.30616	0.5176	0.40186	0.44741	0.34147	0.44528	0.50233	0.37014	0.38053	0.40649	0.49027	0.37197	0.35095	0.32971	0.29851	0.19059	0.074959	0.28637	0.27048	0.39573	0.5085	0.54973	0.39977	0.36281	0.28631	0.44049	0.49647	0.49659	0.41945	0.36842	0.45983	0.50097	0.44942	0.36991	0.40467	0.37928	0.39802	0.43625	0.47096	0.32174	0.1681	0.48061	0.33828	0.31827	0.50178	0.339	0.28465	0.4008	0.16636	0.22384	0.49084	0.31365	0.50414	0.30442	0.38613	0.15749	0.32657	0.20577	0.41365	0.37789	0.23214	0.48311	0.41306	0.46757	0.39195	0.23349	0.36801	0.58426	0.4326	0.41366	0.57756	0.48171	0.39175	0.23311	0.31279	0.32528	0.22041	0.52444	0.2752	0.44546	0.37729	0.060378	0.044429	0.51405	0.36892	0.38642	0.43725	0.49006	0.32953	0.51442	0.50187	0.20805	0.30219	0.19667	0.48795	0.42282	0.33127	0.53026	0.51805	0.39517	0.29629	0.42939	0.37681	0.38661	0.24073	0.29226	0.26896	0.49209	0.18534	0.46242	0.24867	0.26351	0.21427	0.52508	0.46214	0.11141	0.45222
0.21604	0.23103	0.22384	0.16555	0.18317	0.019856	0.071212	0.27756	0.062398	0.1794	0.15867	0.28217	0.05483	0.24558	-0.033246	0.16149	1	0.30446	0.17771	0.092575	0.060614	0.1626	0.17833	0.17154	0.14514	0.25115	0.038174	0.2063	0.28066	0.15582	0.13186	0.26554	0.22492	0.15716	0.23492	0.31088	0.078782	0.21212	0.25267	0.30946	0.15378	0.16537	0.14441	-0.04626	0.12553	0.11887	0.15783	0.15442	0.12836	0.2417	0.23166	0.18826	0.1256	0.15438	0.08969	0.28593	0.12138	0.19994	0.15125	0.19877	0.24557	0.25108	0.21871	0.1176	0.1628	0.17648	0.24965	0.15467	0.088534	0.27779	0.070038	0.042025	0.17632	0.13194	0.23984	0.13679	0.090555	0.17228	0.26921	0.10509	0.30872	0.0009338	0.17249	0.095637	0.17	0.0045731	0.19968	0.30036	0.18646	0.19017	0.17064	0.21593	0.20352	0.14012	0.14596	0.19337	0.2191	0.20007	0.1952	0.1617	0.24847	0.090487	0.097976	0.11362	0.28381	0.29055	0.1646	0.18211	0.090039	-0.086718	0.087665	0.28937	0.15465	0.175	0.19508	0.17721	0.20511	0.17455	0.16378	0.087581	0.16193	0.086772	0.25139	0.03284	0.14799	0.21877	0.27784	0.096335	0.1796	0.14136	0.17356	0.18526	0.076904	0.16219	0.17007	0.25183	0.11877	0.11908	0.071777	0.16388	0.17823	0.17488	0.21447	0.12143	0.27024
0.44492	0.46573	0.35907	0.3536	0.45959	0.13131	0.29184	0.31851	0.36708	0.57836	0.41639	0.32788	0.18054	0.49621	0.17012	0.55596	0.30446	1	0.32065	0.29777	0.092214	0.49778	0.5368	0.28148	0.48236	0.56777	0.37166	0.35427	0.36739	0.51814	0.40469	0.45063	0.38256	0.45103	0.64408	0.40758	0.26105	0.48615	0.39652	0.42421	0.3968	0.34686	0.36977	0.21548	0.20748	0.35106	0.30913	0.36718	0.46002	0.54699	0.38283	0.45023	0.28617	0.43983	0.40366	0.53655	0.44088	0.31341	0.54218	0.53492	0.54287	0.35799	0.41758	0.225	0.46744	0.43696	0.46556	0.38642	0.26636	0.52025	0.40554	0.45659	0.51749	0.39614	0.35731	0.3289	0.1713	0.299	0.54718	0.27224	0.53264	0.33015	0.39384	0.21009	0.42321	0.12914	0.37475	0.50262	0.3121	0.46807	0.49054	0.57538	0.45386	0.34023	0.28793	0.43857	0.43462	0.44481	0.4435	0.50298	0.35896	0.30513	0.26322	0.2714	0.30703	0.59409	0.40942	0.44858	0.32433	0.068896	0.095205	0.52014	0.35628	0.39022	0.45503	0.46599	0.44924	0.55533	0.55938	0.16338	0.34298	0.22429	0.51968	0.30827	0.39053	0.42061	0.56459	0.37951	0.36762	0.46059	0.44141	0.50506	0.26742	0.35582	0.30858	0.46637	0.20557	0.45865	0.17396	0.26981	0.25617	0.55277	0.44744	0.17617	0.45743
0.26707	0.20069	0.20504	0.21806	0.2599	0.12479	0.055977	0.35475	0.079372	0.24721	0.1133	0.38974	0.13124	0.3392	0.081483	0.30245	0.17771	0.32065	1	0.25711	0.014863	0.21059	0.36588	0.18051	0.19358	0.20239	0.16894	0.25625	0.2938	0.20502	0.25097	0.4339	0.2525	0.23223	0.23735	0.22341	0.1705	0.26085	0.32605	0.22889	0.21142	0.12246	0.14677	0.096616	0.015974	0.2028	0.18566	0.14414	0.24117	0.24577	0.23704	0.12589	0.019107	0.23699	0.19324	0.26749	0.19121	0.37285	0.20724	0.30326	0.12206	0.23436	0.21667	0.14627	0.13819	0.1838	0.28802	0.21598	-0.017837	0.18862	0.13273	0.16944	0.19392	0.16001	0.23629	0.38738	0.10357	0.22131	0.3366	0.15507	0.39703	0.20984	0.25595	-0.0046388	0.14632	-0.095272	0.31157	0.20285	0.20071	0.3062	0.17882	0.15331	0.25875	0.15537	0.15436	0.27913	0.37945	0.17914	0.20368	0.23491	0.20843	0.04318	0.11261	0.14466	0.18176	0.2352	0.25062	0.25969	0.1088	0.13696	0.0073246	0.36922	0.41481	0.41182	0.28474	0.251	0.33522	0.25721	0.38279	0.16436	0.22687	3.7603e-005	0.4167	0.19169	0.15274	0.20954	0.2857	0.31759	0.27757	0.097197	0.2535	0.30736	0.076085	0.15347	0.23664	0.34225	0.16208	0.19359	0.083629	0.22424	0.1297	0.28798	0.2272	0.0056468	0.39561
0.34201	0.31814	0.18234	0.37452	0.37963	0.092571	0.099525	0.2504	0.14331	0.3052	0.3178	0.26558	0.19373	0.41223	0.13428	0.31804	0.092575	0.29777	0.25711	1	0.062619	0.25545	0.26305	0.24601	0.36208	0.44808	0.29585	0.47279	0.19225	0.37945	0.22224	0.49322	0.29522	0.44047	0.35327	0.2702	0.26774	0.27442	0.33946	0.34808	0.37077	0.23578	0.20504	0.19887	0.10165	0.14357	0.26078	0.17625	0.31593	0.40663	0.30057	0.22286	0.14785	0.26607	0.32584	0.34372	0.39396	0.27429	0.33345	0.2951	0.28897	0.15782	0.32719	0.25301	0.34678	0.32188	0.3704	0.33157	0.10225	0.3329	0.26784	0.12773	0.35233	0.16384	0.18707	0.44598	0.25506	0.26754	0.3248	0.13711	0.39772	0.15406	0.24231	0.22724	0.16651	0.16447	0.36737	0.26747	0.30087	0.37381	0.34778	0.33104	0.46375	0.17637	0.15794	0.31445	0.35004	0.34557	0.35478	0.41648	0.23244	0.24796	0.18334	0.29272	0.27513	0.32587	0.17031	0.30372	0.29267	0.12255	0.12641	0.37329	0.22312	0.29037	0.50735	0.3104	0.28668	0.36052	0.40624	0.19009	0.34964	0.19714	0.30614	0.25408	0.11526	0.35058	0.46329	0.22431	0.25463	0.30576	0.31904	0.28396	0.058557	0.11253	0.16504	0.31806	0.14829	0.35402	0.11526	0.42678	0.20902	0.39566	0.30766	0.0046432	0.44906
0.0050423	-0.015747	-0.016136	0.097944	-0.0032112	0.083235	0.081569	0.19229	0.060729	0.070706	0.13179	0.13083	-0.0075458	0.023618	0.040861	0.019632	0.060614	0.092214	0.014863	0.062619	1	0.14319	0.10257	-0.013296	0.068267	0.00094405	0.0094294	0.029778	0.066153	0.096774	0.069749	0.12339	0.014363	0.059317	-0.01095	0.10858	0.0050389	0.076216	-0.036996	0.017664	0.094202	-0.036194	0.0027359	0.002735	0.093943	0.052282	0.11248	0.076604	0.011544	0.014927	-0.023727	0.06848	0.047805	-0.029278	0.027678	0.015507	0.029159	0.026257	0.0060931	0.087686	0.087645	0.015915	0.056041	0.045231	0.077728	0.018205	0.021183	-0.0027493	0.033943	0.06097	0.023462	0.14085	0.13506	0.0042727	0.042617	0.11894	0.022195	0.06228	0.13462	-0.011173	0.029343	0.14381	-0.097498	-0.00034215	0.050578	-0.0062413	-0.072038	0.032772	0.053146	0.090973	0.14702	0.040735	0.079426	0.03976	0.030792	0.0074889	0.12929	0.095577	0.033957	0.082022	-0.014811	0.035243	-0.012541	0.081728	-0.003252	0.027893	0.086737	-0.0054006	-0.086067	-0.042149	0.068794	0.043281	0.15725	0.12388	0.12643	-0.0047284	0.1151	0.087725	0.070305	0.032712	-0.031299	-0.025872	0.0705	0.034991	0.090754	-0.038353	0.049439	0.16198	0.09831	0.095725	0.077571	0.011304	0.016087	0.030913	0.11862	-0.0033302	-0.0073327	0.11857	0.016949	-0.015911	0.05069	0.084738	0.022435	0.08932	0.0090126
0.31459	0.43749	0.28168	0.29476	0.55382	0.10557	0.16605	0.18034	0.26815	0.46385	0.34268	0.19403	0.19389	0.5168	0.22262	0.42792	0.1626	0.49778	0.21059	0.25545	0.14319	1	0.39932	0.18866	0.41527	0.47615	0.25558	0.23375	0.3652	0.34	0.33686	0.4074	0.3258	0.52372	0.45705	0.48319	0.32763	0.38027	0.41207	0.30181	0.31193	0.42773	0.30466	0.14723	0.066539	0.37759	0.28048	0.38755	0.34685	0.44405	0.38268	0.36542	0.34686	0.51765	0.50257	0.41229	0.39697	0.25354	0.32692	0.42557	0.40119	0.47042	0.41258	0.26079	0.51889	0.43483	0.37832	0.33856	0.18005	0.3848	0.3866	0.33216	0.3502	0.51939	0.2308	0.3183	0.25529	0.2213	0.46209	0.29227	0.4356	0.18735	0.30154	0.16022	0.21801	0.21305	0.31285	0.36108	0.2016	0.38026	0.50559	0.52053	0.40752	0.34582	0.23787	0.31087	0.34778	0.46281	0.51297	0.46233	0.29801	0.14564	0.27816	0.23261	0.29786	0.49236	0.19861	0.52983	0.32606	0.14529	0.13183	0.38803	0.23699	0.20581	0.29639	0.33736	0.16793	0.38191	0.37384	0.13386	0.35459	0.16095	0.35171	0.39904	0.31154	0.48837	0.44442	0.21392	0.15751	0.34518	0.41163	0.37487	0.24686	0.35205	0.18128	0.3959	0.10803	0.487	0.24419	0.172	0.24197	0.37076	0.39202	0.28334	0.40301
0.32755	0.33275	0.27121	0.29908	0.38537	0.13293	0.24386	0.38466	0.32054	0.47048	0.29792	0.4261	0.18816	0.37596	0.25551	0.50177	0.17833	0.5368	0.36588	0.26305	0.10257	0.39932	1	0.25964	0.39321	0.44969	0.34768	0.41303	0.39801	0.41485	0.22784	0.55778	0.42944	0.37432	0.43519	0.2876	0.26542	0.42936	0.43538	0.43379	0.36965	0.30462	0.27237	0.14361	0.10717	0.29135	0.30363	0.30312	0.36877	0.46753	0.30082	0.31592	0.24092	0.34189	0.37711	0.47499	0.3514	0.31821	0.37526	0.50631	0.38893	0.26995	0.44645	0.28733	0.35212	0.34923	0.48275	0.38556	0.18329	0.44083	0.29628	0.42456	0.48516	0.28911	0.26961	0.42559	0.21785	0.2944	0.47706	0.24251	0.65469	0.32928	0.36066	0.14979	0.27304	0.12437	0.35888	0.38987	0.30567	0.44257	0.39225	0.48057	0.35894	0.21892	0.2087	0.39609	0.55774	0.34745	0.38233	0.39057	0.30909	0.20606	0.27787	0.3224	0.27115	0.48879	0.30779	0.35283	0.27318	0.10258	0.085059	0.48107	0.50922	0.49589	0.43519	0.35393	0.4232	0.46056	0.55855	0.22045	0.28972	0.13906	0.5877	0.35704	0.32555	0.44935	0.45767	0.4533	0.34049	0.39616	0.39048	0.42493	0.2017	0.24846	0.26832	0.43168	0.11068	0.355	0.17091	0.2782	0.20827	0.50034	0.40639	0.17461	0.46651
0.19312	0.22887	0.19757	0.13764	0.25155	-0.042676	0.043264	0.23226	0.23524	0.29966	0.19807	0.19006	0.17224	0.35616	0.089429	0.27325	0.17154	0.28148	0.18051	0.24601	-0.013296	0.18866	0.25964	1	0.23143	0.3416	0.12035	0.31582	0.19465	0.20362	0.17689	0.32115	0.23666	0.21833	0.19486	0.21839	0.17063	0.22854	0.2923	0.24107	0.29043	0.12616	0.17236	0.063841	0.00047475	0.13069	0.23991	0.12113	0.30162	0.30008	0.26659	0.22568	0.13737	0.31331	0.27052	0.22361	0.20213	0.17726	0.11285	0.25077	0.23487	0.28654	0.25107	0.15427	0.23431	0.22774	0.29671	0.3231	0.074425	0.22789	0.22519	0.23421	0.27528	0.14299	0.16895	0.22204	0.11823	0.12046	0.29544	0.11566	0.3597	0.11524	0.21553	0.030371	0.13369	0.11681	0.29896	0.26302	0.16714	0.293	0.23981	0.33249	0.30535	0.21189	0.12528	0.32575	0.2415	0.178	0.26128	0.23809	0.18097	0.30761	0.10287	0.22099	0.11215	0.32086	0.23518	0.18809	0.22422	0.092766	0.010505	0.30528	0.14807	0.18417	0.31088	0.36698	0.20628	0.26307	0.22746	0.2229	0.11625	-0.015611	0.21043	0.24429	0.15058	0.16793	0.34452	0.13884	0.10503	0.201	0.24391	0.24418	0.08003	0.2113	0.052939	0.28398	0.20565	0.21389	0.12861	0.14592	0.17534	0.28351	0.29888	0.046889	0.2312
0.40283	0.74328	0.34716	0.25007	0.45242	0.057497	0.23439	0.39187	0.35313	0.60763	0.49083	0.25431	0.12939	0.41405	0.25204	0.43799	0.14514	0.48236	0.19358	0.36208	0.068267	0.41527	0.39321	0.23143	1	0.53296	0.45055	0.30594	0.30023	0.55059	0.33065	0.46623	0.25036	0.47268	0.56981	0.40381	0.26615	0.4388	0.34558	0.24754	0.43716	0.64791	0.22657	0.16576	0.063082	0.3621	0.30638	0.40315	0.57423	0.58389	0.27272	0.51583	0.3409	0.41634	0.39257	0.50619	0.57757	0.22905	0.48282	0.51732	0.55222	0.30064	0.52779	0.24758	0.5934	0.7543	0.46012	0.44446	0.27691	0.63587	0.54257	0.4488	0.56123	0.29484	0.21882	0.32242	0.20899	0.23891	0.4727	0.28791	0.40104	0.27235	0.31262	0.47041	0.29276	0.059316	0.32702	0.38318	0.18827	0.41968	0.64179	0.52893	0.38898	0.22568	0.31596	0.33592	0.50357	0.4039	0.40176	0.66206	0.30367	0.22811	0.24218	0.22969	0.19476	0.51034	0.33584	0.35473	0.23466	0.085615	0.11198	0.52241	0.29707	0.26221	0.49807	0.52891	0.39461	0.56742	0.51026	0.22471	0.45965	0.4503	0.41159	0.35767	0.32538	0.37593	0.52606	0.35305	0.33565	0.6146	0.39404	0.35075	0.23748	0.40937	0.2573	0.42471	0.14728	0.65524	0.14529	0.20483	0.16224	0.55167	0.26585	0.19141	0.34786
0.45505	0.47686	0.4018	0.37378	0.49495	0.14446	0.27789	0.28811	0.36466	0.62709	0.44566	0.37229	0.10829	0.5021	0.22609	0.51588	0.25115	0.56777	0.20239	0.44808	0.00094405	0.47615	0.44969	0.3416	0.53296	1	0.41885	0.45542	0.29638	0.51656	0.38101	0.52461	0.42304	0.53308	0.59096	0.50644	0.31941	0.50159	0.43253	0.44868	0.43882	0.44705	0.35338	0.24406	0.12107	0.31838	0.35737	0.40505	0.55087	0.57585	0.46577	0.46958	0.41265	0.50891	0.48267	0.55832	0.5811	0.27223	0.50222	0.50195	0.59322	0.45635	0.54271	0.33624	0.51398	0.51986	0.52551	0.42963	0.22283	0.53635	0.36416	0.36755	0.50273	0.33938	0.37117	0.35496	0.29279	0.23858	0.5035	0.27172	0.47977	0.26909	0.38575	0.38028	0.28237	0.25468	0.3607	0.54039	0.32944	0.42175	0.59634	0.60069	0.46663	0.26153	0.30713	0.44975	0.44151	0.49104	0.52259	0.57937	0.39521	0.28863	0.32356	0.27836	0.23547	0.6382	0.31402	0.47793	0.41058	0.091352	0.19657	0.55603	0.27735	0.32888	0.59591	0.54836	0.30214	0.56687	0.5465	0.13914	0.39545	0.30816	0.39086	0.40803	0.32619	0.51289	0.67812	0.29073	0.3671	0.51135	0.43906	0.46051	0.25596	0.39233	0.24076	0.51182	0.23337	0.51825	0.31735	0.213	0.21308	0.54631	0.44822	0.16358	0.46361
0.34957	0.40859	0.22312	0.25755	0.31822	0.13728	0.047153	0.19264	0.2201	0.38825	0.31193	0.26169	0.11843	0.35266	0.24698	0.41769	0.038174	0.37166	0.16894	0.29585	0.0094294	0.25558	0.34768	0.12035	0.45055	0.41885	1	0.23387	0.20443	0.74897	0.22732	0.3477	0.23559	0.32335	0.37947	0.23948	0.1801	0.29424	0.34595	0.2003	0.25378	0.34779	0.17681	0.14882	0.059362	0.13209	0.14947	0.26107	0.3715	0.46336	0.20255	0.36381	0.19841	0.28567	0.41024	0.33547	0.44265	0.12043	0.39501	0.42538	0.40051	0.24748	0.37107	0.27313	0.30245	0.47449	0.45654	0.34132	0.19038	0.42905	0.35088	0.372	0.68723	0.32539	0.086723	0.27112	0.15269	0.20709	0.32406	0.32144	0.41176	0.17244	0.23715	0.53064	0.22691	0.12345	0.32558	0.30515	0.097911	0.39121	0.41859	0.39286	0.26647	0.23083	0.2821	0.32026	0.3698	0.27786	0.37838	0.37503	0.19959	0.1771	0.065908	0.2183	0.044412	0.42146	0.17431	0.37679	0.21422	0.021466	0.098646	0.31755	0.23027	0.27765	0.39845	0.37514	0.28526	0.71932	0.47147	0.14396	0.22021	0.49675	0.30051	0.16944	0.22211	0.3536	0.45767	0.29189	0.28748	0.77257	0.23399	0.37083	0.16161	0.19793	0.23585	0.26097	0.096324	0.39015	0.21138	0.21775	0.12654	0.71932	0.28932	0.071872	0.32318
0.35495	0.29307	0.22681	0.541	0.27605	0.062903	0.14918	0.26525	0.1718	0.30964	0.20158	0.32965	0.11043	0.29103	0.19714	0.37512	0.2063	0.35427	0.25625	0.47279	0.029778	0.23375	0.41303	0.31582	0.30594	0.45542	0.23387	1	0.20964	0.37873	0.12773	0.42237	0.24982	0.30852	0.35316	0.25955	0.26247	0.23482	0.31927	0.73025	0.36313	0.21387	0.11985	0.21794	0.20179	0.088065	0.37496	0.20593	0.2554	0.35408	0.22071	0.21378	0.20023	0.2621	0.29006	0.40661	0.42762	0.32065	0.24588	0.34659	0.29365	0.18465	0.29172	0.31962	0.26041	0.31216	0.47638	0.29152	0.14033	0.31674	0.27115	0.28419	0.39517	0.14014	0.29587	0.36792	0.15872	0.20145	0.31389	0.14159	0.42463	0.15344	0.29137	0.10981	0.27765	0.21274	0.2834	0.33808	0.34682	0.28158	0.25213	0.32748	0.53042	0.117	0.1897	0.32736	0.48648	0.28327	0.29122	0.34809	0.30723	0.2358	0.1944	0.2751	0.25751	0.33427	0.30306	0.24619	0.21248	-0.089127	0.062596	0.41901	0.31557	0.34385	0.76545	0.2996	0.31283	0.39702	0.40955	0.19435	0.29891	0.10228	0.40503	0.26382	0.18752	0.30452	0.58763	0.31678	0.18623	0.25908	0.21902	0.26038	0.169	0.20997	0.1243	0.32111	0.16448	0.30313	0.13198	0.47628	0.15713	0.41832	0.27261	0.04846	0.60548
0.2623	0.29237	0.21153	0.08352	0.36949	0.10377	0.057629	0.22718	0.15437	0.28222	0.22072	0.28794	0.19838	0.33121	0.15385	0.30616	0.28066	0.36739	0.2938	0.19225	0.066153	0.3652	0.39801	0.19465	0.30023	0.29638	0.20443	0.20964	1	0.25928	0.23692	0.44829	0.23523	0.2968	0.26735	0.29031	0.21496	0.21217	0.27252	0.20758	0.28669	0.20712	0.3447	-0.037214	0.11932	0.36555	0.24396	0.13645	0.248	0.33265	0.26776	0.34216	0.12178	0.39798	0.26488	0.38036	0.26755	0.24039	0.15761	0.26087	0.18136	0.2572	0.3558	0.20168	0.23128	0.32269	0.25238	0.24198	0.12298	0.28882	0.21809	0.24059	0.315	0.37654	0.2475	0.29861	0.15315	0.13187	0.32806	0.066191	0.43272	0.14506	0.26168	0.10976	0.12825	0.048231	0.21709	0.27301	0.18452	0.34496	0.29985	0.30086	0.27226	0.25756	0.20165	0.34824	0.31665	0.26775	0.31563	0.24439	0.22352	0.085849	0.20505	0.30636	0.2355	0.27879	0.19591	0.42946	0.22744	0.101	-0.055026	0.31694	0.2597	0.28978	0.29037	0.2563	0.28621	0.29666	0.40322	0.29319	0.16923	0.1118	0.35537	0.15986	0.079736	0.35162	0.28619	0.17343	0.26588	0.22974	0.31501	0.27964	0.19048	0.15777	0.083124	0.31108	0.03499	0.24374	0.21449	0.15755	0.081839	0.32707	0.3055	0.14925	0.33522
0.47518	0.49862	0.34595	0.34867	0.43149	0.099666	0.14083	0.27479	0.2468	0.53171	0.43431	0.33037	0.18977	0.43521	0.31844	0.5176	0.15582	0.51814	0.20502	0.37945	0.096774	0.34	0.41485	0.20362	0.55059	0.51656	0.74897	0.37873	0.25928	1	0.36758	0.48295	0.26267	0.3813	0.52138	0.39219	0.25646	0.38546	0.35939	0.31702	0.36491	0.44373	0.20465	0.16318	0.053803	0.28912	0.31616	0.29466	0.42911	0.53866	0.23927	0.38733	0.25102	0.34409	0.45273	0.51347	0.51958	0.19476	0.46186	0.47567	0.46621	0.32023	0.43392	0.30782	0.41264	0.52534	0.55567	0.40543	0.26976	0.51515	0.46574	0.4449	0.85157	0.31039	0.19107	0.3915	0.15125	0.23525	0.45994	0.24957	0.48199	0.24937	0.29632	0.57726	0.28275	0.19309	0.3533	0.37679	0.19465	0.47168	0.49836	0.48399	0.35079	0.23589	0.25823	0.39066	0.52127	0.36929	0.42541	0.44508	0.29031	0.20216	0.15545	0.32388	0.10424	0.53495	0.28316	0.39298	0.25717	0.049648	0.097385	0.47274	0.3852	0.35241	0.53615	0.49345	0.41881	0.83339	0.57103	0.23236	0.35682	0.52574	0.49285	0.27125	0.27182	0.39979	0.5697	0.43716	0.30024	0.77134	0.34173	0.39451	0.26047	0.32013	0.19073	0.40134	0.1797	0.496	0.21048	0.23372	0.17496	0.88626	0.36898	0.11874	0.36707
0.341	0.34585	0.26657	0.18578	0.3453	0.079916	0.097402	0.206	0.15383	0.4056	0.34928	0.16399	0.21744	0.37584	0.18956	0.40186	0.13186	0.40469	0.25097	0.22224	0.069749	0.33686	0.22784	0.17689	0.33065	0.38101	0.22732	0.12773	0.23692	0.36758	1	0.34959	0.20627	0.31428	0.37838	0.40659	0.14637	0.33403	0.37763	0.16503	0.21101	0.26721	0.26135	0.12799	0.098985	0.30969	0.20911	0.26946	0.35328	0.29737	0.40398	0.28106	0.19007	0.39068	0.3546	0.32113	0.35294	0.2661	0.2737	0.35357	0.30958	0.33834	0.2711	0.15259	0.31513	0.30188	0.34735	0.23445	0.064959	0.2391	0.23536	0.18598	0.32276	0.22615	0.27289	0.26848	0.15457	0.071987	0.30193	0.12975	0.35937	0.16252	0.33096	0.21294	0.14765	0.14269	0.26325	0.32299	0.20197	0.42814	0.36048	0.35717	0.29682	0.17301	0.16999	0.29174	0.36535	0.28145	0.42043	0.38699	0.35111	0.077626	0.16735	0.14047	0.10879	0.36633	0.17984	0.47786	0.26136	0.1079	-0.0078264	0.39756	0.1842	0.19278	0.28722	0.43253	0.13698	0.38126	0.3362	0.20687	0.31075	0.19132	0.35192	0.32546	0.22796	0.44614	0.38778	0.24756	0.20736	0.33113	0.26904	0.31422	0.39508	0.35837	0.25577	0.27274	0.24344	0.34245	0.12891	0.18353	0.18047	0.37381	0.24172	0.099262	0.26742
0.47618	0.41231	0.30162	0.38177	0.5303	0.047105	0.16978	0.4195	0.26294	0.5451	0.38276	0.41692	0.20987	0.41903	0.24992	0.44741	0.26554	0.45063	0.4339	0.49322	0.12339	0.4074	0.55778	0.32115	0.46623	0.52461	0.3477	0.42237	0.44829	0.48295	0.34959	1	0.37353	0.41348	0.38698	0.37304	0.34218	0.33885	0.42416	0.36399	0.40417	0.36388	0.37051	0.13551	0.073611	0.36581	0.3727	0.19923	0.37057	0.47067	0.32914	0.332	0.097925	0.36837	0.42159	0.53981	0.44192	0.39139	0.39621	0.47261	0.34696	0.32545	0.47677	0.28735	0.39518	0.41985	0.53186	0.39168	0.15839	0.45258	0.2904	0.30141	0.4711	0.28293	0.2315	0.55324	0.27947	0.22176	0.50053	0.16231	0.68208	0.195	0.36889	0.2416	0.28786	0.15101	0.432	0.39274	0.35555	0.6325	0.46386	0.48328	0.41593	0.27223	0.25586	0.44794	0.63287	0.41113	0.49211	0.46145	0.3407	0.14471	0.31471	0.35232	0.22079	0.47022	0.25537	0.46729	0.24816	0.076471	0.039659	0.55117	0.41512	0.41107	0.54628	0.43369	0.34192	0.47696	0.57875	0.27746	0.43761	0.23931	0.59391	0.34261	0.18994	0.474	0.55357	0.40371	0.41153	0.35679	0.45236	0.44291	0.23488	0.26437	0.20711	0.41636	0.17071	0.43204	0.199	0.25449	0.21194	0.50507	0.33719	0.17701	0.4873
0.27139	0.23283	0.20451	0.17991	0.35541	0.16561	0.089776	0.18802	0.19431	0.34391	0.21814	0.26499	0.08207	0.30117	0.040112	0.34147	0.22492	0.38256	0.2525	0.29522	0.014363	0.3258	0.42944	0.23666	0.25036	0.42304	0.23559	0.24982	0.23523	0.26267	0.20627	0.37353	1	0.36955	0.32836	0.29674	0.16676	0.31835	0.28664	0.32167	0.24076	0.16763	0.21652	0.14102	0.11048	0.18042	0.13158	0.34316	0.39819	0.35383	0.25348	0.25615	0.32831	0.27267	0.34005	0.35681	0.22689	0.2462	0.3933	0.38083	0.38569	0.25753	0.34825	0.17808	0.26728	0.28717	0.39886	0.31386	0.087577	0.26732	0.17901	0.22835	0.32866	0.19075	0.18195	0.30015	0.18404	0.18497	0.41984	0.15318	0.36681	0.26712	0.31402	0.10793	0.17012	0.19212	0.3048	0.30736	0.21279	0.27959	0.36187	0.44167	0.31269	0.14648	0.23898	0.34009	0.26582	0.32313	0.34352	0.26471	0.24301	0.29476	0.22525	0.23736	0.22622	0.38095	0.17705	0.24968	0.20141	0.098453	0.045416	0.35466	0.22977	0.22428	0.26444	0.31451	0.21577	0.31366	0.41326	0.030957	0.25742	0.10345	0.34296	0.20942	0.22786	0.31031	0.35491	0.17987	0.23219	0.32133	0.27316	0.31354	0.1218	0.15777	0.4543	0.27341	0.2037	0.18217	0.16291	0.24361	0.18126	0.31991	0.38676	0.13023	0.29459
0.343	0.5553	0.40108	0.28506	0.44038	0.15497	0.15297	0.24397	0.24514	0.49112	0.36978	0.27242	0.15746	0.54409	0.11829	0.44528	0.15716	0.45103	0.23223	0.44047	0.059317	0.52372	0.37432	0.21833	0.47268	0.53308	0.32335	0.30852	0.2968	0.3813	0.31428	0.41348	0.36955	1	0.50203	0.38529	0.32986	0.4027	0.38034	0.35314	0.38753	0.41694	0.29238	0.22127	0.12902	0.28996	0.28154	0.36324	0.4025	0.49484	0.35674	0.41481	0.29509	0.47001	0.48525	0.44365	0.44525	0.27214	0.31346	0.31351	0.43678	0.39279	0.46697	0.31311	0.58599	0.52593	0.51502	0.29089	0.15288	0.48572	0.36956	0.29133	0.41079	0.38633	0.2401	0.3289	0.21859	0.19544	0.4547	0.23074	0.40444	0.18253	0.29254	0.27958	0.19669	0.17836	0.33821	0.35285	0.16175	0.34657	0.50566	0.4488	0.31692	0.28479	0.32559	0.34688	0.374	0.38744	0.47129	0.58004	0.32659	0.20491	0.32257	0.17107	0.39887	0.48364	0.16277	0.44915	0.36442	0.16658	0.022732	0.47573	0.28981	0.28472	0.41697	0.40814	0.28802	0.42886	0.43503	0.18999	0.38691	0.19739	0.41748	0.43201	0.16218	0.43641	0.51178	0.26214	0.27344	0.42433	0.28829	0.43837	0.20078	0.32604	0.31926	0.42386	0.14679	0.51386	0.18039	0.28029	0.19844	0.43996	0.34736	0.17982	0.4122
