1	0.1152	0.038167	0.20244	0.21618	0.15376	0.11837	0.18248	0.17038	0.3881	0.13056	0.23191	0.12245	0.1574	0.11867	0.10575	0.11479	0.13077	0.14353	0.24574	0.17744	0.24467	0.23803	0.26071	0.23094	0.18763	0.1696	0.13465	0.097472	0.4681	0.25217	0.40616	0.30052	0.11168	0.42136	0.21396	0.14226	0.37531	0.27196	0.023161	0.23836	0.25363	0.036669	0.12799	0.22858	0.18163	0.23183	0.19905	0.35512	0.11602	0.38067	0.16432	0.20708	0.38111	0.14407	0.39073	0.23055	0.013028	0.24873	0.11778	0.11329	0.1323	0.44702	0.42741	0.048852	0.092899	0.15125	0.20208	0.36373	0.089327	0.059349	0.22098	0.18422	0.17936	0.40399	0.11823	0.24266	0.51159	0.50769	0.19318	0.10348	0.15583	0.17798	0.1285	0.14694	0.1381	0.15765	0.10696	0.044472	0.39521	0.16719	0.40367	0.4339	0.26607	0.12834	0.31145	0.41351	0.1113	0.11958	0.23849	0.48253	0.43207	0.31734	0.15722	0.064337	0.15439	0.43035	0.091688	0.23518	0.12443	0.057932	0.18387	0.15447	0.38033	0.13706	0.44914	0.25308	0.25236	0.13645	0.46135	0.41845	0.41462	0.10723	0.16851	0.13722	0.077325	0.30414	0.62596	0.13271	0.3895	0.14125	0.18798	0.21334	0.18071	0.0073835	0.39626	0.25567	0.094588	0.11308	0.19693	0.15331	0.17576	-0.022132	0.21976	0.2592
0.1152	1	0.090608	0.15329	0.20646	0.35826	0.15367	0.2422	0.17907	0.10454	0.16835	0.26869	0.15212	0.17705	0.079247	0.064126	0.21057	0.15954	0.27945	0.15734	0.22917	0.27882	0.12764	0.24825	0.20677	0.17541	0.22075	0.24422	0.23989	0.17952	0.18396	0.21597	0.2818	0.10074	0.016921	0.15959	-0.011797	0.26058	0.27975	0.23873	0.14761	0.25057	0.10103	0.3208	0.32669	0.11755	0.20901	0.077315	0.28029	0.19968	0.17378	0.24363	0.25252	0.19908	0.22879	0.2568	0.1789	0.084598	0.24406	0.22714	0.10694	0.13896	0.22945	0.16614	0.085522	0.12153	0.1835	0.075069	0.15556	0.27854	0.10475	0.086912	0.067436	0.31545	0.14971	0.16205	0.16134	0.25005	0.15911	0.31645	0.10314	0.16405	0.26875	0.0063271	0.15261	0.042035	0.051559	0.064515	0.18658	0.16697	0.22553	0.23281	0.23898	0.23253	0.069645	0.26321	0.3104	0.24784	0.1058	0.30016	0.11757	0.21398	0.21277	0.17627	0.17193	0.26805	0.21474	0.1927	0.099016	0.093493	0.19439	0.15255	0.26616	0.17433	0.13241	0.21533	0.1336	0.19779	0.078881	0.22197	0.26494	0.16326	0.16799	0.16343	0.059289	0.11739	0.27182	0.18503	0.23954	0.20601	0.15703	0.29353	0.22494	0.33471	0.14199	0.23887	0.17668	0.01405	0.10368	0.15724	0.12963	0.31377	0.040358	0.23265	0.12866
0.038167	0.090608	1	0.15809	0.073773	0.064743	0.096567	0.041433	0.065694	0.057027	0.082234	0.046064	0.097663	0.031642	0.047323	0.012895	0.050502	0.040646	-0.010553	0.082952	0.072927	0.087973	0.033449	0.06633	0.099435	0.061911	0.038508	0.066745	0.057013	0.056948	0.046953	0.15012	0.0052244	0.033809	0.093323	0.10553	0.13889	0.054232	0.09342	0.046075	0.075319	0.069461	0.031479	0.078824	0.11811	0.068185	0.087255	0.082975	0.097644	0.079533	0.054903	0.043698	0.073119	0.05348	0.077537	0.058064	0.032199	0.0052237	0.038012	0.032132	0.028724	0.12324	0.07473	0.040137	0.0087014	-0.0071062	0.038658	-0.054393	0.056881	0.075024	0.034134	0.033516	0.005865	0.054493	0.084984	-0.018717	0.024037	0.10916	0.077307	0.079434	0.056516	0.035685	0.068521	-0.0051848	0.037173	0.024343	0.069586	0.030261	0.079162	0.052649	0.040877	0.086613	0.080875	0.063812	0.027567	0.065051	0.034666	0.041192	0.048119	0.057879	0.060441	0.066468	0.0604	0.042189	0.077838	0.078599	0.074395	0.04179	0.074556	0.063839	-0.041124	0.021968	0.012232	0.044265	0.0096047	0.076318	0.13877	0.052914	0.09612	0.098648	0.042815	0.048098	0.094906	0.15109	0.0064597	0.010593	0.077032	0.04712	0.093378	0.092816	0.077405	0.087999	0.013951	0.12029	0.037589	0.071543	-0.022971	-0.082841	0.080166	0.11945	0.038825	0.034788	0.021182	0.047227	0.15514
0.20244	0.15329	0.15809	1	0.12854	0.34493	0.19621	0.12663	0.26032	0.10799	0.13329	0.2217	0.18652	0.18059	0.10244	0.082377	0.28466	0.30206	0.24791	0.25592	0.2811	0.34886	0.21597	0.31113	0.11773	0.26154	0.16907	0.13655	0.2177	0.023145	0.042546	0.28775	0.24659	0.10174	0.22185	0.22241	0.29683	0.3091	0.36669	0.1511	0.18835	0.36942	0.28722	0.15804	0.44357	0.17898	0.36493	0.18761	0.32403	0.17511	0.065317	0.24625	0.36252	0.082433	0.16041	0.30734	0.30651	0.15196	0.3186	0.096612	0.10175	0.37293	0.061448	0.20232	0.10111	0.17952	0.22031	0.067078	0.19995	0.33114	0.24041	0.074253	0.22414	0.25614	0.15431	0.21855	0.10159	0.12555	0.083324	0.29632	0.18049	0.17196	0.15971	0.053588	0.22008	0.11969	0.13317	0.12429	0.20538	0.045937	0.157	0.24116	0.16366	0.13112	0.19472	0.23849	0.24605	0.13102	0.20992	0.19232	0.050541	0.034936	0.24242	0.22086	0.24479	0.25764	0.070205	0.1781	0.17521	0.27185	0.16948	0.24427	0.14713	0.23548	0.052305	0.072462	0.26415	0.084243	0.19191	0.061046	0.28687	0.16561	0.19366	0.20011	0.083462	0.16044	0.33747	0.11052	0.26861	0.31835	0.21141	0.33537	0.15445	0.35042	0.14891	0.31283	0.21857	0.16507	0.18196	0.20929	0.18977	0.16938	0.097406	0.32983	0.35337
0.21618	0.20646	0.073773	0.12854	1	0.29143	0.10697	0.24458	0.19409	0.091145	0.26914	0.22105	0.22916	0.246	0.12949	0.041159	0.21396	0.25301	0.34553	0.29719	0.28183	0.22951	0.15962	0.22816	0.23881	0.24358	0.17118	0.20286	0.1423	0.13922	0.087965	0.30516	0.22103	0.16424	0.25473	0.076936	0.076879	0.25728	0.41154	0.26908	0.26318	0.35955	0.11424	0.23244	0.37069	0.10422	0.2454	0.29473	0.3602	0.17731	0.11996	0.27435	0.23658	0.13914	0.14709	0.26276	0.12138	0.098161	0.31461	0.1827	0.030354	0.102	0.16491	0.1571	0.06195	0.10501	0.27017	0.17566	0.20079	0.18179	0.10231	0.035004	0.15054	0.21953	0.22808	0.17956	0.27273	0.15446	0.15323	0.19997	0.13973	0.12504	0.17707	0.022915	0.2172	0.12407	0.070418	0.12928	0.10724	0.098581	0.21625	0.26338	0.24109	0.26711	0.016704	0.34046	0.40654	0.23965	0.1871	0.29305	0.10514	0.14937	0.27608	0.22784	0.20837	0.25036	0.10142	0.20773	0.27176	0.16316	0.25511	0.16858	0.21694	0.28551	0.052406	0.17678	0.32127	0.2053	0.13788	0.13184	0.33529	0.25459	0.22719	0.15524	0.082193	0.18064	0.26662	0.24203	0.27007	0.3127	0.27728	0.3399	0.21919	0.38999	0.11207	0.20853	0.29357	0.14946	0.12702	0.14164	0.20025	0.173	-0.026061	0.28706	0.18486
0.15376	0.35826	0.064743	0.34493	0.29143	1	0.2589	0.21297	0.24139	0.13988	0.17449	0.19993	0.23177	0.28751	0.056825	0.056167	0.38327	0.33325	0.4913	0.31092	0.57857	0.37973	0.24474	0.35011	0.28806	0.2497	0.3693	0.22847	0.36294	0.11417	0.14414	0.33253	0.31174	0.16322	0.23621	0.13033	0.17733	0.38393	0.42691	0.21487	0.30104	0.41577	0.19393	0.33492	0.48778	0.16472	0.32983	0.30502	0.45337	0.2899	0.12428	0.25829	0.34791	0.25898	0.27691	0.35769	0.31908	0.11961	0.39403	0.21381	0.13714	0.24993	0.12324	0.32333	-0.034008	0.26522	0.25767	0.073025	0.26126	0.44922	0.22041	0.093719	0.26703	0.30208	0.36035	0.22521	0.29949	0.15176	0.10281	0.38288	0.08016	0.20826	0.24902	0.048548	0.30494	0.19798	0.19123	0.14072	0.19857	0.092531	0.25423	0.3253	0.33594	0.18036	-0.041057	0.2987	0.37595	0.27871	0.248	0.22489	0.044782	0.12768	0.30182	0.24982	0.28099	0.26806	0.12554	0.26383	0.2421	0.30889	0.26913	0.28925	0.23428	0.27147	-0.072501	0.11399	0.28581	0.14901	0.23516	0.13184	0.35486	0.30298	0.26078	0.23854	0.023706	0.24389	0.41618	0.17796	0.38132	0.36419	0.30298	0.44842	0.39589	0.44279	0.11309	0.39461	0.30929	0.17869	0.14443	0.28572	0.23414	0.31104	0.082393	0.41752	0.28301
0.11837	0.15367	0.096567	0.19621	0.10697	0.2589	1	0.15321	0.18133	0.074306	0.19401	0.20404	0.21582	0.14698	-0.047042	0.20137	0.13132	0.23808	0.19548	0.23349	0.22339	0.32997	0.1013	0.20662	0.22472	0.11667	0.092806	0.14911	0.19006	0.078077	0.060682	0.18703	0.21145	0.080681	0.063821	0.095912	-0.0089408	0.19916	0.19582	0.081448	0.084291	0.15275	0.21952	0.14001	0.21007	0.12918	0.29116	0.19104	0.24349	0.13753	0.050656	0.17942	0.17557	0.094654	0.27651	0.14482	0.13039	0.13957	0.188	0.10399	0.11922	0.16122	0.016339	0.05516	0.010461	0.13499	0.12969	0.037141	0.12164	0.24625	0.1471	-0.039132	0.11527	0.16525	0.10866	0.16509	0.1185	0.06602	0.064001	0.17873	0.22746	0.17662	0.36238	-0.059769	0.17019	0.070251	0.15859	0.065778	0.12047	0.014307	0.12784	0.18653	0.11702	0.27492	-0.037727	0.14917	0.15781	0.04369	0.046513	0.27663	0.025874	0.037605	0.212	0.14781	0.1741	0.13391	0.060474	0.16873	0.059933	0.20749	0.17998	0.136	0.15811	0.15206	0.017435	0.082852	0.24738	0.1676	0.21223	0.019651	0.15422	0.16324	0.19512	0.18259	0.035684	0.057849	0.18023	0.07582	0.16786	0.095195	0.11617	0.14923	0.17166	0.23934	0.054876	0.15456	0.084888	0.085117	0.054078	0.25418	0.099776	0.2086	0.061599	0.20457	0.21783
0.18248	0.2422	0.041433	0.12663	0.24458	0.21297	0.15321	1	0.20747	0.069577	0.3206	0.32441	0.24739	0.30864	0.10706	0.034029	0.21266	0.21437	0.28667	0.17206	0.13856	0.3126	0.074413	0.27867	0.24531	0.2469	0.18378	0.1623	0.23263	0.15045	0.1411	0.33324	0.26574	0.10323	0.21188	0.13645	-0.083936	0.2729	0.27135	0.14657	0.17756	0.27586	0.09458	0.21264	0.2632	0.081499	0.18656	0.1123	0.28548	0.19052	0.14925	0.3055	0.16989	0.089946	0.20405	0.23904	0.17443	0.15102	0.32903	0.22119	0.19108	0.11511	0.13297	0.2285	0.027972	0.12667	0.18768	0.047988	0.25104	0.18589	0.21743	0.050467	0.32875	0.28655	0.23068	0.20499	0.23739	0.18818	0.15023	0.23329	0.13797	0.10794	0.15013	0.066197	0.26679	0.16594	0.18598	0.030335	0.081055	0.12613	0.22696	0.30406	0.2678	0.18776	0.10113	0.17586	0.26178	0.23972	0.065953	0.41819	0.14001	0.14679	0.18928	0.23474	0.19	0.18351	0.14757	0.34217	0.19439	0.28188	0.17885	0.14037	0.20045	0.12492	0.074841	0.1527	0.26258	0.1344	0.11241	0.18057	0.30473	0.2193	0.26367	0.2216	0.085454	0.071494	0.34936	0.19063	0.044672	0.2992	0.23962	0.31556	0.29943	0.21103	0.12273	0.21359	0.16874	0.12195	0.036807	0.26584	0.13407	0.23533	0.10142	0.24414	0.23371
0.17038	0.17907	0.065694	0.26032	0.19409	0.24139	0.18133	0.20747	1	0.06647	0.24336	0.37742	0.11052	0.12693	0.098403	0.10647	0.11562	0.16946	0.16665	0.25433	0.22346	0.54279	0.22862	0.49248	0.33569	0.30964	0.15529	0.20751	0.21022	0.066946	0.070013	0.30546	0.27731	0.25608	0.31953	0.18209	0.1576	0.30161	0.31138	0.17591	0.18629	0.21909	0.1495	0.24737	0.2985	0.17441	0.29987	0.20903	0.3709	0.15418	0.096154	0.2556	0.28336	0.22131	0.27993	0.2575	0.21498	0.074757	0.28089	0.17977	0.069324	0.17791	0.12928	0.23536	0.022451	0.21825	0.2306	0.024619	0.31336	0.19254	0.16102	0.081506	0.21283	0.20689	0.2398	0.084942	0.25743	0.086176	0.05249	0.2882	0.081136	0.23148	0.34395	0.10084	0.2762	0.16522	0.24371	0.11832	0.11754	0.0091224	0.058158	0.30157	0.24726	0.28755	0.11172	0.28008	0.26129	0.18376	0.28343	0.21974	0.065249	0.059584	0.23194	0.22956	0.10676	0.14598	0.060531	0.10046	0.23002	0.16582	0.19458	0.41125	0.29995	0.25391	0.08224	0.10484	0.24359	0.16524	0.13931	0.12736	0.29721	0.25209	0.12015	0.094969	0.15707	0.18653	0.36393	0.2118	0.2005	0.34284	0.12594	0.34419	0.2311	0.29374	0.19206	0.27986	0.21855	0.12473	0.19927	0.23749	0.16155	0.19765	0.064259	0.29041	0.24532
0.3881	0.10454	0.057027	0.10799	0.091145	0.13988	0.074306	0.069577	0.06647	1	0.07268	0.084555	0.14834	0.066962	0.17049	-0.038964	0.085232	0.017637	0.15674	0.14017	0.10053	0.15417	0.10108	0.12281	0.12342	0.085566	0.052777	0.050294	0.093374	0.38171	0.24798	0.23984	0.21776	0.067112	0.16581	0.14559	0.11919	0.17679	0.1295	0.044209	0.16114	0.16269	0.064086	0.1085	0.1685	0.21613	0.16959	0.13997	0.17764	0.17003	0.35247	0.054387	0.09923	0.10505	0.20035	0.23998	0.030632	0.060872	0.20312	0.13668	0.10906	0.10977	0.30939	0.31565	-0.026119	0.11774	0.037073	0.04124	0.1785	0.16109	0.052735	0.036887	0.17751	0.12655	0.31574	0.13419	0.098681	0.34084	0.36474	0.13085	0.17968	0.1659	0.13819	0.12873	0.15177	0.15596	0.11541	0.12599	0.087126	0.2939	0.17889	0.20541	0.31672	0.069088	0.06186	0.16935	0.30415	0.1478	0.040972	0.14616	0.3835	0.31048	0.19223	0.12485	0.083635	0.11644	0.32687	0.053893	0.12677	0.066999	0.12013	0.15597	0.1083	0.16923	0.095856	0.30258	0.14104	0.29306	0.074783	0.35877	0.25518	0.22964	0.12042	0.21521	0.0015378	0.032323	0.26656	0.35009	0.13499	0.16425	0.21832	0.14983	0.092019	0.11871	0.096687	0.21818	0.17733	0.1615	0.095909	0.18861	0.21096	0.053564	0.036578	0.052208	0.2256
0.13056	0.16835	0.082234	0.13329	0.26914	0.17449	0.19401	0.3206	0.24336	0.07268	1	0.29281	0.19609	0.22722	0.065073	0.060998	0.21968	0.16621	0.28041	0.17737	0.16202	0.35181	0.17227	0.31755	0.24081	0.34051	0.185	0.24432	0.15128	0.008693	0.11326	0.36954	0.24169	0.1916	0.13266	0.1211	0.028623	0.31403	0.32792	0.19269	0.29658	0.28237	0.13986	0.286	0.28188	0.20896	0.15538	0.29074	0.35681	0.23289	0.019592	0.34464	0.26962	0.10669	0.27095	0.35059	0.11173	0.065191	0.19618	0.27555	0.20065	0.19234	0.019663	0.16198	0.10887	0.178	0.2473	-0.10916	0.28553	0.22615	0.23722	0.035078	0.2099	0.25786	0.29599	0.17945	0.15678	0.062258	0.012422	0.27846	0.21661	0.16734	0.36126	0.0021621	0.30672	0.16902	0.21632	0.11294	0.19717	-0.017673	0.22402	0.30496	0.18363	0.30538	0.022981	0.20443	0.3774	0.35582	0.30644	0.31043	-0.015046	-0.023536	0.2767	0.35357	0.14978	0.15244	0.02137	0.24682	0.28967	0.26982	0.15639	0.18262	0.26778	0.25313	0.086131	0.082126	0.19676	0.070656	0.11748	0.085895	0.30621	0.27137	0.15661	0.15086	0.10436	0.2441	0.3222	0.1109	0.28132	0.30862	0.19914	0.26913	0.31759	0.25966	0.12367	0.24667	0.27688	0.16498	0.1153	0.24838	0.085365	0.2492	0.077471	0.36214	0.17879
0.23191	0.26869	0.046064	0.2217	0.22105	0.19993	0.20404	0.32441	0.37742	0.084555	0.29281	1	0.16307	0.16964	0.14876	0.069851	0.19265	0.25943	0.18291	0.23477	0.14014	0.42119	0.17437	0.3355	0.32656	0.36478	0.27108	0.18864	0.25603	0.18754	0.1091	0.35029	0.29862	0.17387	0.25039	0.25031	0.033719	0.33376	0.29861	0.25589	0.19785	0.14863	0.19342	0.31483	0.30513	0.1541	0.3271	0.14167	0.37812	0.24064	0.17335	0.40001	0.29115	0.24981	0.27191	0.29362	0.14538	0.12437	0.24232	0.18012	0.055763	0.18821	0.15371	0.23053	0.06405	0.16503	0.26948	0.01812	0.30723	0.15885	0.12903	0.12336	0.1698	0.33303	0.30389	0.1411	0.25899	0.20598	0.16125	0.27298	0.072498	0.15058	0.31559	0.02783	0.25548	0.22706	0.28627	0.058288	0.085768	0.085836	0.15714	0.29812	0.23386	0.25606	0.079905	0.28974	0.45076	0.22851	0.10662	0.32512	0.17187	0.14894	0.31703	0.26776	0.059577	0.12399	0.13804	0.26868	0.19486	0.25824	0.087294	0.16197	0.24256	0.24649	0.095298	0.23415	0.23004	0.15834	0.15422	0.22596	0.37108	0.29225	0.09738	0.14742	0.18872	0.042881	0.40018	0.22065	0.25982	0.32137	0.11648	0.26279	0.29144	0.21879	0.18529	0.25901	0.33065	0.16799	0.15935	0.10952	0.074681	0.20025	0.061418	0.2393	0.25684
0.12245	0.15212	0.097663	0.18652	0.22916	0.23177	0.21582	0.24739	0.11052	0.14834	0.19609	0.16307	1	0.56737	0.18829	-0.030446	0.29347	0.18017	0.26921	0.27417	0.18213	0.17594	0.20659	0.10621	0.073558	0.22563	0.078982	0.031228	0.14136	0.17872	0.17503	0.25414	0.22275	0.079393	0.11813	0.21846	0.12343	0.16539	0.28822	0.12954	0.18724	0.31792	0.21772	0.12285	0.31735	0.10916	0.30003	0.19685	0.23141	0.18069	0.15031	0.18847	0.093917	0.034373	0.15393	0.22203	0.17779	0.13532	0.28699	0.13241	0.16488	0.12332	0.12571	0.068632	0.082812	0.21147	0.13992	0.10073	0.16195	0.28841	0.18048	0.012498	0.17254	0.20875	0.076353	0.49536	0.18811	0.21416	0.21522	0.16712	0.24056	0.10879	0.13636	0.10604	0.20479	0.10904	0.044898	0.18193	0.058087	0.18846	0.55116	0.18822	0.15368	0.11154	0.11335	0.15406	0.30641	0.19298	-0.016918	0.20385	0.14523	0.15673	0.13638	0.18247	0.63601	0.58127	0.18429	0.1764	0.2935	0.14412	0.54966	0.11209	0.18019	0.16787	0.013371	0.27426	0.27709	0.25873	0.055611	0.22796	0.15377	0.13993	0.67475	0.65745	0.050181	-0.0064643	0.21687	0.14005	0.096097	0.1846	0.60913	0.34438	0.22961	0.26866	-0.030045	0.1114	0.19874	0.12225	0.082457	0.12591	0.42167	0.17265	0.084641	0.21711	0.25255
0.1574	0.17705	0.031642	0.18059	0.246	0.28751	0.14698	0.30864	0.12693	0.066962	0.22722	0.16964	0.56737	1	0.27074	0.072447	0.15542	0.1967	0.23223	0.30642	0.15489	0.19292	0.16188	0.16872	0.09548	0.14024	0.16909	0.081104	0.14111	0.24229	0.14049	0.38777	0.20581	-0.012632	0.15062	0.23664	0.041251	0.20881	0.31383	0.19194	0.19752	0.36375	0.20478	0.16419	0.35998	0.18335	0.18302	0.17235	0.28086	0.17212	0.18174	0.19131	0.18311	0.18483	0.17244	0.28022	0.1863	0.13892	0.29356	0.13129	0.22107	0.063224	0.18216	0.11972	0.052544	0.25	0.053693	0.11615	0.18848	0.29374	0.13353	0.023659	0.1815	0.26136	0.1571	0.45869	0.13014	0.24175	0.21276	0.22246	0.21341	0.074094	0.1931	0.13101	0.26042	0.12994	0.081195	0.081932	0.08397	0.25089	0.51625	0.21653	0.15854	0.12277	0.00037156	0.20571	0.27184	0.24991	0.041836	0.23594	0.21134	0.18161	0.15926	0.18424	0.56371	0.53943	0.22785	0.17836	0.2492	0.21031	0.50873	0.12246	0.17886	0.19829	-0.001364	0.23685	0.26284	0.27704	0.13984	0.24411	0.22875	0.22201	0.60484	0.52501	0.074815	0.13592	0.2847	0.18075	0.15587	0.22956	0.59907	0.30414	0.28551	0.26158	-0.027191	0.1749	0.20576	0.085813	0.037727	0.22562	0.3502	0.20297	0.12406	0.29806	0.20895
0.11867	0.079247	0.047323	0.10244	0.12949	0.056825	-0.047042	0.10706	0.098403	0.17049	0.065073	0.14876	0.18829	0.27074	1	0.078109	0.056202	0.056751	0.10843	0.10497	0.070333	0.10862	0.079003	0.05943	0.0038355	0.089958	0.14526	0.12188	0.12625	0.17997	0.10014	0.15915	0.17291	0.10748	0.021433	0.10268	0.12334	0.091853	0.19184	0.11257	0.086977	0.12909	0.1955	0.015036	0.18584	0.10002	0.11608	0.119	0.0927	0.088279	0.17707	0.049591	0.082039	0.13006	0.21759	0.23388	0.083473	0.075126	0.15355	0.14029	0.12767	0.16186	0.10748	0.071918	0.092082	0.11033	0.049132	0.071817	0.087668	0.14388	0.12967	0.044381	0.10609	0.15906	0.14184	0.18602	0.069895	0.19242	0.11291	0.016369	0.14344	0.061323	0.20541	0.034868	0.089516	0.088697	0.097292	0.1027	0.045689	0.23125	0.19274	0.15941	0.11121	0.050461	0.010233	0.030211	0.13057	0.16601	0.038386	0.068742	0.15955	0.1349	0.11652	0.08481	0.14117	0.25842	0.20313	0.064344	0.15773	0.066275	0.16943	0.08804	0.081807	0.13955	0.025631	0.20702	0.11303	0.14199	0.11466	0.22928	0.11979	0.13933	0.24806	0.26562	0.0087839	0.0069177	0.17894	0.16714	0.083025	0.17193	0.2234	0.13975	0.15833	0.13982	0.058432	0.14831	0.12034	0.032132	0.096621	0.13869	0.13311	0.17499	-0.0039932	0.080881	0.14071
0.10575	0.064126	0.012895	0.082377	0.041159	0.056167	0.20137	0.034029	0.10647	-0.038964	0.060998	0.069851	-0.030446	0.072447	0.078109	1	0.1183	0.13864	0.087187	0.047309	0.14565	0.10057	0.034812	0.092507	0.041353	0.10859	0.22351	0.12484	0.044898	-0.030509	-0.01888	0.091227	0.072198	0.033535	-0.040384	-0.014664	0.075508	0.074393	0.092838	0.16866	0.10296	0.03898	0.11119	0.065125	0.12073	0.058539	0.15897	0.086833	0.14705	0.0065077	-0.15922	0.079922	0.09781	0.091973	0.038396	0.13469	0.14214	0.017418	0.094569	0.081856	0.09473	0.12329	-0.11674	0.013018	0.048545	0.09079	0.18929	0.031604	0.15272	0.10897	0.12755	0.012631	0.12516	-0.0041675	0.10128	0.045654	0.085617	0.016779	-0.075352	0.16519	0.13735	0.00034189	0.08972	-0.0018559	0.09294	0.19296	0.10517	0.0095944	0.11628	-0.058943	-0.081369	0.094724	0.027797	0.10473	0.049968	0.063684	0.078382	0.0032812	0.072048	0.10644	-0.030388	-0.057445	0.22512	0.086124	0.037776	0.056192	-0.062356	0.054462	0.041974	0.15702	0.059388	0.074756	0.026968	0.087902	0.0092305	-0.023827	0.015825	0.035018	0.19447	-0.095574	0.079389	0.19018	0.0051494	0.0092478	0.038853	0.076766	0.16006	-0.026334	0.029672	0.11597	0.025026	0.033095	0.11362	0.11238	0.1504	0.089873	0.046075	0.044218	0.12601	0.07536	-0.047696	0.13217	0.032131	0.11878	0.19499
0.11479	0.21057	0.050502	0.28466	0.21396	0.38327	0.13132	0.21266	0.11562	0.085232	0.21968	0.19265	0.29347	0.15542	0.056202	0.1183	1	0.20709	0.38483	0.287	0.28907	0.21416	0.16477	0.32117	0.16184	0.34887	0.2601	0.21611	0.1215	-0.015244	0.12173	0.24437	0.21415	0.25634	0.036946	0.028948	0.21907	0.32052	0.39053	0.24242	0.27584	0.39134	0.21866	0.20604	0.44545	0.15253	0.24241	0.3343	0.42614	0.18331	0.06793	0.36984	0.24048	0.12161	0.18638	0.43191	0.1778	0.16817	0.35447	0.21871	0.089169	0.27141	0.022689	0.18857	0.090464	0.11749	0.29798	0.15582	0.2002	0.3833	0.25728	0.010694	0.34565	0.32562	0.27094	0.20053	0.22762	-0.017391	-0.012124	0.28618	0.19798	0.21456	0.20493	0.05998	0.27898	0.22695	0.13621	0.070721	0.22592	0.052656	0.18892	0.24984	0.2094	0.19748	0.19853	0.24854	0.40511	0.30927	0.19617	0.22606	-0.062867	0.00013882	0.19922	0.31547	0.19755	0.16828	-0.027934	0.14468	0.26683	0.22727	0.24122	0.20205	0.16536	0.2226	0.081648	0.042254	0.24317	0.11299	0.19761	0.028434	0.32773	0.27663	0.20616	0.22509	0.10604	0.18253	0.28094	0.12846	0.23051	0.34877	0.21422	0.38408	0.26993	0.44983	0.069914	0.26184	0.35497	0.14522	0.069735	0.133	0.14392	0.20763	0.081615	0.35977	0.21004
0.13077	0.15954	0.040646	0.30206	0.25301	0.33325	0.23808	0.21437	0.16946	0.017637	0.16621	0.25943	0.18017	0.1967	0.056751	0.13864	0.20709	1	0.30536	0.29354	0.23658	0.22864	0.13142	0.17071	0.14316	0.12687	0.16849	0.15614	0.26657	0.13653	0.16675	0.25187	0.25707	0.10938	0.17942	0.12336	0.10687	0.23879	0.30585	0.22585	0.15576	0.2981	0.12787	0.17067	0.28108	0.20791	0.3	0.17284	0.35023	0.28881	0.21624	0.25784	0.3037	0.14375	0.20905	0.30761	0.21617	0.13622	0.3739	0.20865	0.076431	0.18458	0.17881	0.20429	0.054009	0.2475	0.19435	0.094104	0.19128	0.26889	0.15367	0.095572	0.25899	0.24469	0.2095	0.20037	0.25365	0.25187	0.19344	0.29888	0.15879	0.12641	0.18935	-0.029394	0.16325	0.18283	0.12671	0.1579	0.18441	0.13682	0.16652	0.19236	0.19248	0.15701	-0.0071511	0.26275	0.28482	0.12359	0.17407	0.32894	0.17596	0.19961	0.23932	0.27752	0.13855	0.19977	0.14454	0.16189	0.23083	0.23253	0.21081	0.16869	0.1413	0.20173	0.064592	0.18759	0.28003	0.23999	0.19252	0.2038	0.35812	0.24718	0.22581	0.15514	0.090134	0.069347	0.27453	0.20393	0.17494	0.29112	0.15373	0.30939	0.16826	0.25219	0.13944	0.31495	0.21722	0.086719	0.25578	0.19352	0.20604	0.17374	-0.00035457	0.27713	0.27234
0.14353	0.27945	-0.010553	0.24791	0.34553	0.4913	0.19548	0.28667	0.16665	0.15674	0.28041	0.18291	0.26921	0.23223	0.10843	0.087187	0.38483	0.30536	1	0.33446	0.46932	0.30787	0.30271	0.38342	0.26647	0.26083	0.32873	0.22391	0.35175	0.045265	0.13435	0.3478	0.31661	0.23656	0.24227	0.16371	0.16482	0.35749	0.48892	0.29853	0.3483	0.51088	0.262	0.36286	0.48944	0.1393	0.32624	0.37365	0.47971	0.29474	0.094212	0.35939	0.39401	0.21556	0.27363	0.4771	0.23224	0.13813	0.53883	0.28295	0.11516	0.23994	0.15502	0.32512	0.074109	0.27076	0.30043	0.16419	0.29246	0.34956	0.24124	0.050135	0.25236	0.35674	0.31361	0.30172	0.28676	0.15277	0.11046	0.39667	0.21871	0.28541	0.20859	0.058407	0.40805	0.25652	0.22227	0.21726	0.25154	0.16122	0.18741	0.3899	0.35855	0.24097	0.096109	0.32287	0.42512	0.33794	0.26251	0.34897	0.024503	0.13575	0.26912	0.31687	0.25369	0.32665	0.086899	0.25881	0.21773	0.32298	0.27904	0.21316	0.29311	0.29797	0.097536	0.12272	0.35932	0.19416	0.26967	0.12361	0.40746	0.33747	0.292	0.24926	0.14456	0.17861	0.40487	0.1893	0.33568	0.39035	0.35059	0.47117	0.29914	0.44511	0.17223	0.31946	0.35083	0.19525	0.11188	0.26529	0.24875	0.32398	0.10654	0.53038	0.26457
0.24574	0.15734	0.082952	0.25592	0.29719	0.31092	0.23349	0.17206	0.25433	0.14017	0.17737	0.23477	0.27417	0.30642	0.10497	0.047309	0.287	0.29354	0.33446	1	0.28505	0.26644	0.24425	0.28622	0.2568	0.21801	0.16437	0.18756	0.20505	0.095144	0.11276	0.31675	0.35003	0.14945	0.24456	0.1129	0.13746	0.2699	0.36319	0.19863	0.22686	0.38331	0.18971	0.21192	0.30064	0.14262	0.24794	0.24129	0.39222	0.23366	0.1221	0.30744	0.31761	0.3119	0.26708	0.3543	0.20141	0.044306	0.30534	0.22101	0.040928	0.21773	0.098529	0.21813	-0.069178	0.24997	0.21732	0.10395	0.24503	0.22324	0.1483	0.035668	0.24192	0.28045	0.31055	0.3095	0.24974	0.10676	0.13367	0.3141	0.16735	0.26907	0.23327	0.1724	0.25126	0.1252	0.18445	0.21231	0.18531	0.10606	0.21669	0.24576	0.25148	0.23728	-0.011644	0.26772	0.39003	0.22708	0.31477	0.25547	0.12712	0.072892	0.22374	0.30679	0.24056	0.3022	0.080602	0.086194	0.22145	0.22467	0.22932	0.23555	0.17802	0.25552	0.064526	0.12457	0.77893	0.25103	0.11349	0.10023	0.39938	0.23134	0.38531	0.28978	0.14827	0.19015	0.31494	0.15377	0.3103	0.27867	0.29353	0.38469	0.24373	0.32089	0.11883	0.28874	0.30967	0.15192	0.13691	0.2394	0.16412	0.14561	0.097734	0.27569	0.25681
0.17744	0.22917	0.072927	0.2811	0.28183	0.57857	0.22339	0.13856	0.22346	0.10053	0.16202	0.14014	0.18213	0.15489	0.070333	0.14565	0.28907	0.23658	0.46932	0.28505	1	0.32561	0.27399	0.33186	0.2858	0.28299	0.34556	0.15014	0.25397	0.14045	0.07444	0.24958	0.34136	0.18954	0.30482	0.14223	0.15158	0.35268	0.32985	0.16625	0.36138	0.38151	0.24187	0.29855	0.46833	0.11908	0.37369	0.27197	0.35317	0.18586	0.10405	0.26042	0.34105	0.13412	0.22053	0.2054	0.2491	0.064989	0.37488	0.15872	0.011956	0.15055	0.11229	0.28622	-0.2837	0.21257	0.2496	0.12542	0.16921	0.31372	0.090615	0.044302	0.27044	0.22706	0.2721	0.28157	0.26966	0.13253	0.091525	0.31374	0.19083	0.21518	0.15916	0.1358	0.26171	0.037165	0.23195	0.057001	0.14577	0.1092	0.09185	0.34845	0.19742	0.20301	-0.0026391	0.22727	0.35992	0.15231	0.25922	0.20127	0.062274	0.085966	0.3172	0.22315	0.22145	0.18668	0.10262	0.16934	0.24135	0.29582	0.25236	0.2721	0.21434	0.33034	-0.0040063	0.1224	0.27757	0.093692	0.15122	0.089542	0.42954	0.29641	0.20601	0.14785	0.045931	0.16293	0.37347	0.21188	0.26451	0.3087	0.2734	0.33404	0.27912	0.35193	0.023079	0.34284	0.27492	0.12747	0.15798	0.3114	0.21403	0.2272	0.19642	0.43046	0.27424
0.24467	0.27882	0.087973	0.34886	0.22951	0.37973	0.32997	0.3126	0.54279	0.15417	0.35181	0.42119	0.17594	0.19292	0.10862	0.10057	0.21416	0.22864	0.30787	0.26644	0.32561	1	0.287	0.65278	0.43483	0.34734	0.26818	0.28181	0.30776	0.12921	0.088636	0.43767	0.44936	0.22262	0.32434	0.19656	0.20136	0.4442	0.42402	0.29416	0.30198	0.32626	0.16642	0.34486	0.40042	0.26533	0.39902	0.32741	0.42482	0.29542	0.19066	0.3694	0.36638	0.24545	0.32914	0.3962	0.25706	0.22014	0.35796	0.23602	0.10649	0.24886	0.15893	0.32159	0.018626	0.20756	0.28449	0.11562	0.42715	0.33564	0.23535	0.15343	0.23063	0.35738	0.29905	0.20136	0.30415	0.19678	0.14739	0.34739	0.22076	0.27521	0.47913	0.008441	0.35826	0.20617	0.27767	0.069082	0.22779	0.1245	0.12666	0.39586	0.34933	0.38791	0.13551	0.28695	0.41708	0.25293	0.2372	0.27752	0.1719	0.14744	0.33427	0.31057	0.15486	0.19146	0.15588	0.29247	0.31352	0.26721	0.21125	0.3323	0.43223	0.34537	0.10477	0.16979	0.29472	0.18731	0.29311	0.2156	0.35234	0.34657	0.12946	0.094052	0.17388	0.24593	0.49395	0.24637	0.30273	0.41505	0.18771	0.39524	0.33057	0.43755	0.28261	0.3578	0.38943	0.26815	0.17374	0.24371	0.23554	0.31351	0.014742	0.45205	0.36881
0.23803	0.12764	0.033449	0.21597	0.15962	0.24474	0.1013	0.074413	0.22862	0.10108	0.17227	0.17437	0.20659	0.16188	0.079003	0.034812	0.16477	0.13142	0.30271	0.24425	0.27399	0.287	1	0.2651	0.21591	0.21111	0.22116	0.13996	0.21844	0.084844	0.10349	0.23281	0.20268	0.21323	0.37023	0.14585	0.14476	0.27594	0.27977	0.19111	0.30554	0.27742	0.12337	0.1747	0.32487	0.11469	0.3962	0.16115	0.27958	0.095883	0.11393	0.26563	0.22625	0.085225	0.29347	0.23282	0.22458	0.067968	0.27546	0.26178	-0.02739	0.13443	0.12214	0.25969	0.047075	0.21616	0.18548	0.13855	0.29588	0.24098	0.087686	0.10185	0.15085	0.21582	0.25238	0.17116	0.23582	0.1297	0.13457	0.21814	0.06217	0.22819	0.23194	0.059232	0.32611	0.13976	0.1695	0.14414	0.11261	0.013096	0.142	0.25222	0.22351	0.20619	0.10488	0.23816	0.35745	0.15791	0.22068	0.15183	0.1605	0.11384	0.18511	0.24123	0.18828	0.20566	0.082203	0.12743	0.19283	0.18116	0.1818	0.25196	0.21151	0.21967	0.10686	0.07962	0.25104	0.084144	0.15295	0.11046	0.32427	0.22442	0.15243	0.14553	0.11055	0.18127	0.28245	0.1839	0.18559	0.27997	0.17879	0.2541	0.24931	0.26171	0.071158	0.27771	0.28242	0.11572	0.17637	0.24524	0.24387	0.27386	0.067266	0.26487	0.22647
0.26071	0.24825	0.06633	0.31113	0.22816	0.35011	0.20662	0.27867	0.49248	0.12281	0.31755	0.3355	0.10621	0.16872	0.05943	0.092507	0.32117	0.17071	0.38342	0.28622	0.33186	0.65278	0.2651	1	0.39687	0.34399	0.24737	0.19091	0.29264	0.094408	0.12222	0.42766	0.31873	0.32896	0.3451	0.20062	0.096347	0.44756	0.42981	0.27939	0.27334	0.34792	0.17208	0.2853	0.39973	0.2468	0.32013	0.27762	0.42816	0.21028	0.15448	0.36572	0.40046	0.19232	0.31086	0.34322	0.24123	0.084347	0.40018	0.27501	0.054237	0.22264	0.17744	0.32995	0.032158	0.1914	0.27453	0.20303	0.36059	0.31626	0.12051	0.082363	0.148	0.38714	0.35467	0.18154	0.2752	0.16058	0.12148	0.34241	0.087055	0.33128	0.3958	0.12959	0.37952	0.17386	0.34273	0.1272	0.14912	0.13298	0.078235	0.35464	0.32649	0.39601	0.10853	0.31119	0.35155	0.27453	0.24588	0.26362	0.074719	0.14861	0.30011	0.2945	0.11594	0.16766	0.1102	0.25398	0.33914	0.24574	0.20172	0.33328	0.34699	0.32762	0.13949	0.14086	0.29165	0.091541	0.18154	0.18427	0.40064	0.33726	0.093769	0.085801	0.166	0.23656	0.45415	0.2611	0.30821	0.45918	0.13517	0.34296	0.32363	0.38107	0.23531	0.32321	0.37309	0.18433	0.17508	0.24302	0.21531	0.30696	0.081367	0.42349	0.2966
0.23094	0.20677	0.099435	0.11773	0.23881	0.28806	0.22472	0.24531	0.33569	0.12342	0.24081	0.32656	0.073558	0.09548	0.0038355	0.041353	0.16184	0.14316	0.26647	0.2568	0.2858	0.43483	0.21591	0.39687	1	0.22288	0.1341	0.24511	0.18716	0.13032	0.13975	0.36491	0.3325	0.18726	0.30909	0.16578	-0.014283	0.32963	0.37353	0.15781	0.26071	0.23066	0.15037	0.25669	0.2112	-0.0080469	0.25757	0.24311	0.39783	0.20931	0.19583	0.31035	0.257	0.20111	0.25989	0.23435	0.15092	0.10412	0.27142	0.19095	0.011707	0.113	0.20414	0.27228	0.022442	0.10527	0.1483	0.079489	0.22393	0.20308	0.035277	0.12807	0.1443	0.16393	0.27865	0.077354	0.35972	0.16677	0.15048	0.29691	0.050226	0.23929	0.27363	-0.049038	0.24943	0.17733	0.32927	0.017437	0.12597	0.085077	0.089702	0.20416	0.2718	0.42621	0.045522	0.24963	0.34687	0.2505	0.16389	0.17846	0.14569	0.15413	0.31796	0.21727	0.034183	0.029602	0.21402	0.18867	0.16754	0.18556	0.053719	0.19419	0.27307	0.24423	0.091744	0.18872	0.25404	0.12223	0.12162	0.18756	0.33411	0.32738	0.018092	0.079431	0.15874	0.17036	0.34321	0.24448	0.24325	0.26131	0.1102	0.2438	0.2214	0.16675	0.13494	0.29228	0.23964	0.16657	0.078341	0.26563	0.12998	0.10758	0.10516	0.26709	0.18219
0.18763	0.17541	0.061911	0.26154	0.24358	0.2497	0.11667	0.2469	0.30964	0.085566	0.34051	0.36478	0.22563	0.14024	0.089958	0.10859	0.34887	0.12687	0.26083	0.21801	0.28299	0.34734	0.21111	0.34399	0.22288	1	0.27978	0.20963	0.11875	0.040835	0.11157	0.22147	0.32574	0.20102	0.21491	0.16401	0.22856	0.27416	0.25508	0.20011	0.33516	0.28166	0.1715	0.26251	0.28298	0.15916	0.21835	0.30635	0.40565	0.17944	0.08772	0.39316	0.25134	0.18648	0.23009	0.25679	0.21824	0.036344	0.26023	0.11663	0.06861	0.22507	0.018381	0.25717	0.018539	0.18107	0.29561	0.11376	0.33177	0.18133	0.2652	0.082524	0.26545	0.24223	0.24529	0.24643	0.24899	0.016983	0.0702	0.35424	0.25422	0.14745	0.26516	0.12481	0.38644	0.054775	0.15253	0.10637	0.18058	0.058395	0.08167	0.31669	0.22758	0.20255	0.027745	0.26076	0.3976	0.20957	0.19302	0.19746	0.00044481	-0.04743	0.26949	0.24534	0.14517	0.15605	0.027863	0.19394	0.21164	0.21055	0.18578	0.28127	0.28024	0.23601	0.077425	0.097902	0.20085	0.12811	0.094669	0.061943	0.37289	0.24346	0.11985	0.18396	0.15755	0.15689	0.31087	0.12635	0.29835	0.39033	0.20833	0.28496	0.16141	0.29259	0.19565	0.29014	0.3106	0.33309	0.079736	0.10759	0.15525	0.25304	0.070361	0.33872	0.20266
0.1696	0.22075	0.038508	0.16907	0.17118	0.3693	0.092806	0.18378	0.15529	0.052777	0.185	0.27108	0.078982	0.16909	0.14526	0.22351	0.2601	0.16849	0.32873	0.16437	0.34556	0.26818	0.22116	0.24737	0.1341	0.27978	1	0.33544	0.13621	0.12565	0.072611	0.25084	0.33757	0.19948	0.2248	0.14836	0.23546	0.28931	0.22367	0.31284	0.30825	0.23912	0.053396	0.31097	0.36072	0.14257	0.27377	0.22865	0.31232	0.1516	0.063127	0.29816	0.30468	0.21271	0.25291	0.34819	0.21437	-0.021224	0.2511	0.22594	0.1469	0.26838	0.076911	0.26138	0.024501	0.11964	0.27459	0.067228	0.3271	0.32868	0.20073	0.052434	0.25217	0.18457	0.31663	0.14795	0.31581	0.13353	0.00075504	0.30877	0.094586	0.09869	0.18248	-0.0050243	0.23149	0.080312	0.1962	0.042367	0.19983	0.02304	-0.0047453	0.33758	0.2561	0.25743	0.039784	0.35586	0.38393	0.17324	0.29858	0.18429	0.031175	0.08095	0.30248	0.3634	0.06624	0.12452	0.068108	0.1327	0.13632	0.31266	0.068613	0.24253	0.21124	0.2509	0.073046	0.10799	0.17958	0.084139	0.21881	0.1454	0.27163	0.36381	0.068736	0.11371	0.12895	0.15742	0.39842	0.11756	0.32971	0.44117	0.12656	0.28363	0.32867	0.25112	0.10025	0.28536	0.24759	0.14504	0.10949	0.094426	0.11156	0.21337	0.1053	0.32232	0.24414
0.13465	0.24422	0.066745	0.13655	0.20286	0.22847	0.14911	0.1623	0.20751	0.050294	0.24432	0.18864	0.031228	0.081104	0.12188	0.12484	0.21611	0.15614	0.22391	0.18756	0.15014	0.28181	0.13996	0.19091	0.24511	0.20963	0.33544	1	0.11466	0.036679	0.09578	0.27972	0.25205	0.18734	0.16803	0.083439	0.072491	0.28106	0.21121	0.31994	0.24639	0.22215	0.056946	0.23524	0.18926	0.11951	0.18587	0.23111	0.30828	0.20149	0.082894	0.3607	0.25236	0.16557	0.20176	0.35074	0.16602	0.044688	0.18125	0.23975	0.11542	0.19488	0.056701	0.22805	0.037573	0.067469	0.26038	-0.020401	0.27617	0.15362	0.12737	0.14751	0.19672	0.079133	0.29986	0.068092	0.20486	0.038668	-0.022296	0.23753	-0.0035088	0.12787	0.23168	-0.31683	0.22527	0.050359	0.20276	0.032383	0.24209	-0.059576	0.036223	0.22006	0.30548	0.18777	0.062727	0.32333	0.24756	0.10938	0.40207	0.19589	0.0014485	0.13517	0.35243	0.34315	-0.026939	0.065383	-0.0033941	0.066534	0.201	0.26815	-0.011661	0.18228	0.13966	0.22918	0.09977	0.021203	0.16419	0.12794	0.15633	0.079267	0.23184	0.30172	0.0029682	0.076433	0.15633	0.18295	0.36052	0.14443	0.31627	0.32973	0.05089	0.28265	0.23846	0.24642	0.16001	0.22605	0.30202	0.072009	0.10575	0.049954	-0.0040625	0.19618	0.063117	0.24994	0.18933
0.097472	0.23989	0.057013	0.2177	0.1423	0.36294	0.19006	0.23263	0.21022	0.093374	0.15128	0.25603	0.14136	0.14111	0.12625	0.044898	0.1215	0.26657	0.35175	0.20505	0.25397	0.30776	0.21844	0.29264	0.18716	0.11875	0.13621	0.11466	1	0.1395	0.18555	0.27881	0.248	0.14165	0.18861	0.18728	0.11082	0.33948	0.25167	0.18056	0.20775	0.27058	0.20014	0.18609	0.31987	0.18188	0.26458	0.20419	0.24349	0.20476	0.17399	0.15498	0.32207	0.23898	0.27841	0.26354	0.20192	0.088082	0.24754	0.20322	-0.0042376	0.17608	0.1688	0.18953	0.039883	0.20553	0.20143	0.10423	0.25898	0.19443	0.044236	0.055267	0.14407	0.19433	0.22871	0.11376	0.26002	0.19078	0.21423	0.22799	0.16739	0.22874	0.27917	0.12993	0.27767	0.22995	0.18417	0.06946	0.14585	0.18028	0.12594	0.23717	0.27061	0.2072	0.031811	0.23505	0.22298	0.13924	0.19266	0.20057	0.19282	0.20402	0.26346	0.22894	0.15454	0.21743	0.17756	0.24765	0.092532	0.15672	0.15705	0.11632	0.22315	0.28697	0.041623	0.09471	0.20928	0.12412	0.18186	0.24169	0.26196	0.28798	0.15826	0.17319	0.1455	0.056516	0.33723	0.13456	0.2667	0.31082	0.14099	0.23188	0.27197	0.3049	0.10612	0.28311	0.21785	0.17955	0.12195	0.2189	0.17828	0.20138	0.059874	0.20275	0.21843
0.4681	0.17952	0.056948	0.023145	0.13922	0.11417	0.078077	0.15045	0.066946	0.38171	0.008693	0.18754	0.17872	0.24229	0.17997	-0.030509	-0.015244	0.13653	0.045265	0.095144	0.14045	0.12921	0.084844	0.094408	0.13032	0.040835	0.12565	0.036679	0.1395	1	0.31209	0.28223	0.38228	0.010302	0.29522	0.32786	-0.017181	0.28329	0.14166	0.0080034	0.18408	0.10263	-0.015619	0.060661	0.04506	0.26039	0.13083	0.13629	0.19134	0.15713	0.71459	0.044931	0.060375	0.22953	0.11819	0.24622	0.05805	0.050318	0.075545	0.053285	0.11799	0.017074	0.71594	0.33463	-0.14764	0.064553	0.03226	0.21675	0.2275	0.098109	-0.14148	0.22189	0.13099	0.14043	0.35162	0.24087	0.16971	0.77114	0.74868	0.080194	0.12072	-0.0031676	0.073231	0.13804	0.12434	0.024365	0.086606	0.030858	0.03164	0.67114	0.36201	0.23803	0.30925	0.11001	0.089489	0.24731	0.33159	0.11953	0.075162	0.21075	0.74613	0.72303	0.22942	0.1131	0.12245	0.20576	0.78271	0.11921	0.11157	0.10734	0.2103	0.030717	0.098677	0.18316	0.04607	0.79497	0.086399	0.50587	0.091102	0.75814	0.25189	0.30669	0.21157	0.21471	0.038299	0.014536	0.20856	0.58716	0.033211	0.20366	0.19207	0.077991	0.10683	-0.018782	0.052895	0.39743	0.21558	0.045984	0.15178	0.22898	0.29741	0.08921	0.026356	0.015769	0.22583
0.25217	0.18396	0.046953	0.042546	0.087965	0.14414	0.060682	0.1411	0.070013	0.24798	0.11326	0.1091	0.17503	0.14049	0.10014	-0.01888	0.12173	0.16675	0.13435	0.11276	0.07444	0.088636	0.10349	0.12222	0.13975	0.11157	0.072611	0.09578	0.18555	0.31209	1	0.2472	0.17609	-0.0093745	0.12549	0.16445	0.0082528	0.17643	0.13083	0.0052861	0.13694	0.14706	0.097465	0.078331	0.16491	0.14876	0.15913	0.17388	0.21653	0.047413	0.29524	0.096964	0.049541	0.12112	0.1306	0.17787	0.10767	0.051926	0.13586	0.15926	0.096005	0.095346	0.31668	0.24093	0.0035377	0.086054	0.024989	0.11384	0.12686	0.11839	0.02736	0.10957	0.033073	0.14081	0.23081	0.1733	0.10816	0.35026	0.36512	0.10913	0.17441	0.058969	0.14868	0.076684	-0.0078589	0.11558	0.097356	0.067547	0.11783	0.3773	0.19456	0.14716	0.23399	0.037634	0.064933	0.17766	0.27663	0.11399	0.062183	0.20248	0.30001	0.31733	0.16668	0.081573	0.15411	0.081494	0.34896	0.16007	0.089505	0.10679	0.14481	0.11342	0.09407	0.17192	0.1018	0.29311	0.078523	0.13179	0.030514	0.3523	0.1925	0.2384	0.11448	0.17525	0.075622	0.11562	0.11857	0.31975	0.12089	0.090468	0.18564	0.13407	0.14879	0.075339	0.10475	0.22593	0.16174	0.1466	0.088429	0.18533	0.092424	0.039597	0.01223	0.064656	0.15447
0.40616	0.21597	0.15012	0.28775	0.30516	0.33253	0.18703	0.33324	0.30546	0.23984	0.36954	0.35029	0.25414	0.38777	0.15915	0.091227	0.24437	0.25187	0.3478	0.31675	0.24958	0.43767	0.23281	0.42766	0.36491	0.22147	0.25084	0.27972	0.27881	0.28223	0.2472	1	0.37683	0.19652	0.43967	0.35399	0.11974	0.48369	0.45903	0.23404	0.35077	0.43269	0.16839	0.23147	0.36489	0.23862	0.2906	0.35542	0.48185	0.34346	0.2581	0.34581	0.36893	0.35639	0.17523	0.52985	0.28078	0.075887	0.41102	0.26982	0.18826	0.1732	0.29859	0.35135	0.097841	0.29364	0.25508	0.14978	0.35866	0.32519	0.11656	0.14156	0.15417	0.28232	0.4504	0.31232	0.32122	0.34017	0.28512	0.36874	0.19232	0.19145	0.302	0.066907	0.27984	0.29165	0.31621	0.12494	0.26291	0.26015	0.26409	0.45542	0.45032	0.34445	0.10579	0.33734	0.44622	0.29189	0.20741	0.34336	0.28432	0.24951	0.43636	0.36798	0.23002	0.27897	0.2774	0.26348	0.38786	0.3775	0.31438	0.1543	0.28154	0.44673	0.11262	0.28907	0.34433	0.32999	0.1903	0.32379	0.44158	0.48942	0.26297	0.32278	0.17062	0.21322	0.48363	0.41144	0.32078	0.4243	0.27591	0.40263	0.38352	0.39958	0.17253	0.43032	0.42072	0.14224	0.16654	0.27451	0.28462	0.2374	0.09312	0.38367	0.29788
0.30052	0.2818	0.0052244	0.24659	0.22103	0.31174	0.21145	0.26574	0.27731	0.21776	0.24169	0.29862	0.22275	0.20581	0.17291	0.072198	0.21415	0.25707	0.31661	0.35003	0.34136	0.44936	0.20268	0.31873	0.3325	0.32574	0.33757	0.25205	0.248	0.38228	0.17609	0.37683	1	0.050495	0.33343	0.25064	0.14246	0.49052	0.34168	0.26976	0.40058	0.27116	0.18561	0.35878	0.26329	0.29764	0.34165	0.33282	0.45985	0.25246	0.3317	0.36554	0.29366	0.28279	0.33664	0.3908	0.20346	0.15302	0.23904	0.25336	0.12551	0.1288	0.31481	0.37898	-0.30809	0.14547	0.27432	0.17316	0.37557	0.25042	0.2006	0.1378	0.29418	0.25705	0.41678	0.25802	0.29805	0.32771	0.27851	0.29665	0.15212	0.11608	0.27948	0.10414	0.35498	0.017761	0.27204	0.1301	0.23103	0.24413	0.21037	0.37	0.39534	0.32353	0.12807	0.27154	0.46297	0.30685	0.27594	0.30878	0.31438	0.30728	0.37825	0.35629	0.11436	0.21627	0.35329	0.19667	0.2498	0.22204	0.23338	0.24512	0.33113	0.37576	0.23039	0.37099	0.34513	0.32893	0.23633	0.36702	0.47756	0.36923	0.16663	0.19532	0.16457	0.21146	0.52524	0.36507	0.20051	0.40891	0.1985	0.31777	0.2913	0.20493	0.12167	0.44879	0.3836	0.20228	0.18333	0.2889	0.28371	0.19671	0.075143	0.2343	0.32452
0.11168	0.10074	0.033809	0.10174	0.16424	0.16322	0.080681	0.10323	0.25608	0.067112	0.1916	0.17387	0.079393	-0.012632	0.10748	0.033535	0.25634	0.10938	0.23656	0.14945	0.18954	0.22262	0.21323	0.32896	0.18726	0.20102	0.19948	0.18734	0.14165	0.010302	-0.0093745	0.19652	0.050495	1	0.16656	0.091314	0.095745	0.20709	0.24325	0.11661	0.15976	0.16735	0.09778	0.051666	0.24662	0.12287	0.21407	0.16758	0.18998	0.039901	0.038831	0.21739	0.20384	0.053233	0.16651	0.21925	0.12726	0.09124	0.17122	0.11258	0.090606	0.14375	0.049477	0.13556	0.021377	0.076578	0.1318	0.065966	0.26941	0.13023	0.11824	0.038235	0.18411	0.15726	0.09843	0.045052	0.18366	0.044408	0.036762	0.18875	0.090506	0.16464	0.17775	0.025159	0.2627	0.13855	0.17402	0.10304	0.12669	0.0065084	0.0090289	0.1502	0.14864	0.17378	0.033959	0.16472	0.25969	0.10847	0.16633	0.17899	-0.031038	0.019227	0.097472	0.2704	0.016222	0.096642	0.0051945	0.095813	0.17884	0.14499	0.090741	0.16314	0.22587	0.1573	0.085774	0.015786	0.18823	0.068943	0.011076	0.069671	0.20125	0.24324	-0.028063	0.063059	0.072277	0.13532	0.20385	0.12392	0.19619	0.3067	0.088759	0.26134	0.15928	0.2226	0.10658	0.18093	0.23951	0.068586	0.14992	0.13964	0.11886	0.16496	0.043783	0.25143	0.14229
