1	0.42809	0.30276	0.32862	0.3227	0.38252	0.27444	0.49761	0.51031	0.35882	0.38406	0.2726	0.32786	0.35903	0.19961	0.29466	0.41449	0.36381	0.53946	0.34972	0.32518	0.44175	0.26017	0.50751	0.40767	0.3951	0.31494	0.23829	0.47226	0.072247	0.16142	0.58335	0.37474	0.39203	0.50812	0.35217	0.24233	0.3646	0.55368	0.44642	0.50192	0.40415	0.17121	0.53958	0.55759	0.42187	0.36385	0.42964	0.60192	0.24485	0.22643	0.41524	0.63399	0.42826	0.40399	0.62122	0.43927	0.14562	0.5548	0.38146	0.2637	0.22102	0.14471	0.50101	0.40994	0.28245	0.54853	0.34607	NaN	0.52879	0.24548	0.17419	0.22619	0.4718	0.54607	0.18235	0.39119	0.16356	0.32086	0.42282	0.32977	0.33488	0.4924	0.45174	0.47408	0.41847	0.40247	0.42466	0.38034	0.38288	0.36799	0.6134	0.49447	0.45057	0.2768	0.43451	0.52828	0.57109	0.43783	0.34924	0.072914	0.1291	0.59981	0.19803	0.26352	0.25198	0.12506	0.15941	0.22155	0.50478	0.25353	0.21959	0.33188	0.51697	0.5928	0.084367	0.42944	0.12302	0.32728	0.15049	0.47942	0.57977	0.30631	0.32949	0.39453	0.45804	0.50736	0.31946	0.34547	0.42826	0.25441	0.37222	0.56422	0.43676	0.062147	0.46639	0.35544	0.40612	0.046096	0.34688	0.33781	0.51628	0.35569	0.53782	0.29472
0.42809	1	0.23238	0.33383	0.22897	0.26042	0.34427	0.43886	0.48355	0.24137	0.30057	0.26411	0.32845	0.29496	0.14634	0.23894	0.2986	0.32147	0.37431	0.26507	0.25787	0.48544	0.2474	0.47113	0.41552	0.39606	0.22365	0.23916	0.35019	0.10433	0.18369	0.33257	0.37691	0.36753	0.27752	0.27691	0.22453	0.26808	0.42149	0.31495	0.30767	0.31168	0.15564	0.42777	0.37686	0.30345	0.28684	0.22095	0.39021	0.18637	0.23662	0.35161	0.39842	0.29135	0.22568	0.36218	0.34895	0.078055	0.37983	0.24959	0.14874	0.15715	0.15851	0.46487	0.28973	0.16254	0.29657	0.31024	NaN	0.40583	0.22121	0.13474	0.13091	0.40774	0.42398	0.11789	0.33876	0.16364	0.25722	0.40022	0.27877	0.27045	0.52421	0.30563	0.41979	0.31847	0.4158	0.30276	0.35473	0.37197	0.32697	0.3672	0.39058	0.4838	0.19788	0.3097	0.43589	0.27424	0.3816	0.28931	0.12477	0.1355	0.36797	0.20803	0.23457	0.19405	0.063496	0.20393	0.16605	0.30936	0.26607	0.083471	0.35094	0.34786	0.41382	0.12329	0.26059	0.12255	0.28998	0.20642	0.3848	0.4592	0.22717	0.30582	0.3433	0.27136	0.48931	0.23165	0.31512	0.35705	0.20355	0.29231	0.47739	0.33204	0.1092	0.35919	0.15794	0.31673	0.057257	0.31565	0.30824	0.33227	0.30246	0.3409	0.26431
0.30276	0.23238	1	0.3703	0.25465	0.2277	0.36224	0.22135	0.19632	0.26639	0.28361	0.13415	0.22976	0.22569	0.17949	0.40141	0.15732	0.39607	0.21077	0.10979	0.22343	0.18644	0.29807	0.23743	0.22058	0.24847	0.24423	0.17826	0.31198	0.17772	0.099758	0.27589	0.2304	0.2556	0.243	0.29602	0.19434	0.22429	0.35191	0.2237	0.27286	0.28032	0.24692	0.26706	0.28889	0.30461	0.29531	0.245	0.29401	0.13162	0.27812	0.31414	0.32543	0.2389	0.082892	0.37599	0.42659	0.101	0.28839	0.13724	0.22166	0.58633	0.22632	0.31552	0.17659	0.21797	0.26977	0.29916	NaN	0.28568	0.079674	0.12192	0.1895	0.32268	0.24863	0.10835	0.26923	0.12934	0.26553	0.22822	0.25712	0.20648	0.28301	0.21881	0.1906	0.11773	0.32933	0.29894	0.22	0.27563	0.28991	0.27592	0.33929	0.26621	0.32568	0.29311	0.31367	0.33813	0.27439	0.25061	0.16326	0.19006	0.27613	0.1292	0.16441	0.14035	0.16198	0.14306	0.17644	0.37635	0.25934	0.13517	0.17368	0.3609	0.33633	0.19973	0.18692	0.20238	0.41087	0.17795	0.33066	0.32527	0.15657	0.26164	0.19031	0.18827	0.33468	0.057755	0.22838	0.34039	0.21342	0.22008	0.28185	0.3145	0.042068	0.25746	0.14658	0.33041	0.18112	0.072718	0.25665	0.31234	0.22789	0.28211	0.33263
0.32862	0.33383	0.3703	1	0.20828	0.36824	0.39035	0.26878	0.35074	0.33544	0.34373	0.21169	0.35674	0.29883	0.18914	0.23152	0.31937	0.40239	0.45824	0.26609	0.32198	0.34058	0.28656	0.34528	0.29439	0.20196	0.2549	0.17938	0.36525	0.13657	0.15982	0.41027	0.20018	0.38357	0.31242	0.27748	0.31503	0.32773	0.52809	0.28898	0.46737	0.38983	0.2868	0.42346	0.45195	0.37587	0.37109	0.39411	0.48554	0.21251	0.25764	0.36055	0.37657	0.27377	0.25668	0.46567	0.42729	0.12792	0.51392	0.2574	0.30644	0.41684	0.085927	0.32864	0.29295	0.30858	0.43655	0.34425	NaN	0.46061	0.20204	0.13879	0.27445	0.42346	0.33026	0.21616	0.4633	0.091655	0.30844	0.32076	0.39891	0.11927	0.34427	0.37468	0.37042	0.35243	0.3397	0.26716	0.2932	0.36361	0.3286	0.45288	0.35711	0.43967	0.32295	0.33825	0.38517	0.39681	0.30912	0.3481	0.087531	0.1056	0.4319	0.1803	0.31297	0.25794	0.10001	0.14135	0.15083	0.41889	0.29123	0.22844	0.22809	0.33328	0.4161	0.089934	0.32698	0.20804	0.37548	0.13487	0.38027	0.46061	0.29474	0.37654	0.18201	0.30629	0.36491	0.1256	0.2628	0.34206	0.27516	0.37606	0.39364	0.40729	0.0484	0.26207	0.23587	0.29908	0.13859	0.33556	0.35848	0.40575	0.28045	0.42582	0.28791
0.3227	0.22897	0.25465	0.20828	1	0.1928	0.26363	0.26045	0.22444	0.12045	0.15183	0.12986	0.2628	0.27534	0.14276	0.2879	0.22739	0.2026	0.23841	0.17727	0.26546	0.26749	0.21057	0.24832	0.20739	0.12284	0.12697	0.14235	0.38434	0.016085	0.10395	0.2823	0.26442	0.17319	0.27117	0.19967	0.1591	0.19513	0.27862	0.16413	0.20037	0.22893	0.063786	0.18917	0.30835	0.1466	0.1486	0.22334	0.26929	0.1143	0.047078	0.24546	0.34079	0.20055	0.19303	0.29366	0.34948	0.018077	0.35872	0.23341	0.13424	0.18561	0.030559	0.26797	0.21664	0.11353	0.17492	0.31992	NaN	0.26714	0.10132	0.13177	0.17187	0.25325	0.28496	0.096764	0.24517	0.004893	0.17326	0.26758	0.21062	0.07842	0.32767	0.2491	0.2059	0.16988	0.25382	0.24807	0.22171	0.25956	0.25992	0.32383	0.23671	0.25419	0.19383	0.11061	0.19852	0.31133	0.19746	0.23528	0.04213	0.11201	0.27055	0.15463	0.17163	0.15553	-0.069957	0.039876	0.12446	0.25723	0.16806	0.24605	0.22185	0.25715	0.29379	0.014213	0.27941	0.13277	0.21179	0.045766	0.25621	0.26518	0.22743	0.20765	0.13639	0.17864	0.20356	0.17648	0.076468	0.22123	0.16216	0.24888	0.2821	0.23482	0.012038	0.17819	0.15044	0.3043	0.043748	0.19351	0.24893	0.2522	0.22451	0.2734	0.2211
0.38252	0.26042	0.2277	0.36824	0.1928	1	0.21003	0.31142	0.35278	0.31087	0.35501	0.20702	0.38396	0.27614	0.20099	0.24189	0.43014	0.34805	0.60901	0.29945	0.49281	0.32121	0.28076	0.34467	0.21539	0.22364	0.32614	0.31709	0.51185	0.088439	0.058186	0.46271	0.29778	0.36582	0.35332	0.32331	0.26072	0.23205	0.57249	0.32763	0.40582	0.445	0.051334	0.4613	0.55444	0.40075	0.3096	0.41028	0.58577	0.21954	0.1374	0.29337	0.56542	0.21824	0.27027	0.49497	0.47078	0.11113	0.58676	0.33116	0.27529	0.26076	0.060149	0.4479	0.6267	0.30268	0.51066	0.23026	NaN	0.67755	0.27487	0.066586	0.24992	0.46945	0.39795	0.20483	0.43292	0.15959	0.26065	0.32994	0.35134	0.25687	0.37884	0.36135	0.4016	0.3541	0.28732	0.41173	0.24418	0.35632	0.38493	0.46955	0.40434	0.35426	0.30617	0.34068	0.39931	0.50217	0.37936	0.31606	0.022078	0.026436	0.48328	0.22095	0.22696	0.23836	0.0746	0.16466	0.22403	0.48525	0.27163	0.21168	0.28386	0.42243	0.48813	0.043771	0.38409	0.20877	0.30182	0.076705	0.42121	0.49326	0.31045	0.29346	0.28191	0.37066	0.40023	0.1623	0.34243	0.44141	0.29716	0.46605	0.46239	0.43623	-0.0057144	0.30509	0.29089	0.38354	0.049669	0.39812	0.23512	0.43326	0.31584	0.55512	0.22528
0.27444	0.34427	0.36224	0.39035	0.26363	0.21003	1	0.12229	0.23228	0.30442	0.27672	0.081748	0.1975	0.23579	0.0832	0.3666	0.1701	0.28146	0.25397	0.12303	0.18332	0.23552	0.27077	0.23414	0.1837	0.17223	0.20255	0.17468	0.34595	0.1191	0.097381	0.34347	0.21235	0.27869	0.24418	0.2569	0.21839	0.26479	0.32971	0.2876	0.22884	0.30896	0.14879	0.37057	0.33309	0.27881	0.21502	0.34168	0.29838	0.087905	0.27438	0.28589	0.27242	0.18861	0.075414	0.29749	0.42041	0.11201	0.3421	0.16199	0.2252	0.27388	0.15638	0.28375	0.19463	0.24698	0.31139	0.36933	NaN	0.31502	0.17095	0.089773	0.1794	0.34106	0.32831	0.15101	0.3163	0.098121	0.2942	0.21118	0.27068	0.19893	0.2449	0.16029	0.2869	0.12597	0.20633	0.32458	0.27523	0.27173	0.17375	0.33442	0.28591	0.30225	0.22235	0.33931	0.29444	0.3024	0.31531	0.24897	0.13172	0.17227	0.31307	0.11658	0.15422	0.12433	0.036278	0.09636	0.07957	0.31598	0.16521	0.17523	0.17866	0.33232	0.27616	0.066936	0.21665	0.11768	0.32922	0.16276	0.31861	0.33553	0.25779	0.16741	0.21126	0.22687	0.3501	0.20392	0.30805	0.22049	0.12473	0.34169	0.28127	0.27322	0.027958	0.29695	0.10648	0.32506	0.12288	0.18265	0.18962	0.33733	0.15702	0.32935	0.31806
0.49761	0.43886	0.22135	0.26878	0.26045	0.31142	0.12229	1	0.55709	0.22252	0.31579	0.3965	0.22375	0.25765	0.14319	0.23722	0.23999	0.35582	0.36812	0.31312	0.2518	0.54228	0.31994	0.58813	0.48768	0.39212	0.25803	0.32827	0.34946	0.13346	0.078002	0.3609	0.40287	0.36412	0.41656	0.22264	0.22128	0.2146	0.45146	0.34051	0.41731	0.36632	0.15078	0.48114	0.41099	0.28792	0.22622	0.33928	0.46701	0.21691	0.15507	0.39292	0.49801	0.23628	0.43191	0.42518	0.32268	0.084071	0.43353	0.40933	0.18244	0.15353	0.14665	0.32119	0.41172	0.23761	0.34005	0.36601	NaN	0.45432	0.1502	0.1459	0.23314	0.39529	0.35967	0.16149	0.35452	0.20638	0.24032	0.4021	0.2456	0.24003	0.56923	0.32148	0.44834	0.28531	0.55272	0.34243	0.34263	0.29306	0.26699	0.38096	0.29705	0.50246	0.22348	0.36046	0.43405	0.46026	0.42114	0.34255	0.062355	0.12032	0.36104	0.24243	0.14057	0.25445	0.062778	0.17557	0.25162	0.36627	0.20005	0.095375	0.47534	0.26613	0.41092	0.086108	0.39336	0.16647	0.34015	0.1945	0.39725	0.43663	0.1904	0.21309	0.3681	0.26279	0.46016	0.12302	0.38717	0.38452	0.090049	0.34519	0.47132	0.33894	0.12377	0.38855	0.26913	0.36113	-0.02033	0.26739	0.29347	0.38553	0.31013	0.41729	0.30869
0.51031	0.48355	0.19632	0.35074	0.22444	0.35278	0.23228	0.55709	1	0.19495	0.34267	0.4591	0.32061	0.35544	0.21729	0.17945	0.32895	0.27175	0.43611	0.28332	0.27917	0.72472	0.28732	0.77231	0.59086	0.38206	0.3472	0.34959	0.3789	0.11889	0.063804	0.38827	0.53514	0.39483	0.33052	0.2516	0.2391	0.2578	0.53839	0.35889	0.37044	0.31843	0.099458	0.55691	0.4901	0.30371	0.30664	0.33216	0.53535	0.18911	0.18442	0.45756	0.5709	0.23001	0.42616	0.40623	0.30511	0.10042	0.4682	0.44377	0.16519	0.22789	0.1166	0.36877	0.37809	0.29922	0.47194	0.36587	NaN	0.48907	0.23511	0.16141	0.22081	0.50451	0.37098	0.086579	0.46255	0.15822	0.1799	0.4055	0.26609	0.29611	0.64793	0.37592	0.48028	0.38542	0.51066	0.42436	0.34072	0.27273	0.28958	0.50732	0.33841	0.64452	0.17334	0.37469	0.52139	0.56092	0.49066	0.32406	0.098199	0.070411	0.49795	0.26552	0.22581	0.27282	0.096886	0.17426	0.24248	0.42816	0.28766	0.078574	0.53854	0.34349	0.53431	0.091442	0.36426	0.084028	0.29838	0.15691	0.50179	0.51784	0.30865	0.24229	0.40504	0.43176	0.51136	0.18935	0.41342	0.37727	0.18226	0.40331	0.58482	0.37713	0.12782	0.36583	0.27673	0.39931	-0.032817	0.32175	0.3144	0.47736	0.30448	0.47324	0.33167
0.35882	0.24137	0.26639	0.33544	0.12045	0.31087	0.30442	0.22252	0.19495	1	0.33037	0.12151	0.29499	0.28408	0.11771	0.25678	0.33544	0.34355	0.42382	0.23746	0.31922	0.22315	0.19452	0.25911	0.10843	0.12599	0.23419	0.21045	0.27509	0.13581	0.12707	0.40382	0.10888	0.27432	0.28573	0.29062	0.20091	0.226	0.44406	0.16694	0.39957	0.38472	0.16949	0.3741	0.42356	0.38245	0.18614	0.33313	0.41854	0.26637	0.18911	0.31996	0.36697	0.27538	0.10808	0.45522	0.35408	0.098337	0.42022	0.2507	0.33554	0.26622	0.062947	0.2726	0.29408	0.30324	0.35703	0.2174	NaN	0.43388	0.28662	0.061846	0.16471	0.36445	0.29924	0.11496	0.33856	0.13523	0.24803	0.32734	0.44111	0.27521	0.25546	0.32685	0.46922	0.31663	0.16973	0.23685	0.31548	0.34656	0.31518	0.41246	0.33284	0.26123	0.19763	0.27341	0.35746	0.31003	0.36878	0.30726	0.048257	0.075725	0.41013	0.22115	0.21576	0.18668	0.077651	0.083875	0.13406	0.43427	0.30114	0.14123	0.12916	0.30527	0.41106	0.086917	0.28488	0.11015	0.23256	0.084833	0.19111	0.3776	0.25093	0.30999	0.13881	0.26709	0.36901	0.18495	0.32837	0.28649	0.23991	0.3718	0.35725	0.37918	-0.061576	0.29321	0.21365	0.30538	0.015487	0.29172	0.28839	0.298	0.23279	0.4049	0.30807
0.38406	0.30057	0.28361	0.34373	0.15183	0.35501	0.27672	0.31579	0.34267	0.33037	1	0.10142	0.23517	0.24033	0.085086	0.12821	0.27531	0.23793	0.40863	0.24974	0.31596	0.27542	0.26438	0.33452	0.25889	0.20861	0.23662	0.20627	0.30658	0.11608	0.1242	0.32717	0.19373	0.28432	0.34019	0.30466	0.2541	0.20161	0.44865	0.19173	0.3906	0.33766	0.4687	0.36509	0.41609	0.31296	0.21474	0.40974	0.45398	0.19891	0.22598	0.31689	0.38873	0.19669	0.12549	0.34836	0.37781	0.0030377	0.41212	0.2407	0.4417	0.277	0.075581	0.31444	0.30483	0.24854	0.35371	0.24364	NaN	0.47342	0.26611	0.13252	0.15553	0.33676	0.36738	0.19247	0.33773	0.14457	0.28141	0.26661	0.41707	0.40651	0.32025	0.29774	0.35839	0.33207	0.26473	0.32484	0.29368	0.31684	0.31896	0.42724	0.4092	0.33859	0.25222	0.30005	0.4221	0.45981	0.25535	0.28948	0.11621	0.07505	0.39459	0.031769	0.14423	0.18891	0.126	0.1059	0.18321	0.47147	0.26573	0.062717	0.24137	0.42123	0.39167	0.099411	0.3024	0.15742	0.23698	0.10982	0.3364	0.39472	0.20935	0.27498	0.28018	0.36835	0.40464	0.13254	0.19918	0.36519	0.17034	0.34688	0.45364	0.41566	-0.040828	0.29855	0.27462	0.28331	-0.022094	0.20497	0.26894	0.38356	0.30779	0.40946	0.21333
0.2726	0.26411	0.13415	0.21169	0.12986	0.20702	0.081748	0.3965	0.4591	0.12151	0.10142	1	0.15522	0.18817	0.11788	0.12858	0.15569	0.26637	0.23436	0.15109	0.10514	0.36804	0.18478	0.42597	0.35119	0.28142	0.29095	0.22705	0.25697	0.030159	0.030126	0.21794	0.34357	0.26148	0.27017	0.21218	0.14512	0.17694	0.33557	0.20592	0.24686	0.20222	0.027638	0.36915	0.26012	0.12228	0.23749	0.24562	0.38655	0.15526	0.115	0.30829	0.36574	0.18241	0.37531	0.31606	0.18325	0.037198	0.30387	0.33819	0.097005	0.14383	0.050864	0.27367	0.20855	0.22003	0.28618	0.19789	NaN	0.29308	0.16059	0.087727	0.18342	0.28844	0.19631	0.097972	0.24368	0.12344	0.060747	0.30804	0.15805	0.10664	0.43214	0.29572	0.30945	0.17897	0.39341	0.27934	0.19813	0.13889	0.13352	0.31837	0.215	0.43421	0.19349	0.27846	0.34942	0.28332	0.36583	0.26314	0.054381	0.066635	0.28157	0.19891	0.062462	0.19869	-0.015622	0.16568	0.072263	0.26608	0.12358	0.13177	0.3867	0.14571	0.35104	0.012628	0.20959	-0.013515	0.18592	0.10688	0.36181	0.29957	0.14574	0.10813	0.20251	0.25612	0.35579	-0.0036084	0.32793	0.16174	0.064178	0.14088	0.34428	0.20875	0.16938	0.22061	0.16162	0.24981	0.060452	0.23081	0.14361	0.21174	0.21402	0.22028	0.23536
0.32786	0.32845	0.22976	0.35674	0.2628	0.38396	0.1975	0.22375	0.32061	0.29499	0.23517	0.15522	1	0.63467	0.34457	0.23904	0.31629	0.29612	0.43508	0.25462	0.35587	0.31089	0.25311	0.27818	0.17508	0.19447	0.19808	0.14094	0.38955	0.22501	0.24718	0.36499	0.26295	0.30599	0.24095	0.32263	0.28788	0.23198	0.4592	0.27217	0.36382	0.38236	0.16008	0.33621	0.47241	0.27602	0.24496	0.39279	0.40692	0.22074	0.20396	0.22806	0.39695	0.3041	0.24091	0.39022	0.31393	0.087819	0.50144	0.24851	0.2707	0.32999	0.18184	0.33853	0.2985	0.20044	0.34226	0.28483	NaN	0.43257	0.32683	0.076394	0.23127	0.37996	0.36317	0.35352	0.33122	0.19675	0.40255	0.301	0.29758	0.22124	0.30521	0.3505	0.32143	0.37827	0.29139	0.32265	0.20336	0.45771	0.66565	0.38107	0.38124	0.38003	0.21908	0.27602	0.37177	0.39144	0.24596	0.27414	0.045301	0.13965	0.3925	0.21166	0.57029	0.45063	0.26186	0.15973	0.22173	0.42687	0.45873	0.24124	0.28832	0.34723	0.38093	0.21285	0.34496	0.27807	0.19564	0.18379	0.31397	0.41684	0.63708	0.60069	0.20174	0.24929	0.3062	0.18308	0.26471	0.38921	0.53291	0.42996	0.34213	0.39668	0.039003	0.34589	0.24449	0.22218	0.23078	0.38809	0.50683	0.41416	0.2371	0.37545	0.22899
0.35903	0.29496	0.22569	0.29883	0.27534	0.27614	0.23579	0.25765	0.35544	0.28408	0.24033	0.18817	0.63467	1	0.34792	0.25653	0.23407	0.2805	0.43064	0.28662	0.3316	0.33259	0.18262	0.26253	0.17706	0.15027	0.14185	0.17562	0.32314	0.2514	0.24227	0.37144	0.22138	0.27144	0.24913	0.30923	0.27299	0.21429	0.40209	0.2102	0.31096	0.37386	0.16716	0.34385	0.38752	0.31762	0.19617	0.32769	0.33646	0.12934	0.22842	0.26963	0.40617	0.27029	0.19583	0.30607	0.37884	0.16159	0.43587	0.2814	0.193	0.28263	0.21512	0.3204	0.34017	0.15219	0.25516	0.33061	NaN	0.37879	0.2951	0.036913	0.23516	0.38107	0.33498	0.32638	0.31353	0.20739	0.36653	0.26871	0.24219	0.24989	0.35551	0.30816	0.30214	0.38112	0.33643	0.28235	0.18369	0.39733	0.62707	0.41875	0.31831	0.38993	0.32328	0.27164	0.40114	0.34717	0.29049	0.25176	0.1115	0.21773	0.37345	0.15944	0.52217	0.50839	0.23021	0.12676	0.12791	0.31084	0.37926	0.10282	0.37177	0.28361	0.34491	0.22824	0.35706	0.30767	0.17015	0.20494	0.36222	0.35957	0.56136	0.57489	0.23483	0.25747	0.29374	0.16782	0.22729	0.30565	0.49513	0.36818	0.31147	0.29006	-0.03577	0.29509	0.23377	0.26974	0.078063	0.33723	0.44277	0.39665	0.20637	0.4078	0.19412
0.19961	0.14634	0.17949	0.18914	0.14276	0.20099	0.0832	0.14319	0.21729	0.11771	0.085086	0.11788	0.34457	0.34792	1	0.093121	0.12273	0.17735	0.29093	0.11115	0.22003	0.22258	0.18237	0.21681	0.1732	0.13791	0.20314	0.12737	0.14024	0.15048	0.18132	0.23356	0.15309	0.18965	0.18517	0.19906	0.058728	0.20228	0.27102	0.25135	0.25653	0.21766	0.030504	0.22149	0.27297	0.17977	0.14197	0.16257	0.26028	0.10172	0.13511	0.20706	0.26083	0.24912	0.19883	0.26401	0.19398	0.092962	0.23793	0.20609	0.11485	0.17529	0.075993	0.19034	0.15499	0.11945	0.188	0.20916	NaN	0.27274	0.1172	0.098708	0.15749	0.25058	0.17589	0.22353	0.10082	0.16635	0.19232	0.12867	0.15465	0.047447	0.31788	0.27778	0.21119	0.17858	0.22372	0.26427	0.11683	0.2716	0.30344	0.36969	0.24466	0.22448	0.24153	0.19413	0.27325	0.21653	0.17435	0.16257	0.022696	0.074964	0.28238	0.13734	0.2428	0.23575	0.11307	0.10563	0.043501	0.20756	0.18209	0.12808	0.23436	0.21422	0.24157	0.12451	0.20168	0.16012	0.061046	0.13939	0.29396	0.2182	0.32724	0.30647	0.17679	0.1372	0.22852	0.10161	0.21295	0.24974	0.30687	0.18643	0.11325	0.27256	0.11436	0.29378	0.14272	0.18556	-0.022795	0.10508	0.35162	0.21233	0.15618	0.18806	0.21216
0.29466	0.23894	0.40141	0.23152	0.2879	0.24189	0.3666	0.23722	0.17945	0.25678	0.12821	0.12858	0.23904	0.25653	0.093121	1	0.23219	0.3262	0.30375	0.21898	0.29219	0.25878	0.34752	0.17496	0.10763	0.21131	0.19712	0.19454	0.38062	0.086593	0.086002	0.35297	0.181	0.34268	0.25282	0.24495	0.23695	0.11877	0.33505	0.2724	0.17788	0.3614	0.084747	0.31852	0.32886	0.3493	0.25931	0.22469	0.31428	0.13653	0.19056	0.25283	0.25739	0.22817	0.14161	0.32741	0.35419	0.047398	0.37477	0.24941	0.15811	0.42491	0.15722	0.28806	0.17858	0.27389	0.29918	0.31754	NaN	0.28563	0.13154	0.12373	0.17062	0.362	0.2409	0.083412	0.27637	0.08781	0.25106	0.35609	0.20985	0.16023	0.25824	0.24406	0.23402	0.17687	0.24543	0.30344	0.15248	0.27852	0.18336	0.29245	0.30914	0.21761	0.35619	0.23878	0.25682	0.33062	0.26148	0.18839	0.14442	0.14268	0.30978	0.16542	0.15802	0.20924	0.045967	0.13276	0.11524	0.25769	0.17734	0.16612	0.12837	0.2371	0.33575	0.11243	0.23418	0.12522	0.40906	0.13429	0.24642	0.36486	0.12949	0.16471	0.17045	0.16386	0.30437	0.18429	0.23369	0.24299	0.17742	0.28192	0.28561	0.26156	0.07583	0.25077	0.092509	0.30785	0.092433	0.19706	0.14468	0.30305	0.086449	0.33843	0.33176
0.41449	0.2986	0.15732	0.31937	0.22739	0.43014	0.1701	0.23999	0.32895	0.33544	0.27531	0.15569	0.31629	0.23407	0.12273	0.23219	1	0.3311	0.58873	0.24613	0.40502	0.28021	0.15747	0.2803	0.25671	0.22505	0.27524	0.26796	0.40692	0.20196	0.18571	0.39072	0.23343	0.34468	0.34384	0.30584	0.23697	0.2014	0.52882	0.3352	0.37233	0.37931	0.087325	0.43197	0.51067	0.3217	0.27428	0.34387	0.45923	0.13746	0.20063	0.34418	0.48301	0.22202	0.31097	0.38658	0.37063	0.087021	0.50446	0.29089	0.23128	0.21756	0.13464	0.40318	0.38804	0.23015	0.45549	0.17428	NaN	0.54513	0.24523	0.081193	0.14077	0.39848	0.34012	0.090199	0.40366	0.10583	0.28216	0.35124	0.33901	0.24858	0.31484	0.34134	0.42238	0.41813	0.12688	0.32961	0.22674	0.34469	0.20907	0.3992	0.39922	0.34094	0.26105	0.28435	0.44173	0.47324	0.31495	0.30816	0.074873	0.13008	0.42725	0.20767	0.17599	0.18755	0.15839	0.1284	0.1904	0.39264	0.22239	0.24487	0.2375	0.38228	0.4411	0.19148	0.34419	0.24826	0.29076	0.13782	0.32696	0.40778	0.19464	0.25725	0.27149	0.28203	0.35754	0.21465	0.32791	0.34618	0.14835	0.4094	0.47662	0.45611	0.039399	0.23852	0.23084	0.28997	0.04988	0.31595	0.22409	0.43395	0.24331	0.42976	0.21246
0.36381	0.32147	0.39607	0.40239	0.2026	0.34805	0.28146	0.35582	0.27175	0.34355	0.23793	0.26637	0.29612	0.2805	0.17735	0.3262	0.3311	1	0.40581	0.25544	0.26861	0.33925	0.3805	0.29099	0.27012	0.27196	0.33043	0.30549	0.35859	0.16277	0.1605	0.39779	0.28894	0.35621	0.36717	0.2624	0.2565	0.23956	0.46446	0.31503	0.3552	0.42962	0.18969	0.45297	0.44403	0.35624	0.26734	0.29035	0.42186	0.14304	0.24934	0.37936	0.38637	0.27005	0.2289	0.38235	0.47351	0.10606	0.48965	0.29215	0.2169	0.32059	0.1592	0.37005	0.29902	0.19645	0.35941	0.46546	NaN	0.47072	0.16846	0.069665	0.27348	0.47254	0.35183	0.18809	0.44588	0.13709	0.2872	0.3813	0.37594	0.24314	0.3616	0.31502	0.33009	0.30032	0.31284	0.39891	0.29556	0.36703	0.29458	0.41765	0.35371	0.43171	0.30613	0.3269	0.36102	0.39072	0.32067	0.3556	0.083624	0.17223	0.4175	0.13356	0.24458	0.16385	0.17756	0.22922	0.1838	0.37397	0.26419	0.22516	0.32812	0.34761	0.4581	0.14301	0.30428	0.085924	0.41231	0.17347	0.37041	0.47017	0.30228	0.26652	0.19216	0.29919	0.36573	0.1301	0.38689	0.26845	0.26837	0.34711	0.4499	0.34472	0.076255	0.28972	0.24832	0.26027	0.1484	0.20915	0.28873	0.31136	0.28487	0.40777	0.38077
0.53946	0.37431	0.21077	0.45824	0.23841	0.60901	0.25397	0.36812	0.43611	0.42382	0.40863	0.23436	0.43508	0.43064	0.29093	0.30375	0.58873	0.40581	1	0.3683	0.61658	0.40789	0.28506	0.41999	0.2966	0.27827	0.4087	0.35499	0.56439	0.15522	0.1633	0.55681	0.37246	0.40281	0.41452	0.34482	0.34578	0.37579	0.69886	0.37075	0.43788	0.52854	0.17429	0.54236	0.59915	0.41237	0.34283	0.55855	0.65178	0.31611	0.21951	0.40426	0.6323	0.34331	0.36526	0.56578	0.49887	0.13513	0.7062	0.45657	0.29298	0.27201	0.1015	0.58983	0.57758	0.34476	0.53453	0.28468	NaN	0.73713	0.34297	0.1191	0.31155	0.55726	0.52579	0.20389	0.51297	0.12527	0.37173	0.40606	0.41944	0.26858	0.51758	0.47501	0.53845	0.45279	0.33246	0.43912	0.32644	0.46034	0.39996	0.62613	0.52358	0.46149	0.3789	0.41549	0.56054	0.63685	0.4415	0.37285	0.051753	0.058205	0.60647	0.1702	0.30975	0.30723	0.1169	0.18814	0.20257	0.49857	0.33285	0.20306	0.30375	0.46686	0.60865	0.11979	0.44371	0.19197	0.32028	0.077409	0.48964	0.58144	0.38645	0.42934	0.34987	0.44191	0.48861	0.23565	0.39221	0.46766	0.30514	0.51934	0.5164	0.47103	0.022978	0.37602	0.3663	0.39001	-0.020453	0.45226	0.41739	0.51396	0.33934	0.6568	0.28893
0.34972	0.26507	0.10979	0.26609	0.17727	0.29945	0.12303	0.31312	0.28332	0.23746	0.24974	0.15109	0.25462	0.28662	0.11115	0.21898	0.24613	0.25544	0.3683	1	0.24147	0.29322	0.13133	0.28179	0.16942	0.23264	0.19574	0.21748	0.33657	0.10631	0.076328	0.36544	0.23163	0.29952	0.3147	0.19187	0.19963	0.2271	0.27768	0.20248	0.2908	0.25325	0.17633	0.29482	0.31754	0.33136	0.18828	0.23905	0.39068	0.099493	0.10492	0.18456	0.33303	0.24311	0.21294	0.38103	0.31363	0.08654	0.30119	0.21816	0.20658	0.20294	0.044945	0.31369	0.29425	0.11724	0.29097	0.21972	NaN	0.39327	0.19682	0.012786	0.17215	0.28563	0.29952	0.19767	0.2478	0.10977	0.18482	0.20523	0.24862	0.1807	0.24281	0.31949	0.27387	0.29879	0.20232	0.2836	0.25509	0.28471	0.24931	0.37268	0.23466	0.21531	0.25068	0.22966	0.3178	0.3853	0.29093	0.20176	0.11356	0.061882	0.38556	0.20613	0.21098	0.17826	0.088486	0.17802	0.17434	0.33996	0.23676	0.14676	0.20549	0.27355	0.34296	0.10343	0.56525	0.22378	0.16375	0.10641	0.27251	0.34459	0.24603	0.31398	0.1367	0.24329	0.32426	0.071384	0.21731	0.29129	0.22895	0.30655	0.33306	0.21624	-0.073892	0.26377	0.16763	0.1854	0.097599	0.21938	0.29379	0.31446	0.20282	0.33543	0.26469
0.32518	0.25787	0.22343	0.32198	0.26546	0.49281	0.18332	0.2518	0.27917	0.31922	0.31596	0.10514	0.35587	0.3316	0.22003	0.29219	0.40502	0.26861	0.61658	0.24147	1	0.28673	0.26058	0.28074	0.22324	0.16474	0.23729	0.22431	0.39503	0.17541	0.22809	0.48848	0.30262	0.321	0.40906	0.30715	0.27078	0.18701	0.50535	0.2856	0.38061	0.38509	0.10584	0.32879	0.49248	0.40264	0.20848	0.43305	0.43745	0.19019	0.21868	0.25257	0.5028	0.2143	0.18328	0.41578	0.39147	0.076719	0.51428	0.26755	0.1864	0.29336	0.13532	0.45252	0.48815	0.27201	0.32647	0.19097	NaN	0.56856	0.22826	0.075855	0.27437	0.35974	0.35794	0.20649	0.24499	0.23015	0.35397	0.26443	0.3661	0.13896	0.32697	0.3783	0.41977	0.37785	0.29332	0.29397	0.17898	0.37809	0.40284	0.41406	0.42984	0.32571	0.25633	0.3016	0.4622	0.41521	0.28362	0.25519	0.088949	0.092062	0.39034	0.20351	0.23665	0.24072	0.16775	0.20642	0.1962	0.40784	0.31577	0.20282	0.25305	0.35416	0.46052	0.17316	0.39613	0.24769	0.24128	0.17518	0.34461	0.51874	0.34629	0.374	0.19577	0.30275	0.39061	0.21163	0.21948	0.31622	0.2761	0.40258	0.33441	0.32725	-0.040743	0.26566	0.28736	0.32751	0.014544	0.36173	0.29057	0.40927	0.28864	0.43522	0.17361
0.44175	0.48544	0.18644	0.34058	0.26749	0.32121	0.23552	0.54228	0.72472	0.22315	0.27542	0.36804	0.31089	0.33259	0.22258	0.25878	0.28021	0.33925	0.40789	0.29322	0.28673	1	0.28722	0.68854	0.59284	0.40545	0.28959	0.31431	0.35763	0.12895	0.11208	0.37181	0.50285	0.44925	0.30948	0.26874	0.21724	0.2514	0.51497	0.29903	0.36698	0.34599	0.094532	0.52361	0.42919	0.27218	0.26682	0.24852	0.48818	0.1588	0.1683	0.34751	0.48657	0.28885	0.33252	0.43015	0.29143	0.068129	0.47398	0.40001	0.14863	0.21128	0.099192	0.39501	0.33308	0.23167	0.39011	0.40907	NaN	0.44567	0.21737	0.12301	0.24391	0.49514	0.41799	0.12026	0.42887	0.15113	0.18353	0.39773	0.28167	0.30786	0.6171	0.38214	0.4714	0.32761	0.49181	0.36583	0.34184	0.34131	0.26939	0.48628	0.29232	0.54724	0.26116	0.28707	0.42223	0.4944	0.4143	0.33943	0.027932	0.078597	0.45465	0.24206	0.21002	0.32145	0.1018	0.16415	0.18662	0.38571	0.28298	0.027918	0.48798	0.3469	0.55817	0.1242	0.331	0.13278	0.37444	0.15759	0.49128	0.5121	0.25706	0.23956	0.37847	0.40309	0.5194	0.14746	0.34416	0.36619	0.18442	0.30622	0.56151	0.34555	0.13799	0.40773	0.16249	0.41196	0.087828	0.27746	0.31298	0.45114	0.38204	0.46529	0.35549
0.26017	0.2474	0.29807	0.28656	0.21057	0.28076	0.27077	0.31994	0.28732	0.19452	0.26438	0.18478	0.25311	0.18262	0.18237	0.34752	0.15747	0.3805	0.28506	0.13133	0.26058	0.28722	1	0.34306	0.36255	0.28754	0.25786	0.18299	0.23959	0.097575	0.12259	0.30499	0.27313	0.31966	0.24198	0.22143	0.21944	0.18737	0.4162	0.32493	0.30296	0.33421	0.15889	0.35693	0.35405	0.29067	0.19876	0.258	0.34574	0.12092	0.20168	0.32606	0.33957	0.20761	0.16239	0.251	0.32898	0.15022	0.36941	0.22219	0.20398	0.21182	0.1396	0.27734	0.25996	0.22063	0.2851	0.45842	NaN	0.33665	0.172	0.078252	0.228	0.30164	0.31412	0.15764	0.25936	0.15521	0.2589	0.44284	0.28374	0.17684	0.31592	0.20277	0.29566	0.26445	0.31603	0.31143	0.2174	0.28075	0.21422	0.31363	0.3504	0.31344	0.19713	0.36689	0.30465	0.31012	0.35415	0.27403	0.19915	0.10584	0.2555	0.016966	0.1021	0.14208	0.11609	0.069036	0.083265	0.35093	0.15107	0.16949	0.29297	0.27732	0.33117	0.11136	0.26094	0.1273	0.36754	0.14507	0.37258	0.3998	0.11882	0.13273	0.099041	0.20309	0.31597	0.21761	0.29872	0.27622	0.18257	0.33214	0.30063	0.30836	0.1007	0.30918	0.23749	0.29219	0.05452	0.20472	0.22359	0.2831	0.21373	0.35823	0.34597
0.50751	0.47113	0.23743	0.34528	0.24832	0.34467	0.23414	0.58813	0.77231	0.25911	0.33452	0.42597	0.27818	0.26253	0.21681	0.17496	0.2803	0.29099	0.41999	0.28179	0.28074	0.68854	0.34306	1	0.60758	0.41177	0.33932	0.33811	0.38394	0.04995	0.048247	0.34732	0.51464	0.38507	0.34878	0.22478	0.19791	0.24472	0.51979	0.30283	0.35428	0.33065	0.09097	0.5325	0.44797	0.28608	0.27747	0.34927	0.53191	0.19501	0.14878	0.46424	0.58392	0.29482	0.37721	0.45073	0.31143	0.066933	0.48742	0.38008	0.18978	0.19888	0.058183	0.39761	0.39125	0.2595	0.44048	0.3907	NaN	0.50043	0.19559	0.1441	0.24466	0.45922	0.38488	0.073022	0.43794	0.13372	0.16579	0.41422	0.31371	0.29303	0.65782	0.40714	0.51608	0.30256	0.48224	0.40954	0.32646	0.30147	0.2148	0.49247	0.35631	0.59564	0.19679	0.35697	0.53663	0.50021	0.47557	0.33649	0.0015184	0.021037	0.42899	0.25376	0.14265	0.22942	0.037127	0.22502	0.18982	0.39489	0.20159	0.11795	0.52271	0.33188	0.54278	0.017194	0.35547	0.061328	0.31972	0.12346	0.41049	0.48787	0.22991	0.20272	0.37187	0.41509	0.51196	0.15265	0.38683	0.38076	0.14242	0.34728	0.58477	0.4273	0.015416	0.38486	0.21639	0.41656	0.021592	0.30242	0.37029	0.42407	0.3272	0.4321	0.40428
0.40767	0.41552	0.22058	0.29439	0.20739	0.21539	0.1837	0.48768	0.59086	0.10843	0.25889	0.35119	0.17508	0.17706	0.1732	0.10763	0.25671	0.27012	0.2966	0.16942	0.22324	0.59284	0.36255	0.60758	1	0.34583	0.21858	0.22192	0.24216	0.092255	0.15187	0.27271	0.43832	0.31885	0.23919	0.23037	0.19283	0.23736	0.39057	0.20231	0.29597	0.18086	0.077907	0.36563	0.3247	0.24133	0.20087	0.25668	0.36189	0.085545	0.14666	0.32729	0.3996	0.21127	0.30387	0.32926	0.26284	0.067088	0.38575	0.30632	0.19162	0.16672	0.098176	0.29965	0.23791	0.24248	0.3253	0.33246	NaN	0.36523	0.15033	0.10495	0.17601	0.39152	0.30768	0.098627	0.31066	0.13249	0.17597	0.22969	0.23803	0.2555	0.49753	0.31266	0.34682	0.27295	0.41805	0.3312	0.17406	0.2624	0.21938	0.37189	0.31388	0.42677	0.13941	0.30792	0.38144	0.34738	0.3482	0.2764	0.031212	0.076262	0.35496	0.19695	0.11013	0.14003	0.10162	0.14134	0.19702	0.32474	0.19414	0.024335	0.4505	0.31732	0.38069	0.12031	0.2911	0.088993	0.23725	0.16102	0.44319	0.40631	0.17272	0.18337	0.28637	0.34016	0.41948	0.15089	0.25775	0.3169	0.009181	0.27013	0.47019	0.28159	0.14739	0.29381	0.12882	0.3283	0.017676	0.18765	0.2115	0.33812	0.30954	0.36133	0.2715
0.3951	0.39606	0.24847	0.20196	0.12284	0.22364	0.17223	0.39212	0.38206	0.12599	0.20861	0.28142	0.19447	0.15027	0.13791	0.21131	0.22505	0.27196	0.27827	0.23264	0.16474	0.40545	0.28754	0.41177	0.34583	1	0.22481	0.29624	0.28101	-0.0044636	0.050207	0.19045	0.27148	0.33506	0.22712	0.16764	0.13472	0.15469	0.38372	0.31693	0.19404	0.21069	0.045535	0.42023	0.3144	0.33421	0.31071	0.28948	0.38298	0.15152	0.16105	0.27485	0.33781	0.24679	0.25102	0.30984	0.21818	0.16433	0.31268	0.2645	0.11177	0.14991	0.087009	0.2798	0.25739	0.15778	0.32312	0.37157	NaN	0.29602	0.076654	0.023931	0.14696	0.30994	0.30963	0.12868	0.34608	0.059103	0.1471	0.3059	0.21523	0.24706	0.413	0.29445	0.31924	0.25093	0.35075	0.21042	0.33849	0.17393	0.20378	0.30777	0.24031	0.36502	0.18749	0.30689	0.27292	0.30339	0.32474	0.32504	0.064969	0.079159	0.30085	0.1866	0.12144	0.13106	0.038896	0.23404	0.091045	0.39899	0.14956	0.12009	0.29317	0.24255	0.36396	0.04029	0.17841	0.063401	0.31066	0.10964	0.38496	0.35329	0.20594	0.17579	0.31038	0.21297	0.35246	0.10641	0.27806	0.32879	0.069732	0.29217	0.45103	0.35404	0.030574	0.29516	0.14211	0.35311	0.075364	0.21485	0.19527	0.30099	0.1305	0.32792	0.30128
0.31494	0.22365	0.24423	0.2549	0.12697	0.32614	0.20255	0.25803	0.3472	0.23419	0.23662	0.29095	0.19808	0.14185	0.20314	0.19712	0.27524	0.33043	0.4087	0.19574	0.23729	0.28959	0.25786	0.33932	0.21858	0.22481	1	0.19132	0.37903	0.049315	0.094586	0.31803	0.32707	0.27476	0.28923	0.2662	0.25636	0.15025	0.39221	0.35457	0.28339	0.27472	0.077817	0.38751	0.39043	0.3334	0.27967	0.30784	0.43096	0.14418	0.1845	0.40706	0.39708	0.20688	0.25444	0.37227	0.3568	0.10167	0.42318	0.35966	0.17141	0.20962	0.03716	0.38648	0.24786	0.25445	0.52293	0.25934	NaN	0.37377	0.12726	0.068528	0.21079	0.36919	0.35808	0.049683	0.28533	0.084464	0.099958	0.24124	0.17298	0.22235	0.34096	0.28445	0.29937	0.2156	0.28286	0.34124	0.28335	0.22914	0.15568	0.33661	0.37972	0.37291	0.13769	0.30689	0.33171	0.37648	0.40413	0.25897	0.067805	0.036807	0.36508	0.20719	0.060561	0.2215	0.0012689	0.17378	0.088891	0.33732	0.22381	0.073182	0.27434	0.26998	0.37638	0.050213	0.23562	-0.043862	0.13868	0.098609	0.35178	0.41954	0.16364	0.17662	0.31337	0.31509	0.3832	0.13195	0.39667	0.25493	0.1367	0.3222	0.43065	0.35629	0.081151	0.35499	0.18076	0.2737	0.1257	0.24458	0.22387	0.32959	0.27011	0.38403	0.29917
0.23829	0.23916	0.17826	0.17938	0.14235	0.31709	0.17468	0.32827	0.34959	0.21045	0.20627	0.22705	0.14094	0.17562	0.12737	0.19454	0.26796	0.30549	0.35499	0.21748	0.22431	0.31431	0.18299	0.33811	0.22192	0.29624	0.19132	1	0.32567	0.049928	-0.080384	0.29301	0.33584	0.28755	0.24089	0.11788	0.25664	0.18769	0.39356	0.26001	0.20774	0.311	0.076373	0.45281	0.38508	0.27079	0.24518	0.31494	0.3823	0.21589	0.174	0.45931	0.4074	0.1615	0.21184	0.26611	0.32768	0.078175	0.3666	0.24723	0.18075	0.15603	0.098218	0.38987	0.28988	0.24822	0.29152	0.20529	NaN	0.42589	0.18314	0.083777	0.18529	0.34446	0.26537	0.083799	0.40594	-0.0036054	0.18942	0.39026	0.24182	0.078607	0.31824	0.34126	0.26441	0.17966	0.34537	0.30947	0.31995	0.2768	0.17141	0.27471	0.30235	0.30114	0.30349	0.36908	0.3179	0.35371	0.41501	0.25621	-0.017499	-0.0087928	0.31569	0.17701	0.10817	0.11619	-0.011309	0.1316	0.1518	0.3424	0.22524	0.099147	0.29637	0.20584	0.39482	0.0027822	0.18129	0.12119	0.27535	0.038741	0.29683	0.31705	0.18217	0.17092	0.32305	0.2731	0.34193	0.15472	0.39909	0.31956	0.07079	0.33502	0.28112	0.23762	0.089661	0.30254	0.10164	0.30228	-0.2356	0.18614	0.20138	0.33708	0.1484	0.35737	0.2744
0.47226	0.35019	0.31198	0.36525	0.38434	0.51185	0.34595	0.34946	0.3789	0.27509	0.30658	0.25697	0.38955	0.32314	0.14024	0.38062	0.40692	0.35859	0.56439	0.33657	0.39503	0.35763	0.23959	0.38394	0.24216	0.28101	0.37903	0.32567	1	0.21552	0.13262	0.45503	0.31625	0.32953	0.3505	0.32359	0.30203	0.33034	0.52886	0.35963	0.39307	0.36263	0.13423	0.45779	0.48157	0.33659	0.29377	0.37776	0.48932	0.1872	0.22792	0.38864	0.53309	0.32132	0.3647	0.49415	0.45587	0.12864	0.52566	0.43025	0.22855	0.28986	0.13006	0.48166	0.45435	0.3194	0.45584	0.31764	NaN	0.53834	0.19033	0.1121	0.25813	0.42003	0.44118	0.23954	0.45373	0.094407	0.31381	0.40019	0.25435	0.23727	0.45429	0.44278	0.39151	0.25531	0.32115	0.34282	0.29129	0.41529	0.36206	0.47432	0.39453	0.41902	0.33856	0.32689	0.43315	0.51256	0.33454	0.27334	0.13261	0.12805	0.45792	0.26325	0.23772	0.18196	0.094425	0.16287	0.23016	0.39245	0.32281	0.1784	0.3043	0.40865	0.48549	0.14776	0.35093	0.12552	0.29766	0.13019	0.40426	0.45436	0.31285	0.27081	0.24753	0.37386	0.39844	0.1582	0.33029	0.39355	0.2261	0.37944	0.42663	0.38125	0.086133	0.33707	0.25302	0.38034	-0.020233	0.27966	0.30399	0.41821	0.31537	0.52478	0.24363
0.072247	0.10433	0.17772	0.13657	0.016085	0.088439	0.1191	0.13346	0.11889	0.13581	0.11608	0.030159	0.22501	0.2514	0.15048	0.086593	0.20196	0.16277	0.15522	0.10631	0.17541	0.12895	0.097575	0.04995	0.092255	-0.0044636	0.049315	0.049928	0.21552	1	0.64319	0.18236	0.07314	0.21848	0.011791	0.32055	0.14082	0.086689	0.19435	0.097001	0.21113	0.20004	0.25399	0.16288	0.17539	0.25507	0.095557	0.13636	0.12386	0.020205	0.62451	0.11942	0.18139	0.18236	0.12967	0.1377	0.17474	-0.013025	0.13619	0.080296	-0.005911	0.16109	0.66535	0.19938	0.092156	0.011264	0.022884	0.16424	NaN	0.19594	0.095803	0.07893	0.15833	0.13794	0.16511	0.20586	0.091191	0.5778	0.55702	0.072056	0.095155	0.07153	0.042766	0.1028	0.11359	0.17307	0.094741	0.10884	0.094106	0.46339	0.28231	0.15262	0.15614	0.05836	0.16626	0.22628	0.24315	0.14749	-0.013505	0.13238	0.42739	0.67886	0.15012	0.074964	0.16251	0.10841	0.72592	0.069959	0.076629	0.089476	0.27112	0.040165	0.16748	0.13181	0.1359	0.75908	0.15501	0.47559	0.17903	0.68941	0.1869	0.08378	0.21225	0.31593	0.12282	0.097913	0.16179	0.10214	0.086905	0.12716	0.12524	0.1907	0.14194	0.13751	-0.083323	0.10371	0.077152	0.14819	-0.041226	0.019077	0.1854	0.15317	0.08829	0.099634	0.043547
0.16142	0.18369	0.099758	0.15982	0.10395	0.058186	0.097381	0.078002	0.063804	0.12707	0.1242	0.030126	0.24718	0.24227	0.18132	0.086002	0.18571	0.1605	0.1633	0.076328	0.22809	0.11208	0.12259	0.048247	0.15187	0.050207	0.094586	-0.080384	0.13262	0.64319	1	0.2115	0.12353	0.2272	0.084077	0.37845	0.14023	0.095129	0.19616	0.10928	0.15463	0.18327	0.14711	0.14134	0.21464	0.24022	0.17514	0.16273	0.11217	-0.015746	0.52357	0.10891	0.23178	0.22555	0.17342	0.14959	0.18918	0.0035767	0.19293	0.075042	-0.059032	0.020921	0.5215	0.19749	0.10683	0.056347	0.081804	0.15813	NaN	0.17027	0.11823	-0.048121	0.12959	0.18169	0.14374	0.16387	0.085927	0.46332	0.49315	0.12911	0.16528	0.0030145	0.084187	0.15271	0.16742	0.19912	0.12521	0.11804	0.056589	0.4351	0.31151	0.17697	0.23953	0.08278	0.1506	0.1306	0.23066	0.093237	0.049589	0.17498	0.34217	0.51717	0.16259	0.1429	0.14376	0.18481	0.5777	0.01502	0.038832	0.13702	0.18829	0.052711	0.10818	0.20569	0.15	0.63767	0.14415	0.40301	0.12719	0.56866	0.20379	0.17445	0.22758	0.30555	0.10704	0.098943	0.18016	0.19587	0.015391	0.1056	0.23065	0.16087	0.17117	0.21692	-0.041046	0.14309	0.034612	0.11546	0.057204	0.097205	0.25195	0.22092	0.11731	0.096378	0.051307
0.58335	0.33257	0.27589	0.41027	0.2823	0.46271	0.34347	0.3609	0.38827	0.40382	0.32717	0.21794	0.36499	0.37144	0.23356	0.35297	0.39072	0.39779	0.55681	0.36544	0.48848	0.37181	0.30499	0.34732	0.27271	0.19045	0.31803	0.29301	0.45503	0.18236	0.2115	1	0.29182	0.37261	0.50924	0.39523	0.30184	0.4006	0.58182	0.34897	0.46136	0.47928	0.20307	0.46907	0.56192	0.38597	0.27253	0.43546	0.57287	0.25156	0.25794	0.4058	0.60541	0.32892	0.29944	0.62553	0.43183	0.067817	0.53896	0.32057	0.25482	0.27268	0.17656	0.53796	0.49722	0.26645	0.53795	0.34714	NaN	0.58356	0.28209	0.16723	0.30509	0.44676	0.55481	0.27546	0.36139	0.16021	0.39668	0.42204	0.40255	0.25683	0.38292	0.46619	0.5026	0.40399	0.29845	0.4	0.27138	0.42079	0.41752	0.64731	0.49408	0.38897	0.28789	0.3092	0.59204	0.56445	0.36946	0.31545	0.12653	0.12669	0.66151	0.25016	0.27938	0.31298	0.14327	0.14128	0.28821	0.47217	0.29105	0.2711	0.35475	0.55308	0.53027	0.1629	0.46441	0.21288	0.26486	0.16746	0.42546	0.63111	0.38067	0.3807	0.3404	0.38854	0.48925	0.22966	0.33087	0.46817	0.30191	0.47286	0.44642	0.43046	-0.016869	0.39899	0.34517	0.34992	-0.00095117	0.324	0.34048	0.56372	0.3865	0.53119	0.32024
0.37474	0.37691	0.2304	0.20018	0.26442	0.29778	0.21235	0.40287	0.53514	0.10888	0.19373	0.34357	0.26295	0.22138	0.15309	0.181	0.23343	0.28894	0.37246	0.23163	0.30262	0.50285	0.27313	0.51464	0.43832	0.27148	0.32707	0.33584	0.31625	0.07314	0.12353	0.29182	1	0.24853	0.26546	0.29439	0.24335	0.21337	0.41819	0.2811	0.28925	0.28694	0.036958	0.38225	0.31602	0.29237	0.25097	0.3037	0.40975	0.041374	0.1753	0.35389	0.47592	0.21803	0.30177	0.29616	0.33151	0.099528	0.37127	0.37477	0.069052	0.17375	0.13133	0.36187	0.30247	0.18701	0.40102	0.32379	NaN	0.41966	0.13988	0.11605	0.17881	0.3821	0.34344	0.13375	0.36091	0.101	0.1861	0.33751	0.18633	0.23768	0.49649	0.32926	0.35678	0.26497	0.41758	0.38568	0.22491	0.25028	0.20967	0.31952	0.35311	0.44926	0.16442	0.30923	0.3622	0.4235	0.39034	0.24733	0.045093	0.11058	0.40178	0.22185	0.14022	0.20034	0.041376	0.13615	0.096441	0.36301	0.28883	0.13364	0.29706	0.36154	0.41402	0.098343	0.28132	0.10148	0.28631	0.12636	0.48741	0.46745	0.23618	0.19821	0.25598	0.38107	0.40858	0.12884	0.33726	0.32964	0.11885	0.27912	0.44252	0.2436	0.11838	0.41712	0.2013	0.37529	0.057744	0.25741	0.31401	0.44868	0.35954	0.3029	0.23952
0.39203	0.36753	0.2556	0.38357	0.17319	0.36582	0.27869	0.36412	0.39483	0.27432	0.28432	0.26148	0.30599	0.27144	0.18965	0.34268	0.34468	0.35621	0.40281	0.29952	0.321	0.44925	0.31966	0.38507	0.31885	0.33506	0.27476	0.28755	0.32953	0.21848	0.2272	0.37261	0.24853	1	0.38304	0.21908	0.22195	0.19003	0.43063	0.33499	0.32717	0.403	0.19411	0.49002	0.49493	0.3966	0.2801	0.39333	0.44717	0.2509	0.25389	0.32529	0.40483	0.30576	0.23431	0.4203	0.37191	0.19839	0.48205	0.26632	0.28296	0.23356	0.19496	0.36391	0.29853	0.24864	0.38929	0.3353	NaN	0.46338	0.24498	0.13112	0.2552	0.41853	0.28887	0.20166	0.35245	0.22457	0.31738	0.35668	0.34483	0.27874	0.39647	0.31493	0.50218	0.38563	0.35959	0.40863	0.26608	0.33455	0.25579	0.36667	0.34757	0.4304	0.33919	0.36123	0.41642	0.39469	0.39296	0.31617	0.12542	0.1775	0.37738	0.21732	0.14602	0.19896	0.176	0.17741	0.12638	0.40325	0.25953	0.12124	0.31202	0.31528	0.44394	0.20257	0.35354	0.23667	0.37642	0.24307	0.36605	0.45229	0.23719	0.28071	0.37667	0.24649	0.41832	0.24597	0.34155	0.33618	0.17517	0.40382	0.47614	0.42242	0.05306	0.32109	0.10633	0.37553	0.12431	0.29813	0.32282	0.40905	0.23168	0.44815	0.3679
