1	0.10249	0.01226	0.16531	0.19125	0.13554	0.10762	0.16644	0.032307	0.17589	0.25415	0.16951	0.084513	0.10493	0.20774	0.18681	0.25473	0.15678	0.13877	0.20052	-0.00066812	0.18588	0.19498	0.11747	0.081353	0.024318	0.24765	0.20663	0.15469	0.28088	0.15077	0.15613	0.1756	0.14727	0.1514	0.083354	0.07737	0.17338	0.090207	0.11814	0.20916	0.028826	0.14937	0.13843	0.15104	0.085045	0.13002	0.17303	0.1939	0.12388	0.085856	-0.15081	0.06515	0.111	0.11005	0.2036	0.30553	0.15908	0.15546	0.19927	0.15025	0.16365	0.14678	0.15061	0.097027	0.18133	0.20198	0.17907	0.18938	0.28562	0.076297	0.088829	0.26034	0.13317	0.19716	0.24422	0.17442	0.14372	-0.0011845	0.089047	0.13564	0.17196	0.097647	0.25369	0.13561	-0.040132	0.20987	0.123	0.192	0.2253	0.10071	0.16164	0.16422	0.13416	0.25403	0.18979	0.02995	0.15254	0.21849	0.15641	0.042199	0.13438	0.12282	0.097691	0.079944	0.12526	0.31131	0.094283	0.050238	0.099083	0.13497	0.18957	0.23924	0.1803	0.26003	0.19382	0.23223	0.25492	0.081626	0.10542	0.13874	0.27342	0.090606	0.16157	0.16981	0.11048	0.21643	0.14691	0.19965	0.21511	0.14302	0.036018	0.11143	0.11701	0.2605	0.11987	0.034158	0.18113	0.22752	0.23651	0.14413	0.27123	0.16522	0.18971	0.13759
0.10249	1	0.09419	0.26419	0.4217	0.11849	0.080861	-0.039559	0.29349	0.46612	0.38865	0.041384	0.19273	0.17935	0.26878	0.070991	0.50546	0.3851	0.0066829	-0.0056877	0.065277	0.3699	0.19224	0.15133	0.80759	-0.033632	0.6748	0.066011	0.19964	0.58367	0.30135	0.19821	0.041429	0.35411	0.38464	0.15283	0.31408	0.56709	0.17645	0.14516	0.42853	0.33522	0.14527	0.0071284	-0.062068	0.12535	0.19224	0.17599	0.42939	0.40204	0.18244	0.079905	0.057829	0.30048	0.15314	0.2802	0.16659	0.071489	0.53773	0.56968	0.63825	0.32494	0.56737	0.47485	0.19058	0.55407	0.30247	0.70666	0.27177	0.37638	0.3049	0.29639	0.64077	0.32947	0.19275	0.024712	0.12146	0.30173	0.24288	0.14678	0.078781	-0.0092032	0.16959	0.4957	0.0027436	0.10895	0.4971	0.41661	0.40014	0.2724	0.22529	0.5059	0.14082	0.21587	0.025849	0.048516	0.037236	0.21843	0.15187	0.1613	0.18011	0.027048	0.46759	0.049888	0.0075636	0.38691	0.49636	0.2002	-0.021058	0.29974	0.54509	0.67304	0.39168	0.36511	0.3608	0.57077	0.32277	0.63045	0.3861	0.19222	0.43383	0.54466	0.33862	0.054888	0.1135	0.088809	0.20411	0.43765	0.45965	0.50301	0.42909	0.22992	0.22918	0.16939	0.26452	0.25358	-0.047786	0.19373	0.29566	-0.0039281	0.13526	0.6158	0.14162	0.3284	0.0080814
0.01226	0.09419	1	0.082218	0.040922	-0.022248	0.024053	-0.093195	0.079969	0.046621	0.088694	-0.044055	0.10828	-0.088543	0.10065	-0.035929	0.15477	0.065509	0.069394	-0.011178	0.13458	0.1188	0.10392	0.069524	0.023676	-0.041046	0.041977	0.084996	0.035129	0.018105	0.1518	0.037045	0.018302	0.13934	0.068759	0.14934	0.15851	0.14638	0.0694	-0.011397	0.045515	0.039877	0.10623	0.050013	0.042426	0.15131	-0.058482	-0.0026351	0.14224	0.16381	-0.063178	-0.030419	0.13887	0.16979	0.11006	0.089706	0.051086	0.093659	0.13482	0.073004	0.12824	0.062862	0.096916	0.078836	0.0013745	-0.047613	0.0637	0.11856	0.099194	0.017552	0.029331	0.097452	0.042355	0.10381	0.032766	0.045448	0.0065777	0.12806	-0.022552	-0.077516	0.14377	0.16241	0.076863	0.039524	-0.0060408	0.063044	0.1047	0.063399	-0.00080908	0.021932	0.0069553	0.075623	0.10298	0.038175	-0.061107	0.13821	-0.14034	0.074349	0.15439	0.11847	0.057091	0.02739	0.053128	0.11837	0.15344	0.065227	-0.026272	0.20967	0.079906	0.18354	0.033316	0.04866	0.013099	0.0087985	0.15103	0.077121	0.015358	0.092674	-0.011851	0.094282	0.13314	0.048298	0.032501	0.14749	-0.08559	0.0036056	0.091177	0.0033922	0.071407	0.080588	0.035467	0.084267	0.092128	0.12816	0.10408	0.10278	-0.080493	0.0050552	0.043985	0.053761	-0.0029723	0.1019	0.114	-5.5771e-005	-0.07507
0.16531	0.26419	0.082218	1	0.17077	0.080655	0.0039615	0.10262	0.162	0.25725	0.25751	0.12328	0.060858	0.13793	0.16129	0.11572	0.21504	0.16547	0.056095	0.17286	0.034747	0.11704	0.16229	0.27565	0.23641	0.1024	0.23743	0.086537	0.081597	0.29879	0.1634	0.078751	0.10648	0.23797	0.23631	0.024682	0.14746	0.26594	0.21118	0.12123	0.13279	0.16982	0.10068	0.0088421	0.12747	0.12994	0.057261	0.086367	0.26447	0.25608	0.18898	-0.014275	0.12391	0.16752	0.073239	0.14271	0.098683	0.092703	0.2354	0.2465	0.30412	0.17595	0.27107	0.17286	0.08009	0.16532	0.17845	0.24536	0.18902	0.34366	0.15226	0.15888	0.2732	0.11959	0.047478	0.075936	0.060809	0.23777	0.0061987	0.033219	0.059495	0.1424	0.12696	0.2163	0.15383	0.094657	0.20135	0.11258	0.18682	0.20005	0.16598	0.17293	0.067312	0.35807	0.12899	0.1791	-0.023617	0.13323	0.25738	0.152	0.13135	0.037264	0.11847	0.20401	0.11483	0.19731	0.34483	0.063278	0.0026948	0.10081	0.21038	0.31776	0.20972	0.18404	0.14344	0.22934	0.14162	0.26497	0.1531	0.15967	0.17829	0.321	0.16198	0.07529	0.19035	-0.05648	0.24305	0.20997	0.2595	0.18454	0.13434	0.12665	0.14237	0.13144	0.27464	0.10861	0.030644	0.16918	0.1378	0.020922	0.097336	0.19294	0.13588	0.40725	0.16226
0.19125	0.4217	0.040922	0.17077	1	0.10491	0.17643	0.081095	0.17074	0.37178	0.3498	0.14148	0.21496	0.20307	0.19458	0.22249	0.46187	0.36311	0.18012	0.08707	0.21311	0.3301	0.13776	0.20605	0.45328	0.071352	0.48764	0.096094	0.19189	0.41531	0.3445	0.13416	0.085767	0.25022	0.41264	0.1728	0.25525	0.38821	0.24943	0.14776	0.29429	0.18686	0.10523	0.064967	0.17686	0.13911	0.13958	0.25522	0.42138	0.36924	0.22067	0.095445	0.12197	0.14765	0.15153	0.26928	0.24228	0.14455	0.44225	0.46913	0.39971	0.28988	0.489	0.41658	0.24373	0.28409	0.27948	0.38092	0.30505	0.29916	0.26017	0.2115	0.41752	0.30902	0.21315	0.11563	0.17046	0.31398	0.16809	0.097404	0.16915	0.042395	0.22297	0.35799	0.13882	0.17696	0.48184	0.34168	0.29381	0.3088	0.18878	0.38835	0.17601	0.19462	0.16946	0.1604	0.049893	0.24501	0.14381	0.17128	0.17653	0.028512	0.39519	-0.028436	0.079325	0.42019	0.42578	0.14953	0.0020817	0.14038	0.43953	0.37721	0.26541	0.26046	0.39521	0.35018	0.20279	0.47993	0.21162	0.15185	0.40634	0.44065	0.27139	0.13718	0.2015	0.17299	0.30589	0.31031	0.44494	0.45719	0.30052	0.14844	0.13981	0.23569	0.24752	0.19687	0.0013263	0.24113	0.21675	0.071885	0.15444	0.50323	0.2882	0.34114	0.084339
0.13554	0.11849	-0.022248	0.080655	0.10491	1	-0.033513	-0.030628	0.040212	0.057683	0.087147	-0.015165	0.079349	-0.095008	0.12572	0.042631	0.049368	0.13536	0.0638	0.0012901	-0.0022913	0.05324	0.015211	0.048648	0.10905	-0.019995	0.12139	0.05505	0.087055	0.058402	0.050112	0.12026	0.14016	0.042941	0.076995	0.037916	0.15095	0.14819	-0.0023815	-0.080169	0.10608	0.026953	0.077935	-0.012513	0.091753	-0.0075073	0.0099626	0.18349	0.061803	0.032552	0.054087	-0.030158	-0.0087138	0.016363	0.074955	0.070574	0.030015	0.055563	0.1387	0.1765	0.16921	-0.066505	0.10987	0.14069	0.43019	0.09043	0.076357	0.060421	0.047659	0.0014793	0.038948	0.095171	0.11004	0.084403	-0.10946	-0.010659	0.11813	0.02904	0.13473	0.074624	0.059365	0.077276	0.088002	0.099627	-0.036134	0.074052	0.13873	0.04733	0.17277	0.055445	-0.018225	0.026059	0.080352	0.067731	0.10985	0.059691	0.086211	0.044772	0.021449	-0.015132	-0.091518	0.013496	0.026438	0.061353	-0.05902	0.047322	0.052196	0.0013537	-0.020903	0.059579	0.041489	0.12569	0.10422	0.041755	0.12956	0.096065	0.028326	0.11574	0.16764	0.13468	0.028292	0.086015	0.025141	0.090145	0.069566	0.10304	0.11243	0.034878	0.0024138	0.034526	0.035161	-0.030371	-0.010185	0.18612	0.11456	0.086779	-0.00040899	0.26657	0.14325	-0.0014161	-0.026563	0.089168	0.036788	0.11035	-0.011354
0.10762	0.080861	0.024053	0.0039615	0.17643	-0.033513	1	0.11803	0.070233	0.058001	0.075424	0.080734	0.070495	0.082393	0.089716	0.20807	0.098995	0.083846	0.070479	-0.038481	0.047745	-0.052815	0.0015593	0.22039	0.018269	0.18119	0.089674	-0.009228	0.13732	-0.013313	0.014199	0.064405	0.011033	-0.050028	0.13552	0.060123	0.083657	0.045461	-0.050121	0.019332	-0.059829	-0.06268	0.10002	0.20426	0.16464	0.12828	0.020672	0.122	0.11818	0.023955	0.1043	-0.032	0.034452	0.10455	0.049483	0.03843	0.14482	-0.010915	-0.040901	0.025904	-0.017762	0.10516	0.023388	0.016873	0.095823	0.098569	0.060669	0.074806	0.025314	0.033807	0.044487	0.02336	0.12429	-0.028702	-0.089903	-0.040852	0.20796	0.13248	0.029283	-0.05178	0.06907	0.055652	0.094822	0.13444	0.17776	0.039023	0.056724	0.089785	0.16332	0.0026345	-0.01099	0.058331	0.044711	0.0058481	0.23841	0.12015	0.030774	0.10001	0.0099722	0.064261	-0.023109	0.16395	0.028258	0.21025	0.1493	0.048179	0.10097	0.051514	-0.063889	0.036326	0.034138	0.071476	0.096802	-0.024009	0.064752	-0.0078773	-0.089493	0.11702	0.087197	0.11797	0.099858	0.15693	0.043345	0.063046	0.066465	0.018062	0.11617	-0.073949	0.15268	0.07368	0.083335	0.010432	-0.10649	0.07798	0.16791	-0.0084967	0.06148	0.027697	0.094572	0.021621	-0.039355	0.14088	0.23519	0.15335	0.10463
0.16644	-0.039559	-0.093195	0.10262	0.081095	-0.030628	0.11803	1	0.0050975	-0.078964	0.077563	0.58497	-0.04601	0.10652	0.08005	0.32652	0.023746	-0.0086988	0.20722	0.2867	0.11107	0.0052672	0.050693	0.042065	-0.017686	0.07043	0.032922	0.10512	0.073514	0.10211	-0.046693	-0.022602	0.10695	0.021024	0.047148	0.091791	-0.018499	0.047738	0.04668	0.05903	0.0020064	-0.0066193	-0.023824	0.01248	0.056864	0.055214	0.09434	0.074102	0.02044	0.058166	0.18902	-0.016482	0.076856	0.060545	0.092156	0.0086707	0.13934	-0.021873	0.0091205	-0.013013	0.0087421	0.042064	0.054558	0.010675	-0.030043	0.061345	0.1309	-0.049357	0.13796	0.097821	-0.05826	-0.077006	0.0197	-0.046885	0.052934	0.082253	0.0043581	-0.045512	-0.036874	0.031132	0.070715	0.14173	0.136	0.13538	0.10825	0.0078638	-0.024936	0.0066465	0.037449	0.022196	0.00394	-0.031217	0.066245	0.090603	0.20275	0.03913	0.025965	0.16357	0.17366	0.13343	-0.0061795	0.041159	-0.014252	0.1318	0.063135	-0.052664	0.18182	0.0083473	0.070372	0.057083	0.05751	0.043022	0.099331	0.11745	-0.02691	-0.033667	0.10347	0.042763	-0.025363	0.12981	-0.063831	0.16196	-0.027944	0.15872	0.1034	-0.034358	0.040846	0.058597	0.095496	0.042682	-0.056725	-0.074437	-0.03806	0.065115	0.097102	0.022534	0.084482	0.11264	0.054948	0.029436	-0.0097133	0.07586	0.2488	-0.0071604	0.1557
0.032307	0.29349	0.079969	0.162	0.17074	0.040212	0.070233	0.0050975	1	0.20106	0.25587	0.13011	0.16569	0.017496	0.15309	-0.011121	0.27255	0.33465	0.085712	-0.1012	0.084531	0.21875	0.15897	0.065231	0.32143	-0.048104	0.33628	-0.023995	0.11279	0.33695	0.3389	0.14973	0.14221	0.24236	0.1959	0.064934	0.3188	0.23684	0.16276	0.056567	0.22052	0.070886	0.082587	0.14812	-0.021097	0.23718	0.00394	0.010079	0.23561	0.18017	0.10507	0.10065	0.07062	0.20288	0.077803	0.16293	0.16038	0.12918	0.20082	0.27107	0.31489	0.40343	0.25112	0.23725	0.13297	0.21891	0.1897	0.29565	0.35275	0.23594	0.55389	0.74362	0.34872	0.22131	0.0037223	0.15211	0.19924	0.20875	0.0078361	0.065896	0.116	0.037903	0.24893	0.24516	0.014968	0.096816	0.15316	0.21489	0.19395	0.15769	0.16861	0.19792	0.12273	0.13416	0.016443	0.0061281	0.13231	0.19333	0.15239	-0.020857	0.38433	0.039738	0.20243	0.069943	-0.011657	0.12877	0.2871	0.12791	0.10048	0.14452	0.1968	0.40089	0.37806	0.4051	0.16648	0.33242	0.29656	0.29756	0.23765	0.17122	0.26241	0.26859	0.16178	0.067533	0.050815	0.074061	0.17402	0.23569	0.18451	0.26415	0.17663	0.41743	0.15887	0.16842	0.021873	0.077852	-0.0048778	0.11749	0.15726	0.067329	0.19336	0.33798	0.12892	0.20191	-0.0068981
0.17589	0.46612	0.046621	0.25725	0.37178	0.057683	0.058001	-0.078964	0.20106	1	0.35945	-0.014465	0.19206	0.22164	0.17805	0.12341	0.46936	0.30882	-0.0023532	0.044693	0.0801	0.35668	0.15889	0.13351	0.52268	-0.005257	0.499	0.01974	0.13544	0.44388	0.39304	0.21494	-0.032373	0.30386	0.38487	0.23656	0.21825	0.48623	0.13549	0.17558	0.45276	0.23621	0.1776	0.079509	0.068245	0.15939	0.14168	0.22446	0.38223	0.37432	0.16508	0.11797	0.028498	0.23465	0.17782	0.29516	0.18898	0.13572	0.40214	0.45877	0.4729	0.23604	0.49923	0.41445	0.1842	0.37635	0.23845	0.44708	0.20479	0.45227	0.31022	0.24242	0.49507	0.28268	0.27025	0.10739	0.20194	0.31087	0.095358	0.14119	0.11883	-0.0047004	0.23706	0.28573	0.069978	0.099754	0.44043	0.42889	0.35626	0.32826	0.11943	0.42769	0.16195	0.2024	0.076999	0.11069	0.084593	0.20844	0.11322	0.063339	0.20466	0.062706	0.37489	0.046757	0.039913	0.42983	0.37098	0.24108	-0.0035505	0.1991	0.49724	0.45603	0.26872	0.32563	0.27841	0.51198	0.28228	0.42817	0.23709	0.11683	0.36963	0.42989	0.26292	0.084619	0.18449	0.034312	0.25558	0.31548	0.44125	0.37328	0.37244	0.20568	0.20936	0.30001	0.27173	0.20039	-0.0083551	0.21104	0.25971	0.072232	0.054321	0.46932	0.14811	0.35793	0.11647
0.25415	0.38865	0.088694	0.25751	0.3498	0.087147	0.075424	0.077563	0.25587	0.35945	1	0.11767	0.15379	0.19461	0.24913	0.20482	0.37113	0.32777	0.12833	0.23517	0.15284	0.33873	0.26836	0.24722	0.38922	0.095519	0.43221	0.075623	0.19514	0.41088	0.28645	0.27873	0.073	0.29072	0.29058	0.19505	0.26915	0.4022	0.21449	0.15357	0.32298	0.17051	0.12682	0.08694	0.039726	0.21938	0.11432	0.14574	0.34682	0.32495	0.16133	0.056738	0.19493	0.3286	0.17204	0.27655	0.28094	0.18286	0.41126	0.39425	0.39069	0.30092	0.45459	0.3195	0.22005	0.30154	0.27861	0.41425	0.31771	0.35303	0.26821	0.26711	0.45149	0.34135	0.20042	0.2319	0.14735	0.35531	0.14448	0.14414	0.1756	0.060585	0.25876	0.32014	0.15037	0.072301	0.38806	0.2652	0.32617	0.32054	0.17411	0.37472	0.17489	0.19309	0.19983	0.14656	0.013602	0.28117	0.1203	0.19984	0.23221	-6.1018e-005	0.3318	0.043007	0.16188	0.29199	0.32468	0.14654	0.018708	0.21638	0.36624	0.42751	0.30266	0.32478	0.37538	0.39011	0.20148	0.47539	0.27811	0.22208	0.34227	0.37231	0.23454	0.11519	0.0983	0.05422	0.3144	0.32394	0.37629	0.37554	0.25417	0.13718	0.19084	0.25036	0.29974	0.10935	-0.012006	0.2674	0.23587	0.18282	0.20498	0.43273	0.198	0.30538	0.13543
0.16951	0.041384	-0.044055	0.12328	0.14148	-0.015165	0.080734	0.58497	0.13011	-0.014465	0.11767	1	-0.0032254	0.14609	0.11931	0.20293	0.08434	0.00094984	0.10875	0.16113	0.14864	0.034516	0.064444	0.053115	0.057241	-0.010104	0.081469	0.083278	0.11187	0.13108	0.10972	0.040542	0.077707	0.099246	0.09829	0.16089	0.20365	0.080005	0.04397	0.048366	-0.0088256	0.0063798	-0.041448	0.034775	0.035367	0.095319	0.078769	0.091395	0.054028	0.032967	0.15889	0.053492	0.087789	4.721e-005	0.10713	0.11303	0.13662	-0.00066796	0.046723	0.0098616	0.094099	0.1144	0.10383	0.012104	-0.032602	0.068076	0.13491	0.10609	0.20164	0.11514	0.071344	0.071211	0.041974	0.0047401	0.038546	0.097996	0.14536	0.070325	0.023363	0.074806	0.0091816	0.099638	0.079485	0.21158	0.084249	0.13652	0.070882	0.037147	0.14481	0.17991	-0.033033	0.00049904	0.11677	0.084644	0.15314	0.057811	-0.0031448	0.3415	0.13836	0.078276	0.1058	-0.03221	0.057477	0.12963	-0.010315	0.041582	0.17523	0.043481	-0.0066868	0.018301	0.077649	0.11927	0.16272	0.1377	0.095664	0.10715	0.11298	0.037252	0.00061531	0.21789	0.0046022	0.1645	0.045955	0.075274	0.044906	0.0058924	0.13408	0.16314	0.11939	0.041894	-0.0066244	0.024351	-0.10044	0.033824	0.021105	0.023311	0.1175	0.076938	0.0779	0.13908	0.10199	0.11026	0.29206	0.076901	0.072981
0.084513	0.19273	0.10828	0.060858	0.21496	0.079349	0.070495	-0.04601	0.16569	0.19206	0.15379	-0.0032254	1	0.19186	0.1733	0.051551	0.17527	0.19457	0.034336	0.050629	0.081321	0.1822	0.055355	0.096208	0.22356	-0.041556	0.26333	0.036967	0.037424	0.24087	0.1597	0.14207	0.083716	0.19	0.12984	0.13518	0.14607	0.17933	0.17146	0.19273	0.21719	0.25752	0.036853	0.11802	0.002148	0.083519	0.058762	0.13212	0.23127	0.2013	0.068381	-0.044286	0.18031	0.169	0.16145	0.17729	0.12976	0.14986	0.23298	0.26876	0.12206	0.1513	0.22695	0.21288	0.22014	0.086017	0.19438	0.22479	0.14114	0.16784	0.09708	0.12976	0.23223	0.15204	0.029818	0.18684	0.078533	0.13626	0.096186	0.1472	0.15932	0.049181	0.043405	0.17177	0.11482	0.12324	0.10331	0.26315	0.21325	0.16443	0.15175	0.14396	0.072292	0.12294	-0.0080685	0.070289	0.14558	0.21293	0.070952	0.0055568	0.081361	0.0024009	0.21778	-0.095318	0.064694	0.21357	0.14835	0.039177	-0.017649	0.063704	0.20507	0.14652	0.21456	0.13118	0.14116	0.2374	0.1338	0.21712	0.013677	0.14513	0.15277	0.16593	0.24273	0.16514	0.043384	0.17374	0.15737	0.16346	0.16988	0.23412	0.13987	0.094418	0.15152	0.20867	0.13167	0.17094	0.055946	0.1961	0.20936	0.10789	0.08063	0.27271	0.094441	0.15159	0.091035
0.10493	0.17935	-0.088543	0.13793	0.20307	-0.095008	0.082393	0.10652	0.017496	0.22164	0.19461	0.14609	0.19186	1	0.16382	0.07635	0.13206	0.19303	0.11575	0.11028	0.13985	0.087703	0.12176	0.12677	0.19062	0.085514	0.14613	0.060919	0.047334	0.20204	0.083894	0.068032	-0.020273	0.093339	0.081386	0.23298	0.097604	0.16133	0.01387	0.13384	0.093514	0.19605	0.022508	0.050737	0.087223	0.042139	0.051366	0.051127	0.098398	0.21321	0.062883	-0.024283	0.043964	0.18911	0.0040683	0.22335	0.16562	0.035601	0.10876	0.084922	0.1213	0.12761	0.20037	0.14153	0.080991	0.1195	0.15032	0.15597	0.20826	0.20666	0.13842	0.020928	0.12834	0.136	0.17404	0.21563	0.080915	0.17691	0.019947	0.10253	0.085865	0.056612	0.10996	0.17445	0.17189	0.051576	0.12272	0.2508	0.14951	0.15791	0.20283	0.11522	0.16053	0.11219	0.012177	0.046935	0.016733	0.10836	0.016846	0.10053	0.047672	0.017967	0.19966	0.0070343	0.091548	0.18153	0.19439	0.067575	-0.00029973	0.090834	0.15407	0.12465	0.13789	0.032535	0.0882	0.18664	0.12849	0.10669	0.071553	0.096564	0.08836	0.11305	0.085894	0.041523	0.038056	0.086618	0.047863	0.18012	0.21306	0.12602	0.017998	0.065204	0.10389	0.091821	0.11439	0.13298	0.052756	0.087257	0.1326	0.19644	0.081299	0.16579	0.086496	0.098848	0.14015
0.20774	0.26878	0.10065	0.16129	0.19458	0.12572	0.089716	0.08005	0.15309	0.17805	0.24913	0.11931	0.1733	0.16382	1	0.092221	0.19334	0.29738	0.0462	0.16356	0.19655	0.28008	0.14566	0.13953	0.21786	0.11942	0.2437	0.18714	0.22186	0.24962	0.26613	0.17443	0.07994	0.35126	0.13352	0.12025	0.26364	0.21236	0.098505	0.19171	0.23357	0.13573	0.14901	0.18794	0.15806	0.13027	0.05727	0.14081	0.23518	0.21689	0.15559	-0.051849	0.10517	0.19549	0.26539	0.12196	0.19291	0.18507	0.18667	0.21489	0.23847	0.39897	0.33241	0.32356	0.18772	0.26314	0.23601	0.25731	0.096448	0.20619	0.17303	0.13447	0.24332	0.23511	0.063437	0.23406	0.11896	0.15665	0.056205	0.08478	0.27663	0.086154	0.19497	0.24117	0.015808	0.1967	0.15796	0.14818	0.24172	0.28943	0.04724	0.14483	0.19107	0.18769	0.052639	0.094675	0.09245	0.28716	0.12668	0.099784	0.16512	-0.049875	0.18061	0.074143	0.1434	0.1719	0.20574	0.19508	-0.03518	0.16523	0.24298	0.25898	0.18023	0.25911	0.1859	0.22648	0.14421	0.24052	0.11693	0.22798	0.28353	0.22167	0.31134	0.19055	0.098678	0.056636	0.26182	0.19268	0.22352	0.19886	0.1711	0.19473	0.33343	0.16686	0.22741	0.16029	0.07134	0.19509	0.30346	0.24082	0.22904	0.30008	0.19718	0.18251	0.14639
0.18681	0.070991	-0.035929	0.11572	0.22249	0.042631	0.20807	0.32652	-0.011121	0.12341	0.20482	0.20293	0.051551	0.07635	0.092221	1	0.20902	0.14282	0.17295	0.3385	0.10088	0.080878	0.14813	0.14761	0.065736	0.15022	0.13563	0.20695	0.067279	0.12678	0.10515	0.049735	0.087503	0.083984	0.025924	0.13759	0.074825	0.079827	0.11985	0.14304	0.07972	-0.042343	0.11663	0.093285	0.20775	0.013966	0.031214	0.10064	0.24086	0.14425	0.23495	-0.0023289	0.056242	0.050901	0.087867	0.097958	0.18645	0.023695	0.1046	0.1338	0.0059249	0.054231	0.12347	0.1147	0.084632	0.16906	0.14505	0.038729	0.16241	0.20017	-0.0020459	-0.00018794	0.16677	0.024106	0.054881	0.14393	0.041723	0.17752	-0.026013	0.072895	0.11161	0.13066	0.28648	0.15832	0.21749	-0.030228	0.016006	0.15012	0.19451	0.084476	0.070099	0.084611	0.18269	0.18302	0.37683	0.19709	0.010233	0.1661	0.22924	0.14647	0.02804	0.17768	0.10089	0.22556	0.26171	0.11358	0.15974	0.005261	-0.047814	-0.0014458	0.093124	0.090423	0.11403	0.13211	0.17706	0.072026	0.13086	0.15175	0.097214	0.18826	0.052682	0.23203	-0.013163	0.22946	0.28731	0.10676	0.19716	0.10299	0.061158	0.068023	0.043915	-0.081772	-0.025124	0.083985	0.24559	0.098561	0.033265	0.062781	0.17952	0.11719	0.086976	0.17557	0.21528	0.18108	0.31927
0.25473	0.50546	0.15477	0.21504	0.46187	0.049368	0.098995	0.023746	0.27255	0.46936	0.37113	0.08434	0.17527	0.13206	0.19334	0.20902	1	0.26182	0.008914	0.13527	0.13909	0.38644	0.16864	0.13893	0.508	-0.052159	0.54347	0.014033	0.13498	0.39888	0.32329	0.19733	0.068416	0.30179	0.40339	0.24454	0.28381	0.53184	0.20214	0.169	0.38583	0.21961	0.18642	0.061627	0.099682	0.14758	0.17156	0.19304	0.39272	0.36046	0.17534	0.027332	0.09299	0.25447	0.11994	0.32153	0.36862	0.17762	0.46525	0.57267	0.53668	0.31146	0.54095	0.4647	0.1228	0.42215	0.27102	0.5215	0.31843	0.38315	0.27523	0.29321	0.55156	0.26505	0.14921	0.17647	0.24083	0.3672	0.25705	0.088085	0.067728	-0.00093163	0.20406	0.34224	0.0825	0.13058	0.55563	0.41931	0.39397	0.37173	0.13545	0.55088	0.15161	0.16319	0.10616	0.12342	0.011356	0.33854	0.27528	0.21834	0.16454	0.10128	0.44866	-0.032797	0.029755	0.32755	0.43231	0.22845	0.007644	0.36587	0.52809	0.46082	0.27726	0.30637	0.26712	0.48024	0.30484	0.49449	0.27427	0.19304	0.35278	0.47098	0.29366	0.20491	0.2437	0.01827	0.39847	0.34838	0.42746	0.43379	0.36605	0.086301	0.073084	0.2354	0.32769	0.28747	0.007982	0.19657	0.34757	0.038194	0.18747	0.55003	0.28429	0.36026	0.23082
0.15678	0.3851	0.065509	0.16547	0.36311	0.13536	0.083846	-0.0086988	0.33465	0.30882	0.32777	0.00094984	0.19457	0.19303	0.29738	0.14282	0.26182	1	0.14997	0.064138	0.1051	0.23763	0.25962	0.083498	0.3135	0.094973	0.38655	0.071499	0.22828	0.3548	0.29046	0.26247	0.18175	0.27301	0.22776	0.20081	0.27898	0.27369	0.081976	0.25952	0.31743	0.18717	0.21853	0.090799	0.1806	0.15004	0.11418	0.023974	0.33515	0.30129	0.099619	0.074621	0.065334	0.22334	0.15308	0.21125	0.15041	0.13467	0.29539	0.35594	0.32801	0.37048	0.41366	0.26364	0.15021	0.25353	0.31492	0.33594	0.26858	0.32331	0.29915	0.31806	0.39186	0.16717	0.14543	0.24096	0.18545	0.1984	0.065633	0.076591	0.23792	0.088953	0.27768	0.26277	0.047983	0.053897	0.17865	0.31124	0.29681	0.28717	0.10764	0.23317	0.14287	0.21441	0.14585	0.16366	0.12168	0.22987	0.11348	0.12009	0.30466	-0.010684	0.23431	0.061651	0.012902	0.16186	0.36514	0.16805	0.12805	0.1406	0.29617	0.40933	0.42292	0.44302	0.31609	0.40297	0.45552	0.36728	0.31435	0.17639	0.29291	0.26524	0.19447	0.24602	0.10725	0.064925	0.19404	0.35334	0.28629	0.24728	0.29549	0.31401	0.13899	0.19337	0.22235	0.1332	0.016755	0.13509	0.27928	0.11763	0.21051	0.37037	0.19884	0.18559	0.084797
0.13877	0.0066829	0.069394	0.056095	0.18012	0.0638	0.070479	0.20722	0.085712	-0.0023532	0.12833	0.10875	0.034336	0.11575	0.0462	0.17295	0.008914	0.14997	1	0.17036	0.1631	-0.012768	0.087621	0.17652	0.018608	0.080814	0.10611	0.099685	0.085781	0.12352	0.13061	-0.013288	0.10146	0.0058674	0.094825	0.038863	0.062311	0.02117	0.02148	0.031762	-0.0027119	0.018271	0.123	0.11374	0.23608	0.1676	-0.0035824	0.087475	0.16699	0.1764	0.071779	0.14674	0.060183	0.19151	-0.0025541	0.074508	0.14075	0.04679	0.10792	0.060763	0.012939	0.2011	0.069778	0.027222	0.090485	0.019104	0.027807	-0.058407	0.21598	0.17702	0.057111	0.036467	0.099461	0.022355	0.11985	0.081705	-0.02986	0.033602	-0.04913	0.051984	0.16986	0.10108	0.19489	0.05382	-0.023504	0.011124	0.098549	0.049479	0.04715	0.096774	0.10561	-0.033152	0.073899	0.14184	0.16678	0.050222	-0.0052349	0.18027	0.062064	-0.013539	0.054856	0.16185	0.039647	0.08861	0.098573	-0.068248	0.14457	0.046543	0.18348	0.062024	0.025972	0.070702	0.161	0.099755	0.10353	0.0070732	0.12301	0.061339	0.053291	0.033941	0.20346	0.11222	0.0077751	0.10659	0.1094	0.013875	0.15713	0.017138	0.10975	0.063513	0.072469	0.07868	0.05466	0.1155	0.13107	0.12086	-0.019672	0.090072	0.030656	-0.036718	0.022428	0.091166	0.081546	0.15887	0.16887
0.20052	-0.0056877	-0.011178	0.17286	0.08707	0.0012901	-0.038481	0.2867	-0.1012	0.044693	0.23517	0.16113	0.050629	0.11028	0.16356	0.3385	0.13527	0.064138	0.17036	1	0.062056	0.040058	0.14765	0.21853	0.0080221	0.10509	0.11859	0.18146	0.039327	0.13513	0.088499	0.13476	0.040983	0.15476	0.023027	0.097643	0.08519	0.12464	0.11255	0.17332	0.11856	0.053081	0.086571	0.036698	0.2136	0.042368	0.020281	0.060554	0.053833	0.043419	0.10793	-0.054828	0.12609	0.1535	0.047415	0.093054	0.21176	0.019702	0.050303	0.068293	-0.0041949	0.023018	0.095568	-0.0050395	0.065818	0.14194	0.095219	0.053336	0.10051	0.093003	-0.053351	-0.07303	0.095262	0.027196	0.090842	0.12928	-0.014538	0.067456	-0.032032	0.045855	0.19119	0.062553	0.097019	0.063494	0.11412	0.066295	0.043926	0.10459	0.12847	0.16503	0.088822	0.022081	0.28702	0.12125	0.24582	0.17346	0.0049129	0.13389	0.12255	0.16572	0.04047	0.066124	0.050069	0.072777	0.21963	0.0075014	0.033565	0.084185	0.04035	0.12664	0.085125	0.070051	0.090711	0.11704	0.090877	0.048915	-0.015622	0.11201	-0.0089969	0.14582	0.047835	0.10717	0.0082797	0.25159	0.17252	0.086516	0.065197	0.16679	0.092542	0.10203	0.0094147	-0.0331	0.15034	0.097661	0.15754	0.037191	0.056252	0.051346	0.16268	0.13045	0.10297	0.094543	0.16241	0.089294	0.29775
-0.00066812	0.065277	0.13458	0.034747	0.21311	-0.0022913	0.047745	0.11107	0.084531	0.0801	0.15284	0.14864	0.081321	0.13985	0.19655	0.10088	0.13909	0.1051	0.1631	0.062056	1	0.1538	-0.0089279	0.15678	0.11234	0.092699	0.025693	0.090749	-0.022134	0.055315	0.10144	0.12739	0.057376	0.15892	0.027445	0.062182	0.1625	0.082157	0.11311	0.17129	0.095295	0.058722	0.080917	-0.02154	0.087065	0.083115	0.052273	0.053834	0.0082424	0.089853	0.035147	0.062931	0.0096759	0.20472	0.10842	0.12703	0.12611	0.095471	0.1567	0.092901	0.06338	0.099184	0.23488	0.13688	0.029985	-0.030624	0.1204	0.032425	0.097457	0.069323	0.0075635	-0.017405	0.069629	0.19604	0.04641	0.05541	0.13576	0.14077	0.010931	0.10083	0.13171	0.037549	-0.042439	0.076811	0.077307	0.15633	0.067624	0.089828	0.017772	0.16623	0.036033	0.062517	0.054848	0.077435	0.054556	0.20369	-0.057887	0.18689	0.060653	0.22704	0.13125	-0.032624	0.089501	0.10475	0.11094	0.047129	0.12263	0.15302	0.082906	0.091185	0.028927	0.02314	0.068824	0.074061	0.15941	0.099314	0.071441	0.08663	0.026275	0.12208	0.16902	0.072404	0.11339	0.1914	0.042461	0.049883	0.19635	0.10594	0.18993	0.051857	0.045937	0.081278	0.096783	0.063158	0.091045	0.12346	-0.0077905	0.094964	0.051164	0.20421	0.14239	0.13772	0.1395	-0.077679	0.12286
0.18588	0.3699	0.1188	0.11704	0.3301	0.05324	-0.052815	0.0052672	0.21875	0.35668	0.33873	0.034516	0.1822	0.087703	0.28008	0.080878	0.38644	0.23763	-0.012768	0.040058	0.1538	1	0.18009	0.14089	0.37735	-0.053713	0.40816	0.12397	0.23745	0.394	0.31384	0.24607	0.04727	0.30262	0.30594	0.12451	0.29041	0.36251	0.29297	0.33375	0.35263	0.2123	0.28252	0.071915	0.039989	0.07851	0.17503	0.20665	0.33433	0.32021	0.12246	0.062667	0.099536	0.16164	0.29415	0.23616	0.19732	0.25064	0.45686	0.34079	0.40689	0.24356	0.36504	0.52254	0.20016	0.34854	0.17976	0.36884	0.24812	0.27033	0.19725	0.19644	0.38052	0.30613	0.15554	0.23456	0.072983	0.26305	0.16489	0.19238	0.19793	-0.008117	0.2237	0.33605	0.048415	0.22869	0.37319	0.36918	0.20126	0.44151	0.23511	0.33175	0.19069	0.099505	-0.084614	-0.012865	0.1164	0.34735	0.13813	0.096556	0.23589	-0.088218	0.27514	-0.05355	0.033136	0.38775	0.33328	0.18226	-0.0053498	0.20253	0.36355	0.39546	0.26819	0.30163	0.29823	0.39774	0.26596	0.41881	0.18646	0.16759	0.29545	0.30382	0.25558	0.092864	0.066707	0.22082	0.25193	0.28373	0.3653	0.35398	0.20744	0.16772	0.29733	0.26057	0.21881	0.17835	-0.098354	0.30447	0.28689	0.18838	0.19225	0.43629	0.14387	0.25221	0.065105
0.19498	0.19224	0.10392	0.16229	0.13776	0.015211	0.0015593	0.050693	0.15897	0.15889	0.26836	0.064444	0.055355	0.12176	0.14566	0.14813	0.16864	0.25962	0.087621	0.14765	-0.0089279	0.18009	1	0.12386	0.17896	0.044076	0.23732	0.057696	0.028315	0.24844	0.19823	0.08277	0.12388	0.14864	0.091904	0.016686	0.15843	0.17627	0.081333	0.059362	0.13364	0.14316	0.14511	0.027933	-0.023847	0.034533	0.028165	-0.0059381	0.17102	0.23579	0.026775	0.036703	-0.021379	0.15388	0.051097	0.26428	0.28225	0.011568	0.15978	0.18643	0.26651	0.21514	0.10178	0.13878	0.10909	0.20228	0.13784	0.1831	0.20085	0.14332	0.082566	0.15457	0.24409	0.25085	0.16039	0.39375	0.046195	0.095508	0.026024	0.041842	0.30566	0.032026	0.25511	0.1236	0.049031	-0.039585	0.18575	0.13692	0.13845	0.1901	0.059025	0.10823	0.017115	0.12073	0.11567	0.042503	0.019514	0.062985	0.13815	0.088471	0.19335	0.025276	0.11085	-0.076644	0.0025666	0.16168	0.18036	0.13477	0.10166	0.072874	0.16891	0.28032	0.34713	0.38891	0.21091	0.25506	0.2715	0.23449	0.18246	0.089283	0.15148	0.18234	0.11235	0.040036	0.051718	-0.0051969	0.14626	0.21156	0.1398	0.23577	0.099956	0.21538	0.033081	-0.0033989	0.17263	0.10818	0.0089435	-0.025034	0.17483	0.11856	0.16878	0.21766	0.024898	0.095506	-0.035863
0.11747	0.15133	0.069524	0.27565	0.20605	0.048648	0.22039	0.042065	0.065231	0.13351	0.24722	0.053115	0.096208	0.12677	0.13953	0.14761	0.13893	0.083498	0.17652	0.21853	0.15678	0.14089	0.12386	1	0.1506	0.16443	0.21028	0.11502	0.054845	0.20905	0.099635	0.0099367	0.12699	0.052227	0.32584	0.047511	0.10936	0.23989	0.059012	0.11393	0.15255	0.027555	0.095438	0.2619	0.13983	0.12124	0.093216	0.15511	0.22055	0.22234	0.068071	0.025283	0.092661	0.39984	0.058134	0.13805	0.18597	0.052549	0.13558	0.18378	0.15193	0.15249	0.19151	0.12874	0.062082	0.14335	0.10437	0.15152	0.10622	0.14192	0.0021136	0.050876	0.29261	0.26965	0.22364	-0.016674	0.11027	0.2082	-0.01544	0.068407	0.10825	0.086598	0.17474	0.13532	0.16373	0.09668	0.20154	0.20072	0.26099	0.16058	0.22817	0.116	0.094929	0.19843	0.25867	0.17484	-0.023663	0.1758	0.1039	0.16003	0.087907	0.14295	0.1527	0.15883	0.15619	0.12197	0.22173	0.10386	0.0014666	0.081215	0.14845	0.18497	0.21083	0.055643	0.14137	0.16683	-0.0072607	0.25246	0.058921	0.18917	0.26696	0.26847	0.094018	0.13024	0.092563	0.078768	0.21061	0.10785	0.26988	0.18274	0.13031	0.10436	0.030465	0.080945	0.2772	0.087339	-0.047858	0.15526	0.1645	0.095942	0.087542	0.26629	0.18714	0.30449	0.12873
0.081353	0.80759	0.023676	0.23641	0.45328	0.10905	0.018269	-0.017686	0.32143	0.52268	0.38922	0.057241	0.22356	0.19062	0.21786	0.065736	0.508	0.3135	0.018608	0.0080221	0.11234	0.37735	0.17896	0.1506	1	-0.10175	0.68902	0.02789	0.16848	0.59654	0.38262	0.18131	0.016243	0.29074	0.34744	0.25163	0.31324	0.52478	0.19494	0.10643	0.46067	0.3613	0.10573	0.044529	-0.078563	0.13429	0.18322	0.22698	0.38502	0.39234	0.20379	0.078965	0.10519	0.32304	0.15897	0.33909	0.18462	0.10638	0.52898	0.55152	0.62822	0.33862	0.577	0.48653	0.21022	0.52933	0.28818	0.63537	0.27843	0.35406	0.29699	0.31838	0.62684	0.33724	0.22566	0.10394	0.10243	0.3086	0.2434	0.19921	0.12176	-0.072437	0.19433	0.51049	-0.053544	0.12382	0.50557	0.41091	0.34292	0.3163	0.20808	0.53043	0.15397	0.25286	0.003107	0.0084736	0.0021368	0.24367	0.13128	0.14771	0.15378	0.016901	0.4919	0.035276	-0.071276	0.44857	0.49734	0.21498	-0.032196	0.32991	0.54041	0.6479	0.40012	0.39395	0.30944	0.59557	0.31671	0.6814	0.33514	0.22587	0.45261	0.53253	0.36243	0.01781	0.12514	0.058631	0.24366	0.46465	0.43294	0.56072	0.47354	0.24285	0.19806	0.25518	0.20492	0.21853	-0.064803	0.14281	0.31046	0.01449	0.1745	0.68296	0.18335	0.34816	0.03276
0.024318	-0.033632	-0.041046	0.1024	0.071352	-0.019995	0.18119	0.07043	-0.048104	-0.005257	0.095519	-0.010104	-0.041556	0.085514	0.11942	0.15022	-0.052159	0.094973	0.080814	0.10509	0.092699	-0.053713	0.044076	0.16443	-0.10175	1	-0.058587	0.031988	0.0004615	-0.0049054	0.080943	-0.040275	0.051881	0.00461	0.029176	-0.028889	-0.0045871	-0.03597	0.017466	0.058045	-0.014226	-0.096041	0.12603	0.19149	0.21622	-0.015528	-0.042988	0.07093	0.004816	-0.029863	0.055164	-0.023887	0.033421	-0.017382	-0.095035	-0.095266	0.14428	0.050816	-0.1089	-0.018183	-0.12304	0.14704	-0.014399	0.0475	-0.025203	-0.04742	0.14127	-0.059944	0.08812	0.037766	0.068611	0.010962	0.030783	0.0358	-3.4681e-005	0.060984	0.018577	0.025409	0.01662	0.013936	0.11513	0.10729	0.12794	0.046199	0.19445	0.11734	-0.051483	-0.0053781	0.050168	-0.063452	-0.071945	-0.14437	-0.021675	0.15072	0.31248	0.1867	0.072138	-0.015084	-0.054334	0.020703	0.07466	0.065554	-0.040066	0.23529	0.24654	0.04266	-0.00012988	0.078092	0.067133	-0.08292	-0.069716	0.017816	0.049561	-0.0048996	0.073374	-0.055027	-0.011661	-0.019276	0.052773	0.024755	-0.020961	0.019838	-0.0082831	0.1118	0.096002	-0.050119	0.0048122	0.020792	0.048539	0.0050882	-0.098972	0.11491	-0.00027607	0.037681	0.084957	-0.063787	-0.0060519	0.089894	0.030503	0.11187	0.043634	-0.071431	0.086475	0.11094	0.1097
0.24765	0.6748	0.041977	0.23743	0.48764	0.12139	0.089674	0.032922	0.33628	0.499	0.43221	0.081469	0.26333	0.14613	0.2437	0.13563	0.54347	0.38655	0.10611	0.11859	0.025693	0.40816	0.23732	0.21028	0.68902	-0.058587	1	0.09519	0.26103	0.69674	0.38191	0.14379	0.073278	0.29502	0.43632	0.17609	0.29123	0.6055	0.23606	0.17714	0.48281	0.28958	0.14877	0.14061	0.033811	0.083018	0.16561	0.2345	0.47308	0.4344	0.22041	0.061001	0.043625	0.32084	0.14587	0.37786	0.24843	0.13044	0.53682	0.67119	0.61743	0.36859	0.59125	0.47497	0.27961	0.5335	0.34473	0.64816	0.33946	0.45483	0.3549	0.35998	0.82758	0.30451	0.27871	0.14849	0.15145	0.35041	0.15236	0.17178	0.14277	0.032413	0.2797	0.54499	0.038963	0.076243	0.54487	0.49256	0.38051	0.33488	0.18656	0.54946	0.15128	0.24133	0.026543	0.047136	0.04921	0.32051	0.24851	0.15815	0.26136	0.10415	0.4976	-0.051698	-0.018209	0.40278	0.55222	0.1961	0.036153	0.27412	0.5455	0.60346	0.45978	0.45009	0.39681	0.57692	0.35421	0.80797	0.33088	0.19519	0.47684	0.60082	0.37253	0.11585	0.13468	0.13933	0.29779	0.47073	0.47547	0.69186	0.53213	0.27166	0.14136	0.22407	0.32046	0.24175	0.011801	0.27851	0.33015	0.044927	0.19557	0.86124	0.1826	0.41854	0.13767
0.20663	0.066011	0.084996	0.086537	0.096094	0.05505	-0.009228	0.10512	-0.023995	0.01974	0.075623	0.083278	0.036967	0.060919	0.18714	0.20695	0.014033	0.071499	0.099685	0.18146	0.090749	0.12397	0.057696	0.11502	0.02789	0.031988	0.09519	1	0.25527	0.20634	0.015386	0.12709	-0.055358	0.13717	0.091452	-0.012423	0.088076	0.088881	0.19632	0.11876	0.14412	0.11319	0.14489	0.03271	0.085807	0.091636	0.18809	-0.062431	0.077843	0.066547	-0.018635	0.011562	0.13724	0.095499	0.06389	0.099895	0.092757	0.079042	0.0061847	0.0014404	0.11489	-0.00039655	0.17381	0.051675	-0.038427	0.077866	0.097316	0.085285	0.050497	0.032915	0.027001	0.02875	0.11438	0.19425	0.12048	0.093384	-0.0455	0.10212	-0.012221	0.13012	0.14581	0.090799	0.12221	0.11324	0.049077	0.10169	0.066605	0.036265	0.028258	0.15936	0.23739	0.11997	0.12821	-0.0075511	0.080413	0.18563	0.092188	0.053536	0.07456	0.05106	0.074984	0.034338	0.037736	0.14088	0.13035	0.096435	0.069415	0.076394	0.0032205	0.10948	0.0083289	0.10136	0.11966	0.074378	0.12943	0.06154	0.019944	0.10576	0.05323	0.2542	0.0875	0.050767	0.042725	0.17898	0.068045	0.13708	0.18054	0.15513	0.11079	0.11589	0.049962	0.028595	0.12411	-0.067889	0.096832	0.26861	0.027604	0.038413	0.10738	0.091375	0.0891	0.088502	0.1609	0.012875	0.10557
0.15469	0.19964	0.035129	0.081597	0.19189	0.087055	0.13732	0.073514	0.11279	0.13544	0.19514	0.11187	0.037424	0.047334	0.22186	0.067279	0.13498	0.22828	0.085781	0.039327	-0.022134	0.23745	0.028315	0.054845	0.16848	0.0004615	0.26103	0.25527	1	0.28937	0.20031	0.15739	0.030432	0.1631	0.097468	0.19076	0.23192	0.21234	0.14506	0.13351	0.22545	0.13057	0.10997	0.041067	0.033621	0.19106	0.064698	0.077218	0.17936	0.10204	0.14916	0.058572	0.1033	0.1019	0.17345	0.15156	0.14748	0.22465	0.23235	0.24955	0.26383	0.22261	0.25441	0.24113	0.167	0.21967	0.08004	0.24821	0.12697	0.16091	0.14202	0.12231	0.2271	0.10342	0.081156	0.1375	0.043842	0.16062	0.12682	0.042753	0.14313	0.032742	0.13423	0.17296	-0.024615	0.23287	0.14268	0.25129	0.21626	0.2072	-0.0038737	0.18646	-0.00033418	0.11593	0.059754	0.10429	0.14126	0.29236	0.11541	0.0386	-0.00292	0.040465	0.19293	0.070329	-0.074225	0.18102	0.28591	0.14367	-0.089461	0.12052	0.22656	0.21254	0.15561	0.243	0.12067	0.15707	0.12695	0.2206	0.16618	0.15761	0.24692	0.1624	0.22665	0.17607	0.042883	0.10874	0.083404	0.23857	0.17491	0.24707	0.17383	0.12533	-0.018604	0.17799	0.18603	0.054233	0.055971	0.16177	0.17243	0.058672	0.1254	0.21144	0.13795	0.18047	0.0092446
0.28088	0.58367	0.018105	0.29879	0.41531	0.058402	-0.013313	0.10211	0.33695	0.44388	0.41088	0.13108	0.24087	0.20204	0.24962	0.12678	0.39888	0.3548	0.12352	0.13513	0.055315	0.394	0.24844	0.20905	0.59654	-0.0049054	0.69674	0.20634	0.28937	1	0.37054	0.18764	0.076193	0.3348	0.36423	0.10186	0.28657	0.46922	0.29704	0.21573	0.42281	0.3978	0.15635	0.082422	-0.031246	0.17553	0.1759	0.24061	0.50901	0.48905	0.12979	0.02677	0.079702	0.30177	0.13019	0.36809	0.28942	0.19555	0.48025	0.51726	0.58779	0.37108	0.51958	0.50174	0.22555	0.48167	0.35522	0.58097	0.308	0.43041	0.29731	0.33504	0.69977	0.37724	0.29151	0.18221	0.075695	0.37625	0.16391	0.14976	0.19522	0.085467	0.37424	0.43662	0.056421	0.084761	0.40831	0.38523	0.29311	0.36011	0.27313	0.44116	0.17856	0.27681	0.04342	0.045059	0.1018	0.29554	0.22303	0.1562	0.24596	0.15711	0.43218	0.076014	0.019842	0.38347	0.52061	0.19921	0.044188	0.2773	0.42363	0.54478	0.41133	0.40108	0.32975	0.52317	0.3378	0.66363	0.24808	0.19998	0.40101	0.48731	0.38376	0.16836	0.17902	0.081935	0.27801	0.44827	0.37549	0.5788	0.37361	0.29484	0.27207	0.20393	0.24282	0.26055	-0.0053238	0.18137	0.34178	0.071702	0.19644	0.66903	0.16568	0.37004	0.15223
0.15077	0.30135	0.1518	0.1634	0.3445	0.050112	0.014199	-0.046693	0.3389	0.39304	0.28645	0.10972	0.1597	0.083894	0.26613	0.10515	0.32329	0.29046	0.13061	0.088499	0.10144	0.31384	0.19823	0.099635	0.38262	0.080943	0.38191	0.015386	0.20031	0.37054	1	0.17711	0.1011	0.30667	0.25604	0.24502	0.22556	0.31459	0.16824	0.13028	0.23916	0.12149	0.23532	0.10364	0.099965	0.20059	0.075349	0.17454	0.27857	0.25006	0.20223	0.12021	0.069573	0.1453	0.15598	0.24221	0.21276	0.23033	0.34873	0.37736	0.32416	0.41241	0.30991	0.30511	0.14684	0.25702	0.15795	0.3138	0.28969	0.26533	0.30062	0.31508	0.31334	0.27776	0.060999	0.17365	0.052113	0.25483	0.062077	0.072697	0.21623	-4.3623e-005	0.24029	0.29667	-0.050529	0.11297	0.29429	0.29997	0.1708	0.19395	0.11883	0.20847	0.049382	0.15627	0.17229	0.069837	0.061011	0.30936	0.07989	0.085297	0.29052	0.0018245	0.33045	0.034717	0.092696	0.33451	0.32796	0.23101	0.08016	0.19488	0.29487	0.34042	0.26232	0.2954	0.25746	0.34325	0.28615	0.33836	0.15291	0.2268	0.3836	0.3623	0.31006	0.10899	0.17177	0.1019	0.213	0.27425	0.26357	0.28964	0.31813	0.37423	0.14774	0.29548	0.16928	0.24274	-0.048071	0.21791	0.20247	-0.030769	0.2002	0.40035	0.1847	0.31227	0.020101
0.15613	0.19821	0.037045	0.078751	0.13416	0.12026	0.064405	-0.022602	0.14973	0.21494	0.27873	0.040542	0.14207	0.068032	0.17443	0.049735	0.19733	0.26247	-0.013288	0.13476	0.12739	0.24607	0.08277	0.0099367	0.18131	-0.040275	0.14379	0.12709	0.15739	0.18764	0.17711	1	0.077023	0.22526	0.064598	0.14167	0.26666	0.18792	0.14869	0.26852	0.16633	0.059016	0.20211	-0.057209	0.048002	0.17702	0.077462	-0.052431	0.18754	0.12125	0.052852	0.053773	0.068882	0.032201	0.0064594	0.21355	0.18713	0.23539	0.18092	0.15406	0.13282	0.19684	0.14086	0.12155	0.12922	0.084448	0.17214	0.13939	0.18083	0.10585	0.17533	0.12386	0.14383	0.26435	0.12952	0.23964	0.13318	0.087994	0.028054	0.14008	0.20513	0.073784	0.11842	0.073324	0.20029	0.16089	0.12691	0.11673	0.21175	0.22465	0.0018242	0.14779	0.23219	0.02514	0.0023703	0.10418	0.042278	0.14883	0.16381	0.075064	0.1619	-0.12826	0.045848	-0.038399	0.08456	0.11473	0.033002	0.20879	0.01656	0.094159	0.16827	0.18372	0.10265	0.17172	0.19876	0.13306	0.13209	0.14084	0.069959	0.20469	0.14053	0.049468	0.15066	0.16762	-0.030667	0.052951	0.1712	0.20297	0.11713	0.10253	0.042988	0.22375	0.16274	0.20408	0.13814	0.096796	-0.0055994	0.12344	0.17267	0.15906	0.23332	0.16599	0.12519	0.049015	0.10117
