1	0.52626	0.15683	0.15665	0.44863	0.49466	0.36158	0.51408	0.45653	0.4398	0.50738	0.48691	0.48875	0.50197	0.58402	0.40461	0.47116	0.38311	0.14935	0.55895	0.56181	0.47646	0.34381	0.57645	0.4384	0.32563	0.46969	0.41263	0.2269	0.66166	0.67512	0.65	0.5944	0.06194	0.5906	0.59454	0.5853	0.62445	0.58631	0.26268	0.56978	0.54618	0.16446	0.46332	0.55377	0.20384	0.14187	0.63194	0.67083	0.3434	0.64136	0.51259	0.47837	0.54034	0.44535	0.57239	0.40149	0.42352	0.4227	0.50195	0.39196	0.32004	0.67516	0.70313	0.48867	0.54917	0.64151	0.21943	0.58152	0.50978	0.34878	0.76067	0.37415	0.54531	0.67832	0.43853	0.55571	0.61726	0.65352	0.49619	0.31181	0.48714	0.6153	0.66727	0.56883	0.46729	0.4939	0.6059	0.28639	0.65414	0.45897	0.68298	0.69299	0.45363	0.3306	0.51208	0.5515	0.628	0.054585	0.34597	0.63719	0.57228	0.50967	0.39272	0.50526	0.39628	0.60225	0.47055	0.48259	0.61431	0.563	0.55641	0.58332	0.66855	0.71387	0.57909	0.51463	0.66405	0.3483	0.64302	0.41766	0.66405	0.42749	0.49216	0.55708	0.3832	0.54946	0.69882	-0.027441	0.63526	0.49382	0.55253	0.56906	0.50113	0.47349	0.64395	0.63879	0.55507	0.46733	0.48366	0.52608	0.51095	0.49592	0.5601	0.17253
0.52626	1	0.12464	0.18721	0.44953	0.46261	0.27397	0.52768	0.51098	0.37063	0.48379	0.46773	0.43472	0.3804	0.44754	0.33081	0.349	0.34662	0.11919	0.50775	0.47531	0.55392	0.31102	0.55984	0.45703	0.4151	0.49248	0.45258	0.27782	0.59899	0.55666	0.5654	0.51777	0.15463	0.58532	0.47189	0.50636	0.51692	0.53435	0.28138	0.47357	0.45582	0.16531	0.49668	0.4818	0.13503	0.10825	0.56759	0.61546	0.28618	0.51778	0.50907	0.54303	0.53087	0.38716	0.52825	0.33578	0.2866	0.40295	0.45394	0.30193	0.29113	0.48824	0.53125	0.44695	0.50098	0.57516	0.2497	0.52028	0.47054	0.30497	0.5474	0.43373	0.50659	0.59995	0.36239	0.4778	0.56346	0.54014	0.45774	0.27267	0.56759	0.65667	0.56312	0.52418	0.42083	0.50965	0.54334	0.30275	0.49859	0.37999	0.57912	0.59201	0.53166	0.31905	0.52006	0.54677	0.51441	0.10861	0.37062	0.53532	0.55341	0.41578	0.55111	0.46618	0.42265	0.52782	0.44835	0.42015	0.55798	0.4087	0.49693	0.59169	0.53059	0.59537	0.54668	0.47096	0.56778	0.36788	0.51594	0.37265	0.54437	0.32431	0.35184	0.49446	0.42355	0.54139	0.57451	0.11082	0.57117	0.3964	0.4745	0.58638	0.36679	0.45649	0.557	0.51921	0.5259	0.34991	0.45239	0.45072	0.42888	0.4665	0.50315	0.30609
0.15683	0.12464	1	0.16438	0.13876	0.15649	0.1977	0.16767	0.19415	0.18503	0.16153	0.13913	0.15646	0.091243	0.11185	0.10846	0.094503	0.22142	0.065974	0.13036	0.17956	0.14196	0.1894	0.13407	0.13988	0.094251	0.21311	0.19743	0.12495	0.18311	0.17709	0.17167	0.19384	0.064937	0.16012	0.12124	0.17719	0.25484	0.14687	0.13137	0.16889	0.11992	0.18905	0.17337	0.10367	0.12945	0.16178	0.20531	0.19581	0.15812	0.15455	0.26327	0.10037	0.19506	0.12909	0.19754	0.1949	0.13124	0.10882	0.17334	0.1396	0.18452	0.20321	0.15014	0.14615	0.11478	0.1465	0.083938	0.20784	0.15327	0.22419	0.12471	0.16506	0.16939	0.14045	0.14763	0.11325	0.21622	0.11316	0.15269	0.23226	0.18656	0.18037	0.12826	0.17921	0.19057	0.12655	0.17606	0.088809	0.20865	0.16402	0.1751	0.17241	0.089991	0.16235	0.092669	0.19915	0.20869	0.099377	0.2003	0.1693	0.16446	0.15945	0.17849	0.13798	0.19661	0.15025	0.11162	0.24341	0.18231	0.16629	0.23147	0.19572	0.19634	0.18615	0.1902	0.12393	0.18973	0.15106	0.17929	0.1862	0.18573	0.10806	0.15185	0.13804	0.12146	0.12618	0.1708	0.079322	0.15545	0.15018	0.10883	0.18101	0.11463	0.26674	0.14582	0.16601	0.17379	0.19448	0.16862	0.10873	0.1215	0.19974	0.1752	0.12116
0.15665	0.18721	0.16438	1	0.077128	0.29398	0.40891	0.20095	0.16635	0.18844	0.27276	0.2023	0.347	0.29587	0.23675	0.41938	0.14348	0.27957	0.027551	0.19603	0.26929	0.14225	0.42797	0.099257	0.16365	0.11346	0.22441	0.15659	0.28564	0.24624	0.19119	0.14227	0.15367	0.082301	0.1742	0.098476	0.26231	0.21211	0.18729	0.21057	0.26107	0.26933	0.57042	0.15085	0.19515	0.36095	0.38378	0.12815	0.24811	0.1928	0.18827	0.18235	0.26892	0.22438	0.18232	0.22312	0.51858	0.31346	0.26945	0.22299	0.33186	0.27337	0.16852	0.1279	0.39033	0.26676	0.23298	0.36388	0.24854	0.23606	0.29025	0.22113	0.27648	0.27369	0.11503	0.34957	0.16987	0.19914	0.29345	0.24872	0.40142	0.27459	0.20641	0.20146	0.19495	0.24932	0.18124	0.20888	0.15404	0.33202	0.36115	0.19944	0.07492	0.032468	0.49893	0.12902	0.30013	0.22876	0.14827	0.27714	0.18626	0.27688	0.18659	0.28969	0.2739	0.37906	0.23472	0.08945	0.32977	0.21848	0.26662	0.23687	0.19582	0.21595	0.23235	0.25831	0.23639	0.30422	0.42575	0.25075	0.21782	0.15499	0.29379	0.369	0.19965	-0.03396	0.11465	0.11916	0.17217	0.2258	0.33354	0.22219	0.27146	0.14981	0.25702	0.11015	0.21894	0.16828	0.37943	0.29577	0.28131	0.12693	0.33422	0.18372	0.44358
0.44863	0.44953	0.13876	0.077128	1	0.4281	0.12818	0.40481	0.29751	0.28976	0.30093	0.37176	0.35493	0.30839	0.47625	0.27172	0.42621	0.33763	0.083773	0.43122	0.44469	0.27445	0.20134	0.45639	0.30662	0.30865	0.30332	0.28049	0.1302	0.47852	0.42417	0.51848	0.42516	0.011772	0.42764	0.5553	0.40711	0.45429	0.44726	0.056529	0.38175	0.47655	0.096777	0.34426	0.44557	0.085557	0.0575	0.5087	0.51962	0.20822	0.45082	0.43874	0.39186	0.40775	0.36863	0.47241	0.19408	0.27418	0.39299	0.32907	0.2577	0.24822	0.46387	0.42552	0.36346	0.39736	0.4546	0.077659	0.36027	0.42666	0.19319	0.42037	0.29601	0.418	0.46721	0.38375	0.44709	0.40523	0.44154	0.32574	0.16405	0.46125	0.48301	0.45381	0.41434	0.40841	0.31361	0.44975	0.25214	0.41739	0.3167	0.51541	0.48433	0.28809	0.1402	0.47481	0.36055	0.36663	-0.0052809	0.22471	0.36599	0.38613	0.4245	0.33619	0.38873	0.36366	0.36277	0.44675	0.362	0.39457	0.43408	0.40731	0.40174	0.4635	0.53626	0.36896	0.3915	0.39303	0.21438	0.44116	0.3831	0.44567	0.26123	0.31196	0.33313	0.31018	0.39415	0.38097	-0.0024953	0.37646	0.36223	0.40623	0.44891	0.39989	0.38669	0.47136	0.3933	0.35436	0.29153	0.42222	0.39163	0.48543	0.38797	0.51757	0.040929
0.49466	0.46261	0.15649	0.29398	0.4281	1	0.39505	0.47661	0.37518	0.38023	0.49156	0.46259	0.47472	0.43773	0.46691	0.38869	0.59002	0.33687	0.16567	0.59765	0.73604	0.44713	0.37696	0.48789	0.3229	0.27029	0.42463	0.39235	0.42132	0.48271	0.45806	0.56476	0.48428	0.067558	0.50335	0.50469	0.49055	0.56834	0.59914	0.27033	0.43676	0.53402	0.26904	0.44115	0.60299	0.25039	0.22383	0.54553	0.67142	0.28082	0.4543	0.50688	0.62805	0.47227	0.34683	0.53806	0.38181	0.40847	0.51761	0.44915	0.45324	0.33585	0.42948	0.49024	0.7718	0.47612	0.52824	0.36977	0.48151	0.73894	0.39414	0.41262	0.42267	0.55607	0.5347	0.43299	0.55563	0.42179	0.56181	0.48548	0.36774	0.53966	0.58473	0.46734	0.49969	0.40645	0.47609	0.566	0.37565	0.59862	0.37525	0.57991	0.49117	0.40426	0.42013	0.47772	0.4587	0.5048	0.091974	0.36695	0.41789	0.40553	0.43638	0.39366	0.46972	0.47573	0.41415	0.4561	0.51978	0.5807	0.44578	0.43959	0.4546	0.56698	0.54926	0.44156	0.64151	0.50724	0.39061	0.47719	0.44301	0.50979	0.35664	0.41164	0.42201	0.31393	0.47144	0.47493	0.043133	0.47788	0.41822	0.62259	0.5758	0.50338	0.41866	0.50052	0.54051	0.47566	0.41023	0.52811	0.49395	0.4706	0.45656	0.52988	0.34651
0.36158	0.27397	0.1977	0.40891	0.12818	0.39505	1	0.30204	0.33031	0.32007	0.34259	0.34036	0.36372	0.32173	0.34214	0.42077	0.16445	0.42236	0.040651	0.33482	0.34265	0.36089	0.30228	0.30259	0.1755	0.25768	0.28465	0.32632	0.36794	0.37781	0.36304	0.37723	0.36092	0.1695	0.39255	0.29082	0.40288	0.41654	0.35039	0.33193	0.37063	0.2765	0.30362	0.3797	0.35723	0.33074	0.25583	0.3478	0.4062	0.19436	0.342	0.34097	0.36777	0.37364	0.21059	0.37359	0.49101	0.40984	0.23991	0.37383	0.37503	0.33543	0.36298	0.32374	0.42957	0.36213	0.42171	0.4011	0.4418	0.38497	0.35991	0.39266	0.39946	0.42703	0.33911	0.35941	0.34335	0.33123	0.36344	0.40793	0.38046	0.33021	0.37797	0.35655	0.41262	0.38788	0.30231	0.3592	0.28112	0.43863	0.39748	0.4048	0.28573	0.21896	0.46755	0.31173	0.43596	0.39087	0.12702	0.33173	0.33898	0.2678	0.26224	0.35919	0.35582	0.39595	0.33175	0.25884	0.40881	0.41629	0.42293	0.3813	0.29013	0.4325	0.39339	0.31797	0.43831	0.41963	0.46131	0.32851	0.22394	0.37466	0.3218	0.29793	0.43056	0.15742	0.36296	0.29198	0.16499	0.41625	0.34371	0.302	0.37152	0.2475	0.25789	0.29346	0.40446	0.33823	0.50328	0.37153	0.38143	0.18135	0.34669	0.36991	0.32167
0.51408	0.52768	0.16767	0.20095	0.40481	0.47661	0.30204	1	0.53511	0.38275	0.54545	0.59305	0.44357	0.47788	0.51812	0.3566	0.53014	0.32421	0.12462	0.51899	0.52182	0.53121	0.35587	0.54064	0.52803	0.40321	0.50833	0.47471	0.338	0.60513	0.52551	0.68327	0.59199	0.14011	0.58969	0.57388	0.51628	0.60148	0.5928	0.29313	0.54881	0.49269	0.19059	0.50091	0.42624	0.26843	0.16096	0.60738	0.61204	0.32319	0.59021	0.50202	0.52255	0.54901	0.58128	0.55603	0.3208	0.43235	0.47533	0.54749	0.36019	0.30713	0.59146	0.59719	0.51095	0.4511	0.59931	0.30261	0.59735	0.50727	0.32897	0.57356	0.44404	0.56407	0.64263	0.3618	0.43833	0.56223	0.60257	0.51312	0.28899	0.54667	0.71267	0.58854	0.59147	0.41141	0.59453	0.54531	0.23376	0.60956	0.45128	0.63682	0.62906	0.516	0.35905	0.53575	0.58518	0.63862	0.090724	0.43334	0.57271	0.55243	0.53279	0.52081	0.47864	0.43632	0.50181	0.56902	0.48943	0.59969	0.4819	0.46445	0.62462	0.6419	0.64226	0.50556	0.50503	0.60163	0.32378	0.55056	0.41757	0.62221	0.38677	0.41358	0.5627	0.42842	0.58141	0.57807	0.18171	0.57785	0.39868	0.47368	0.64889	0.37779	0.43933	0.64168	0.57142	0.60295	0.42706	0.36249	0.47068	0.43385	0.46876	0.5077	0.2796
0.45653	0.51098	0.19415	0.16635	0.29751	0.37518	0.33031	0.53511	1	0.35723	0.47178	0.41395	0.38285	0.30025	0.32802	0.31999	0.37117	0.30296	0.089306	0.46794	0.4291	0.71565	0.35102	0.68828	0.51939	0.35844	0.39293	0.38504	0.25092	0.54348	0.49141	0.57134	0.55805	0.16965	0.52866	0.48037	0.44843	0.42802	0.44313	0.26353	0.39321	0.37678	0.18537	0.41801	0.3951	0.19374	0.17489	0.46315	0.52369	0.23288	0.51969	0.50164	0.38545	0.43552	0.38661	0.39825	0.28289	0.35125	0.35792	0.41656	0.2732	0.31225	0.55878	0.48205	0.35726	0.40623	0.47773	0.30551	0.50434	0.36023	0.24048	0.51309	0.38369	0.45628	0.54761	0.23663	0.36936	0.48074	0.48453	0.46042	0.31021	0.52255	0.59229	0.51225	0.47455	0.37018	0.47705	0.45453	0.17684	0.50634	0.32398	0.56763	0.53172	0.47569	0.28523	0.45303	0.51377	0.4895	0.061211	0.31384	0.52657	0.49466	0.403	0.44544	0.34277	0.29291	0.46339	0.44928	0.4594	0.48473	0.38094	0.39943	0.51211	0.52841	0.52992	0.51148	0.4412	0.53929	0.34998	0.51983	0.31917	0.49575	0.26477	0.32443	0.50043	0.34174	0.47174	0.58541	0.045715	0.5207	0.33983	0.42046	0.50992	0.30539	0.3322	0.53825	0.53887	0.45775	0.39414	0.36784	0.37748	0.32703	0.37043	0.40564	0.3246
0.4398	0.37063	0.18503	0.18844	0.28976	0.38023	0.32007	0.38275	0.35723	1	0.3631	0.37293	0.4276	0.34539	0.4257	0.29573	0.36484	0.25324	0.13999	0.38672	0.39583	0.3483	0.27373	0.40265	0.28235	0.27779	0.39069	0.38557	0.23925	0.54816	0.51691	0.45884	0.39721	0.025307	0.44788	0.46533	0.493	0.47392	0.41629	0.25681	0.3957	0.3797	0.14935	0.31034	0.34364	0.2881	0.22473	0.41405	0.47426	0.16673	0.45799	0.3169	0.41154	0.40546	0.27834	0.42558	0.25805	0.31089	0.38165	0.39331	0.25947	0.292	0.505	0.44907	0.39661	0.39078	0.42542	0.29998	0.41473	0.45652	0.34948	0.53567	0.28676	0.41737	0.47606	0.36356	0.40147	0.50083	0.54228	0.41627	0.29174	0.39806	0.43894	0.45422	0.38911	0.42285	0.36635	0.40365	0.25506	0.55007	0.36188	0.51329	0.4588	0.32606	0.35148	0.36584	0.31826	0.47136	0.034429	0.31488	0.50195	0.49413	0.39457	0.30236	0.42621	0.36435	0.5481	0.23465	0.39563	0.37532	0.37697	0.46065	0.40414	0.47838	0.52206	0.50525	0.40495	0.51186	0.33028	0.50818	0.36037	0.47882	0.33895	0.32054	0.4144	0.26488	0.47072	0.4769	0.020886	0.4335	0.37793	0.37671	0.42133	0.3861	0.36777	0.47452	0.56397	0.39967	0.41332	0.42157	0.37306	0.38918	0.35773	0.42633	0.27006
0.50738	0.48379	0.16153	0.27276	0.30093	0.49156	0.34259	0.54545	0.47178	0.3631	1	0.44647	0.40994	0.44918	0.46254	0.37068	0.44882	0.37723	0.10031	0.5322	0.55022	0.58214	0.44723	0.55655	0.42297	0.41576	0.42997	0.49634	0.3994	0.5359	0.53587	0.60704	0.5531	0.13326	0.54229	0.43188	0.47715	0.63303	0.48681	0.27271	0.53597	0.36184	0.22362	0.48316	0.42602	0.33591	0.24909	0.5646	0.58768	0.35943	0.57834	0.51776	0.47601	0.51384	0.45845	0.57515	0.36013	0.39572	0.35882	0.54402	0.44882	0.37558	0.5192	0.55896	0.56096	0.49712	0.54451	0.35329	0.60366	0.56146	0.41472	0.49704	0.45607	0.50277	0.61437	0.41535	0.44784	0.5097	0.55221	0.56155	0.3714	0.62968	0.66535	0.55704	0.61161	0.42753	0.51102	0.50877	0.32794	0.64782	0.40652	0.6132	0.53464	0.47639	0.4199	0.47505	0.56226	0.62571	0.13764	0.44524	0.49808	0.51686	0.45274	0.46057	0.44162	0.41945	0.50751	0.50693	0.48298	0.52796	0.48724	0.43114	0.54387	0.57971	0.63723	0.51453	0.55089	0.54823	0.40987	0.54297	0.32542	0.58173	0.37572	0.43025	0.55356	0.33368	0.57918	0.51648	0.13977	0.56511	0.3585	0.4814	0.67681	0.35695	0.4353	0.56562	0.54157	0.55372	0.48574	0.44451	0.45536	0.4203	0.45956	0.44416	0.35547
0.48691	0.46773	0.13913	0.2023	0.37176	0.46259	0.34036	0.59305	0.41395	0.37293	0.44647	1	0.46708	0.40754	0.52792	0.3334	0.46089	0.35576	0.099648	0.46603	0.48165	0.46782	0.37075	0.54736	0.31525	0.26171	0.39987	0.44918	0.27583	0.52618	0.51022	0.55295	0.42816	0.033028	0.50648	0.47625	0.55519	0.57158	0.55333	0.20343	0.52885	0.47562	0.21644	0.41921	0.45988	0.23558	0.25178	0.59045	0.61347	0.34133	0.46073	0.47438	0.44674	0.41673	0.43676	0.47228	0.36467	0.41241	0.47957	0.46065	0.36008	0.30947	0.47743	0.5585	0.45626	0.43837	0.56525	0.30658	0.52747	0.45458	0.30888	0.52445	0.43184	0.45442	0.55126	0.38768	0.42173	0.48297	0.52469	0.41833	0.32885	0.4886	0.58804	0.5245	0.49426	0.39116	0.48211	0.43719	0.26256	0.5551	0.41125	0.55773	0.5455	0.35589	0.34967	0.46413	0.5332	0.56039	-0.0043807	0.37446	0.46974	0.44168	0.45091	0.38946	0.47754	0.43779	0.46135	0.44381	0.38723	0.54036	0.47342	0.47148	0.50155	0.57603	0.58561	0.42674	0.46234	0.55777	0.32519	0.50725	0.34275	0.58513	0.41785	0.40287	0.57555	0.3717	0.52187	0.47384	0.057079	0.53539	0.38499	0.52545	0.52804	0.37791	0.3986	0.58848	0.4666	0.45576	0.3359	0.45991	0.49617	0.44956	0.51611	0.48023	0.30473
0.48875	0.43472	0.15646	0.347	0.35493	0.47472	0.36372	0.44357	0.38285	0.4276	0.40994	0.46708	1	0.69356	0.56376	0.40428	0.45149	0.36311	0.16206	0.39176	0.49475	0.41111	0.3286	0.45824	0.32125	0.18367	0.36763	0.36402	0.24956	0.56752	0.53408	0.5218	0.45377	0.020437	0.43814	0.41567	0.49726	0.53884	0.43807	0.27537	0.5047	0.32853	0.2614	0.33966	0.37653	0.30824	0.24814	0.51047	0.4916	0.36032	0.5011	0.4168	0.41737	0.48393	0.29807	0.50619	0.40803	0.374	0.36371	0.45931	0.37054	0.31774	0.51552	0.48287	0.52211	0.48402	0.40072	0.28741	0.45437	0.46598	0.48012	0.51481	0.44343	0.51915	0.50324	0.59283	0.39176	0.48343	0.5223	0.39298	0.46984	0.45633	0.5255	0.459	0.52227	0.54222	0.34027	0.49267	0.26387	0.61332	0.67101	0.54791	0.49881	0.26871	0.43006	0.29869	0.48033	0.47737	0.035001	0.43186	0.46028	0.48271	0.41501	0.41838	0.73399	0.70573	0.54184	0.32426	0.41654	0.47825	0.66847	0.4417	0.42078	0.4835	0.57749	0.53459	0.38753	0.59023	0.34996	0.5139	0.33771	0.50918	0.58747	0.64921	0.44233	0.2353	0.44979	0.46066	0.024562	0.47259	0.66688	0.36627	0.53948	0.34393	0.46416	0.46951	0.46739	0.34336	0.50002	0.55996	0.63201	0.44368	0.52887	0.43407	0.29747
0.50197	0.3804	0.091243	0.29587	0.30839	0.43773	0.32173	0.47788	0.30025	0.34539	0.44918	0.40754	0.69356	1	0.55944	0.34925	0.39329	0.27821	0.12398	0.33633	0.41638	0.36084	0.35526	0.39781	0.29057	0.16421	0.39148	0.40582	0.20731	0.48637	0.44804	0.49658	0.43598	0.052778	0.45836	0.31563	0.39167	0.55434	0.37884	0.19394	0.43592	0.26761	0.26788	0.3738	0.29883	0.34376	0.25571	0.51152	0.44251	0.34719	0.47875	0.34089	0.32789	0.47161	0.33962	0.47922	0.37336	0.3764	0.29631	0.40757	0.36474	0.32706	0.44513	0.43881	0.47649	0.45929	0.40221	0.27619	0.43201	0.37797	0.47962	0.42627	0.45277	0.46405	0.41575	0.63165	0.31447	0.37806	0.4314	0.43059	0.40166	0.41425	0.50178	0.43945	0.49614	0.43623	0.34955	0.46875	0.26994	0.53207	0.73591	0.49723	0.42373	0.24689	0.41197	0.31807	0.41864	0.40344	0.03447	0.40034	0.42221	0.46289	0.32819	0.43725	0.726	0.73028	0.44939	0.35798	0.47808	0.4383	0.6974	0.39391	0.39732	0.4431	0.47841	0.40446	0.34763	0.52388	0.35293	0.45819	0.35364	0.45063	0.61539	0.63308	0.4104	0.20863	0.36477	0.36877	0.046542	0.46759	0.66995	0.34583	0.49688	0.24534	0.40886	0.39821	0.42551	0.38602	0.49011	0.44477	0.62553	0.40323	0.41848	0.37475	0.23235
0.58402	0.44754	0.11185	0.23675	0.47625	0.46691	0.34214	0.51812	0.32802	0.4257	0.46254	0.52792	0.56376	0.55944	1	0.37529	0.53079	0.35691	0.17034	0.50984	0.51765	0.40889	0.27249	0.53637	0.35807	0.20379	0.38923	0.43171	0.16704	0.67721	0.64138	0.60467	0.51907	0.031988	0.48835	0.55383	0.5157	0.59893	0.53	0.17211	0.51519	0.44136	0.20701	0.40941	0.48748	0.24018	0.20118	0.62035	0.60728	0.31049	0.5839	0.43503	0.46967	0.5015	0.35595	0.61255	0.32954	0.47764	0.47079	0.48748	0.38423	0.2873	0.63343	0.57512	0.4901	0.48701	0.57956	0.21647	0.47476	0.51328	0.32751	0.55553	0.37039	0.50317	0.63404	0.56514	0.51771	0.60293	0.63564	0.38693	0.26729	0.45869	0.5579	0.59904	0.49815	0.39316	0.44072	0.54522	0.28453	0.66156	0.55431	0.62279	0.61378	0.33287	0.37773	0.42681	0.53772	0.54205	0.00094497	0.38462	0.5501	0.59642	0.50644	0.37109	0.60839	0.50065	0.61494	0.42905	0.45012	0.50507	0.63023	0.4813	0.50858	0.62962	0.60494	0.56439	0.48815	0.67727	0.32117	0.66693	0.44846	0.58522	0.52484	0.53965	0.50265	0.38031	0.45713	0.59936	-0.068162	0.54862	0.56353	0.45943	0.51642	0.44754	0.47875	0.64834	0.5495	0.50742	0.45434	0.50609	0.50385	0.55506	0.51321	0.54531	0.12514
0.40461	0.33081	0.10846	0.41938	0.27172	0.38869	0.42077	0.3566	0.31999	0.29573	0.37068	0.3334	0.40428	0.34925	0.37529	1	0.27673	0.36144	0.087701	0.35336	0.42708	0.28432	0.32588	0.27897	0.28877	0.25895	0.28594	0.31123	0.26998	0.38762	0.36238	0.37725	0.36211	0.054641	0.39299	0.30662	0.34857	0.39148	0.42227	0.23302	0.3628	0.34764	0.32869	0.29627	0.30805	0.34098	0.27775	0.37767	0.4635	0.18528	0.3258	0.35783	0.41775	0.35718	0.28659	0.34746	0.4843	0.44944	0.33946	0.28631	0.36941	0.40033	0.37264	0.37881	0.45324	0.42337	0.37573	0.38435	0.37752	0.38245	0.2973	0.414	0.34792	0.3881	0.35691	0.41836	0.3598	0.32449	0.43176	0.32422	0.30765	0.36379	0.39791	0.35182	0.41588	0.3931	0.32549	0.42864	0.25516	0.46712	0.45198	0.40139	0.32469	0.16509	0.37672	0.31282	0.32977	0.38663	0.090218	0.30166	0.32781	0.33893	0.31959	0.44853	0.44789	0.39641	0.28363	0.31459	0.31443	0.37814	0.37614	0.32103	0.31899	0.41216	0.43298	0.26997	0.36062	0.41681	0.54846	0.3494	0.34795	0.36256	0.29987	0.39167	0.34111	0.13959	0.32499	0.34453	0.041982	0.35228	0.34867	0.36765	0.41968	0.23283	0.27926	0.30568	0.39351	0.39508	0.49683	0.41543	0.33597	0.29003	0.39957	0.42307	0.33082
0.47116	0.349	0.094503	0.14348	0.42621	0.59002	0.16445	0.53014	0.37117	0.36484	0.44882	0.46089	0.45149	0.39329	0.53079	0.27673	1	0.2929	0.20296	0.58299	0.67136	0.40892	0.26903	0.49737	0.37027	0.29794	0.2982	0.34378	0.32987	0.5	0.47274	0.49765	0.44739	0.043264	0.45244	0.53396	0.43945	0.55011	0.60708	0.14441	0.37399	0.61538	0.15122	0.36343	0.57685	0.13319	0.088217	0.51297	0.62069	0.24869	0.49835	0.40777	0.60281	0.43544	0.38697	0.53122	0.28987	0.32647	0.5222	0.42686	0.23792	0.2635	0.48936	0.5421	0.61431	0.2911	0.5284	0.2697	0.48578	0.65945	0.28078	0.42151	0.31889	0.4625	0.54557	0.33571	0.56999	0.43673	0.52944	0.38275	0.22607	0.42569	0.514	0.5046	0.501	0.38163	0.36762	0.58135	0.18346	0.56066	0.30398	0.60177	0.52919	0.33802	0.21624	0.41184	0.41393	0.49575	0.011018	0.37932	0.38861	0.42541	0.51015	0.32216	0.41746	0.34788	0.51363	0.41484	0.40439	0.50407	0.39786	0.36834	0.48169	0.5357	0.5788	0.45618	0.60432	0.4906	0.2062	0.51817	0.49043	0.54399	0.335	0.30318	0.4189	0.28512	0.44568	0.43906	0.0089676	0.47273	0.27129	0.60553	0.4857	0.57549	0.36057	0.605	0.51988	0.40396	0.33045	0.46334	0.35759	0.5067	0.39216	0.46404	0.17604
0.38311	0.34662	0.22142	0.27957	0.33763	0.33687	0.42236	0.32421	0.30296	0.25324	0.37723	0.35576	0.36311	0.27821	0.35691	0.36144	0.2929	1	0.048998	0.35585	0.38121	0.28835	0.39603	0.3568	0.30853	0.21858	0.34695	0.38941	0.35215	0.38514	0.39769	0.4283	0.3723	0.21007	0.45966	0.41633	0.43488	0.45341	0.40551	0.20358	0.44596	0.33676	0.27613	0.38614	0.33821	0.32794	0.18296	0.4102	0.42523	0.22838	0.38303	0.36524	0.33159	0.43606	0.31802	0.40371	0.41407	0.47736	0.27169	0.36707	0.32313	0.32986	0.4057	0.41998	0.37971	0.43092	0.51703	0.34241	0.41033	0.41405	0.32448	0.38194	0.44971	0.40949	0.43045	0.34684	0.39875	0.3839	0.41445	0.3342	0.30923	0.44066	0.41149	0.43918	0.41284	0.33456	0.31845	0.45596	0.24328	0.49847	0.3043	0.47344	0.45229	0.28382	0.37587	0.41744	0.39603	0.44504	0.12049	0.30121	0.3385	0.3586	0.3668	0.36406	0.34494	0.29628	0.33331	0.31244	0.44424	0.41226	0.39633	0.46872	0.43358	0.48227	0.45705	0.3587	0.39816	0.44183	0.32884	0.40673	0.25738	0.50815	0.30307	0.33376	0.41771	0.28203	0.41134	0.34884	0.10199	0.40227	0.31232	0.35488	0.39149	0.32789	0.27875	0.4085	0.39539	0.36141	0.54415	0.40341	0.31305	0.27638	0.42931	0.44118	0.34509
0.14935	0.11919	0.065974	0.027551	0.083773	0.16567	0.040651	0.12462	0.089306	0.13999	0.10031	0.099648	0.16206	0.12398	0.17034	0.087701	0.20296	0.048998	1	0.14446	0.215	0.081859	-0.020605	0.14015	0.10025	-0.022619	0.13561	0.095709	0.058198	0.098898	0.099554	0.11031	0.13558	-0.035397	0.10082	0.12264	0.17093	0.19092	0.15237	0.030916	0.10952	0.20555	0.039182	0.081769	0.13697	0.045146	0.019024	0.15261	0.12484	0.095483	0.10989	0.1312	0.1219	0.24838	0.078792	0.11875	0.065318	0.12248	0.24974	0.1122	0.053714	0.1282	0.12909	0.1395	0.17474	0.14383	0.15454	0.037871	0.14398	0.17193	0.093012	0.090001	0.099773	0.082773	0.16269	0.099323	0.1393	0.1492	0.11812	0.10475	0.11918	0.11587	0.14612	0.14419	0.1594	0.077083	0.11013	0.13443	0.031913	0.14349	0.16899	0.17524	0.15686	0.033788	0.044898	0.076316	0.070392	0.114	0.015678	0.066743	0.07251	0.090516	0.12574	0.18242	0.1628	0.16067	0.16941	0.078539	0.075906	0.18581	0.14748	0.1658	0.13399	0.11606	0.14723	0.08331	0.14734	0.13829	0.053383	0.13929	0.22799	0.16173	0.12681	0.093108	0.11054	0.010934	0.066524	0.13594	-0.061992	0.15039	0.091058	0.14295	0.15159	0.17081	0.10122	0.15757	0.084968	0.15549	0.074255	0.10454	0.16743	0.15272	0.11743	0.17282	0.037316
0.55895	0.50775	0.13036	0.19603	0.43122	0.59765	0.33482	0.51899	0.46794	0.38672	0.5322	0.46603	0.39176	0.33633	0.50984	0.35336	0.58299	0.35585	0.14446	1	0.62754	0.49074	0.30199	0.5672	0.43623	0.38844	0.40207	0.35649	0.41584	0.56698	0.55007	0.5597	0.54462	0.16653	0.57943	0.66005	0.46205	0.61075	0.70146	0.3108	0.5542	0.57636	0.19217	0.46009	0.72029	0.18765	0.13843	0.55247	0.71382	0.29457	0.54413	0.49969	0.66559	0.50083	0.38739	0.60652	0.36961	0.38869	0.42324	0.49516	0.39287	0.31493	0.576	0.60387	0.61688	0.40534	0.62455	0.28844	0.53674	0.70367	0.2773	0.54937	0.38448	0.59551	0.66635	0.35554	0.62891	0.55187	0.60599	0.49495	0.20787	0.58112	0.58806	0.59465	0.52365	0.44184	0.50729	0.56651	0.23939	0.61503	0.34212	0.61782	0.61169	0.52222	0.30811	0.5422	0.5498	0.65925	0.1737	0.39689	0.51178	0.5311	0.54307	0.4639	0.38651	0.28931	0.57431	0.49937	0.47942	0.59938	0.4321	0.45561	0.55847	0.6538	0.6487	0.56486	0.86551	0.55703	0.30699	0.58333	0.4705	0.63543	0.28753	0.37497	0.51636	0.38326	0.54089	0.55584	0.078974	0.52344	0.37362	0.68173	0.55485	0.49744	0.4766	0.65252	0.62179	0.51171	0.42219	0.49471	0.33359	0.50193	0.45997	0.57437	0.27379
0.56181	0.47531	0.17956	0.26929	0.44469	0.73604	0.34265	0.52182	0.4291	0.39583	0.55022	0.48165	0.49475	0.41638	0.51765	0.42708	0.67136	0.38121	0.215	0.62754	1	0.47424	0.33463	0.55185	0.36465	0.25804	0.40493	0.42099	0.42779	0.52691	0.50938	0.5653	0.51015	0.022416	0.51575	0.54414	0.53185	0.58651	0.64993	0.27411	0.47249	0.65443	0.27867	0.49058	0.66956	0.22136	0.18501	0.60397	0.72554	0.3334	0.52032	0.49238	0.68542	0.50404	0.41674	0.57206	0.42226	0.36675	0.57245	0.47957	0.37154	0.33972	0.52899	0.55833	0.74051	0.49734	0.60369	0.33992	0.52375	0.77371	0.35598	0.50161	0.433	0.56304	0.574	0.43473	0.66983	0.42845	0.61897	0.49179	0.33692	0.55971	0.64305	0.56115	0.56403	0.4644	0.54388	0.63384	0.34644	0.68697	0.40495	0.62784	0.54929	0.44713	0.41424	0.51461	0.48064	0.63128	0.092335	0.3524	0.46405	0.46916	0.52545	0.46054	0.5024	0.4496	0.51901	0.45792	0.4851	0.59818	0.48795	0.42685	0.4971	0.61066	0.60325	0.48639	0.67074	0.58326	0.39033	0.54767	0.50025	0.57062	0.43174	0.43524	0.44981	0.33728	0.50546	0.50961	0.055676	0.52865	0.4087	0.6562	0.58026	0.52043	0.40189	0.60005	0.57718	0.51372	0.42198	0.5961	0.42264	0.47411	0.47846	0.5787	0.2907
0.47646	0.55392	0.14196	0.14225	0.27445	0.44713	0.36089	0.53121	0.71565	0.3483	0.58214	0.46782	0.41111	0.36084	0.40889	0.28432	0.40892	0.28835	0.081859	0.49074	0.47424	1	0.36478	0.72248	0.50059	0.37727	0.40397	0.40933	0.29269	0.56476	0.51022	0.56943	0.59078	0.14258	0.50433	0.46227	0.40614	0.46387	0.47271	0.35484	0.39173	0.34106	0.17383	0.47665	0.415	0.19938	0.21833	0.47178	0.59246	0.25056	0.5124	0.55653	0.44431	0.48577	0.41607	0.46696	0.30355	0.32469	0.33281	0.49226	0.35389	0.31813	0.54304	0.52314	0.44464	0.39956	0.50294	0.28051	0.51152	0.43556	0.28678	0.46955	0.36147	0.47508	0.57105	0.30615	0.41447	0.48514	0.49812	0.46297	0.33273	0.54732	0.67387	0.48445	0.50715	0.44656	0.53643	0.44752	0.28253	0.53889	0.34257	0.54016	0.50075	0.47908	0.33886	0.49223	0.51719	0.51457	0.10602	0.37817	0.55367	0.48651	0.37428	0.46773	0.39412	0.34641	0.46508	0.50167	0.43685	0.48835	0.41874	0.37689	0.51918	0.50602	0.53422	0.48944	0.49005	0.55592	0.35458	0.54641	0.29856	0.46207	0.30592	0.31762	0.51666	0.32802	0.51671	0.59867	0.10813	0.49057	0.30476	0.45054	0.54215	0.31559	0.39966	0.55644	0.54102	0.52281	0.37412	0.39604	0.39089	0.33604	0.32005	0.3286	0.27232
0.34381	0.31102	0.1894	0.42797	0.20134	0.37696	0.30228	0.35587	0.35102	0.27373	0.44723	0.37075	0.3286	0.35526	0.27249	0.32588	0.26903	0.39603	-0.020605	0.30199	0.33463	0.36478	1	0.31245	0.27806	0.25928	0.33879	0.39847	0.22451	0.41809	0.35444	0.44238	0.33453	0.18223	0.41527	0.22765	0.37393	0.37717	0.33245	0.251	0.30848	0.25583	0.37967	0.35079	0.26359	0.4077	0.28948	0.35166	0.40342	0.17175	0.38596	0.38523	0.31852	0.35458	0.39835	0.31587	0.32704	0.41564	0.26701	0.34796	0.3387	0.29987	0.3918	0.36696	0.41502	0.37175	0.38439	0.52951	0.44655	0.30725	0.26846	0.37592	0.39356	0.33628	0.35333	0.35583	0.30628	0.35675	0.35131	0.35575	0.32249	0.42242	0.35538	0.31115	0.39084	0.25177	0.31461	0.41342	0.21031	0.44613	0.32835	0.43134	0.31754	0.25963	0.36596	0.30203	0.33381	0.36245	0.10832	0.34847	0.34792	0.39528	0.33421	0.39193	0.28379	0.39348	0.32583	0.34199	0.40226	0.39284	0.36824	0.33385	0.40367	0.39332	0.35682	0.37991	0.34139	0.40202	0.37005	0.41534	0.26713	0.37194	0.27519	0.33274	0.39433	0.19346	0.40377	0.31957	0.14314	0.40033	0.28592	0.3072	0.4191	0.21893	0.25716	0.37315	0.40832	0.40247	0.39028	0.33522	0.37866	0.21768	0.31827	0.30423	0.45321
0.57645	0.55984	0.13407	0.099257	0.45639	0.48789	0.30259	0.54064	0.68828	0.40265	0.55655	0.54736	0.45824	0.39781	0.53637	0.27897	0.49737	0.3568	0.14015	0.5672	0.55185	0.72248	0.31245	1	0.4675	0.38822	0.49383	0.43176	0.25459	0.63621	0.6271	0.65715	0.65779	0.1015	0.58245	0.5661	0.49171	0.56333	0.58094	0.30209	0.49284	0.50966	0.15018	0.50341	0.54956	0.19036	0.17092	0.59329	0.70076	0.29922	0.60147	0.57288	0.52784	0.51451	0.48239	0.54439	0.26996	0.37487	0.45567	0.50257	0.31319	0.32007	0.61663	0.5936	0.44834	0.47575	0.63473	0.28205	0.58784	0.51346	0.30303	0.51652	0.43033	0.53814	0.68658	0.33031	0.55703	0.55673	0.56358	0.45684	0.29972	0.59405	0.70409	0.56298	0.56053	0.44279	0.55171	0.55055	0.26888	0.6051	0.34779	0.65082	0.60912	0.52475	0.32869	0.56152	0.57053	0.56246	-0.0055464	0.32784	0.5937	0.55794	0.47954	0.49975	0.4447	0.34893	0.5781	0.55314	0.46719	0.59547	0.50067	0.47414	0.61413	0.60209	0.6312	0.57987	0.56275	0.61563	0.36843	0.61857	0.40801	0.59321	0.34334	0.41416	0.59829	0.46276	0.51317	0.65412	0.01422	0.5719	0.34623	0.56669	0.58554	0.46925	0.45332	0.66618	0.54637	0.53407	0.36339	0.46033	0.45225	0.44986	0.47492	0.49519	0.28949
0.4384	0.45703	0.13988	0.16365	0.30662	0.3229	0.1755	0.52803	0.51939	0.28235	0.42297	0.31525	0.32125	0.29057	0.35807	0.28877	0.37027	0.30853	0.10025	0.43623	0.36465	0.50059	0.27806	0.4675	1	0.31018	0.38932	0.34835	0.1891	0.50551	0.42474	0.48652	0.49871	0.083843	0.40469	0.40913	0.3641	0.40206	0.39661	0.20387	0.46147	0.36803	0.048275	0.33275	0.28575	0.17008	0.084956	0.42621	0.44868	0.26859	0.47493	0.46291	0.40411	0.4127	0.37644	0.38859	0.20801	0.27388	0.33982	0.37867	0.3044	0.30117	0.48801	0.49245	0.36429	0.40925	0.44855	0.17767	0.43411	0.32121	0.26489	0.49443	0.26038	0.52294	0.50884	0.21653	0.3107	0.46725	0.50772	0.36878	0.23282	0.44247	0.51191	0.44099	0.3975	0.31572	0.34712	0.45497	0.1788	0.4921	0.27743	0.49934	0.51646	0.45918	0.21332	0.44604	0.4455	0.43212	0.085238	0.28591	0.54912	0.49856	0.38973	0.37957	0.32978	0.27844	0.43306	0.45214	0.36259	0.48056	0.35204	0.35233	0.46997	0.47646	0.48145	0.44201	0.38041	0.51031	0.26806	0.46679	0.34567	0.46178	0.28576	0.34028	0.45616	0.3469	0.3662	0.524	0.06376	0.43913	0.29728	0.41169	0.45479	0.30705	0.35681	0.50426	0.48996	0.44806	0.31009	0.29023	0.3347	0.30967	0.44031	0.35512	0.22024
0.32563	0.4151	0.094251	0.11346	0.30865	0.27029	0.25768	0.40321	0.35844	0.27779	0.41576	0.26171	0.18367	0.16421	0.20379	0.25895	0.29794	0.21858	-0.022619	0.38844	0.25804	0.37727	0.25928	0.38822	0.31018	1	0.32054	0.32833	0.26104	0.38106	0.34919	0.3461	0.45944	0.14446	0.35085	0.32791	0.32966	0.359	0.34198	0.2692	0.35289	0.25244	0.11161	0.42035	0.29653	0.15933	0.12059	0.40418	0.44868	0.12372	0.34247	0.41578	0.39387	0.28013	0.32069	0.35165	0.17388	0.31319	0.22631	0.21635	0.1357	0.19983	0.3393	0.39285	0.19908	0.19762	0.42015	0.27272	0.44905	0.32016	0.22495	0.38603	0.32153	0.32929	0.44124	0.21851	0.31076	0.32645	0.35414	0.37248	0.087257	0.41817	0.47273	0.35666	0.36442	0.31398	0.38451	0.35234	0.18183	0.39459	0.23062	0.42174	0.41009	0.33611	0.19944	0.3598	0.34444	0.41106	0.15497	0.3445	0.35205	0.3792	0.27283	0.34382	0.22747	0.18496	0.3151	0.40573	0.37569	0.39289	0.27217	0.32085	0.43013	0.36775	0.44499	0.35648	0.4021	0.31675	0.23495	0.37314	0.2515	0.37847	0.15134	0.17951	0.34682	0.27501	0.41265	0.3468	0.18078	0.36226	0.17737	0.32351	0.41234	0.158	0.27227	0.46121	0.37722	0.42707	0.24998	0.32005	0.23632	0.16444	0.24684	0.28041	0.28259
0.46969	0.49248	0.21311	0.22441	0.30332	0.42463	0.28465	0.50833	0.39293	0.39069	0.42997	0.39987	0.36763	0.39148	0.38923	0.28594	0.2982	0.34695	0.13561	0.40207	0.40493	0.40397	0.33879	0.49383	0.38932	0.32054	1	0.44278	0.32548	0.46586	0.41681	0.56267	0.50695	0.20258	0.55133	0.40299	0.50906	0.48369	0.43537	0.41325	0.48684	0.40045	0.17223	0.48806	0.39168	0.18255	0.14856	0.47393	0.53021	0.32428	0.48018	0.54619	0.44548	0.51131	0.44958	0.5075	0.2843	0.36103	0.35146	0.41184	0.2461	0.29398	0.46481	0.45927	0.45132	0.49067	0.49012	0.3142	0.53709	0.44129	0.32603	0.44002	0.43926	0.46525	0.5671	0.38595	0.37877	0.48991	0.47514	0.4246	0.28857	0.48622	0.52039	0.51778	0.51581	0.32149	0.38894	0.44353	0.34123	0.554	0.41446	0.50558	0.49874	0.32743	0.30809	0.52252	0.50031	0.48155	0.19742	0.38636	0.50199	0.50626	0.31283	0.47234	0.44481	0.39074	0.37867	0.40122	0.46182	0.53539	0.44186	0.42748	0.47519	0.48268	0.53915	0.40979	0.42323	0.4775	0.24775	0.41856	0.34651	0.54815	0.35925	0.45149	0.47847	0.3634	0.52261	0.45321	0.14555	0.47824	0.371	0.44762	0.51517	0.37913	0.38393	0.50238	0.49594	0.49464	0.36955	0.32207	0.44007	0.38913	0.44227	0.46637	0.34159
0.41263	0.45258	0.19743	0.15659	0.28049	0.39235	0.32632	0.47471	0.38504	0.38557	0.49634	0.44918	0.36402	0.40582	0.43171	0.31123	0.34378	0.38941	0.095709	0.35649	0.42099	0.40933	0.39847	0.43176	0.34835	0.32833	0.44278	1	0.24699	0.48521	0.4435	0.54512	0.48315	0.19801	0.54008	0.39134	0.47262	0.52126	0.44351	0.28942	0.41865	0.2771	0.15959	0.53077	0.33447	0.3753	0.12166	0.5583	0.51113	0.26787	0.47087	0.57416	0.37617	0.43992	0.43233	0.46657	0.21507	0.44638	0.26446	0.44476	0.29692	0.28494	0.44862	0.4884	0.37211	0.49735	0.53225	0.32763	0.49769	0.3627	0.38027	0.45455	0.43638	0.45775	0.49904	0.36951	0.37567	0.37047	0.43505	0.54143	0.2742	0.50779	0.54186	0.48454	0.51413	0.33682	0.45389	0.50997	0.31485	0.48927	0.38263	0.57827	0.4536	0.34135	0.3768	0.48679	0.45217	0.54583	0.1381	0.36743	0.42477	0.43808	0.42576	0.49295	0.38476	0.36323	0.41522	0.4485	0.5545	0.49422	0.45941	0.4362	0.48668	0.56105	0.5016	0.38087	0.4122	0.50144	0.33109	0.44628	0.27148	0.54754	0.39885	0.36836	0.47488	0.32769	0.53522	0.41313	0.15185	0.5261	0.40193	0.3579	0.48576	0.29356	0.31578	0.47143	0.54667	0.59489	0.42406	0.44314	0.4813	0.34266	0.46345	0.36205	0.28132
0.2269	0.27782	0.12495	0.28564	0.1302	0.42132	0.36794	0.338	0.25092	0.23925	0.3994	0.27583	0.24956	0.20731	0.16704	0.26998	0.32987	0.35215	0.058198	0.41584	0.42779	0.29269	0.22451	0.25459	0.1891	0.26104	0.32548	0.24699	1	0.21976	0.17969	0.34714	0.26892	0.19711	0.38937	0.32381	0.27578	0.41342	0.41637	0.29939	0.25683	0.35393	0.16471	0.32052	0.4272	0.232	0.21117	0.27178	0.40428	0.26667	0.22869	0.30085	0.4104	0.35515	0.27482	0.38734	0.34641	0.22856	0.27377	0.30359	0.22638	0.23091	0.24159	0.30627	0.51645	0.28306	0.35868	0.30458	0.3488	0.52764	0.23153	0.23436	0.36184	0.32621	0.34674	0.20553	0.31258	0.24576	0.26332	0.41363	0.26628	0.40965	0.34846	0.30182	0.3576	0.26479	0.40942	0.32625	0.14912	0.33897	0.23436	0.34622	0.26199	0.29011	0.34245	0.38011	0.24079	0.41246	0.19996	0.40309	0.17224	0.246	0.32893	0.319	0.2524	0.20171	0.22091	0.26388	0.38781	0.34904	0.18665	0.24776	0.27845	0.33979	0.31982	0.2242	0.51599	0.25558	0.30669	0.21906	0.2301	0.33414	0.20101	0.21599	0.34376	0.22468	0.35609	0.24579	0.20922	0.32633	0.17426	0.38372	0.33479	0.38983	0.17759	0.27105	0.34618	0.3396	0.33824	0.25328	0.2514	0.19518	0.24802	0.3398	0.32315
0.66166	0.59899	0.18311	0.24624	0.47852	0.48271	0.37781	0.60513	0.54348	0.54816	0.5359	0.52618	0.56752	0.48637	0.67721	0.38762	0.5	0.38514	0.098898	0.56698	0.52691	0.56476	0.41809	0.63621	0.50551	0.38106	0.46586	0.48521	0.21976	1	0.82854	0.72108	0.61136	0.049094	0.64984	0.58711	0.62031	0.62352	0.59491	0.28989	0.57376	0.48775	0.16802	0.4622	0.47694	0.26176	0.10817	0.63548	0.64627	0.31164	0.75997	0.52432	0.53283	0.51639	0.44089	0.64445	0.34551	0.42613	0.45659	0.51368	0.34858	0.34648	0.78726	0.70158	0.48849	0.53091	0.63069	0.2784	0.59832	0.52177	0.35699	0.75534	0.39518	0.56753	0.71464	0.49066	0.55699	0.78347	0.76112	0.48077	0.31274	0.58407	0.69774	0.66697	0.60874	0.49682	0.55449	0.60187	0.34102	0.75038	0.53923	0.72587	0.70977	0.51022	0.32903	0.49141	0.6012	0.65876	0.014568	0.38894	0.75936	0.76539	0.52751	0.45127	0.55877	0.4751	0.82933	0.50385	0.5249	0.6112	0.60576	0.58495	0.57455	0.68018	0.68973	0.82463	0.52988	0.79373	0.41665	0.77421	0.4291	0.65253	0.45457	0.48453	0.59972	0.40341	0.53321	0.76001	-0.0075925	0.63985	0.51087	0.51989	0.61898	0.43648	0.53318	0.74691	0.70753	0.58684	0.46132	0.50756	0.55482	0.54606	0.52184	0.54024	0.21284
0.67512	0.55666	0.17709	0.19119	0.42417	0.45806	0.36304	0.52551	0.49141	0.51691	0.53587	0.51022	0.53408	0.44804	0.64138	0.36238	0.47274	0.39769	0.099554	0.55007	0.50938	0.51022	0.35444	0.6271	0.42474	0.34919	0.41681	0.4435	0.17969	0.82854	1	0.65014	0.58908	0.010014	0.58014	0.54158	0.55377	0.5929	0.57291	0.25688	0.56319	0.49309	0.15648	0.4376	0.52487	0.21632	0.083933	0.6114	0.62186	0.27218	0.75984	0.45691	0.52016	0.51007	0.4211	0.56694	0.32484	0.40975	0.45838	0.46022	0.27738	0.30811	0.77601	0.66956	0.48642	0.49543	0.61967	0.20387	0.53131	0.51563	0.32748	0.7094	0.33799	0.52109	0.69814	0.42645	0.57612	0.78643	0.74017	0.42626	0.22099	0.55447	0.66253	0.62604	0.54056	0.49219	0.49149	0.58691	0.28338	0.73685	0.44854	0.67136	0.67879	0.47266	0.28912	0.49903	0.57083	0.58261	-0.0058608	0.3422	0.76984	0.70858	0.42406	0.42522	0.48328	0.40574	0.76899	0.54126	0.49545	0.54466	0.5363	0.53602	0.56332	0.69239	0.68579	0.79156	0.51041	0.78766	0.38179	0.78483	0.42359	0.65001	0.44084	0.47667	0.54278	0.3875	0.49751	0.7437	-0.028417	0.57526	0.46321	0.54391	0.59686	0.4411	0.51782	0.7039	0.66612	0.50986	0.40332	0.47958	0.50538	0.48655	0.45733	0.48892	0.20072
0.65	0.5654	0.17167	0.14227	0.51848	0.56476	0.37723	0.68327	0.57134	0.45884	0.60704	0.55295	0.5218	0.49658	0.60467	0.37725	0.49765	0.4283	0.11031	0.5597	0.5653	0.56943	0.44238	0.65715	0.48652	0.3461	0.56267	0.54512	0.34714	0.72108	0.65014	1	0.65962	0.10919	0.74877	0.63322	0.58833	0.63876	0.59243	0.4323	0.58645	0.41441	0.13222	0.55916	0.4782	0.27699	0.15297	0.68184	0.66625	0.35536	0.71999	0.58348	0.48311	0.61955	0.54445	0.6682	0.33673	0.46256	0.40306	0.53044	0.4751	0.35507	0.71764	0.68313	0.54834	0.55375	0.65125	0.31092	0.65855	0.55652	0.34081	0.66618	0.45028	0.57696	0.70382	0.47264	0.4503	0.65525	0.65717	0.55464	0.36121	0.6098	0.74156	0.63675	0.64924	0.45809	0.58117	0.60265	0.34343	0.69371	0.50999	0.78745	0.72141	0.5202	0.32887	0.57074	0.60247	0.62113	0.082898	0.41407	0.62688	0.6417	0.55895	0.51555	0.56168	0.48507	0.62086	0.59734	0.56223	0.60576	0.55724	0.55877	0.63457	0.72975	0.74041	0.62261	0.53016	0.65576	0.36376	0.67167	0.40701	0.67782	0.4437	0.50368	0.64485	0.42302	0.59085	0.73658	0.1049	0.64467	0.49414	0.5071	0.62492	0.3996	0.45138	0.69814	0.67265	0.63054	0.49965	0.47028	0.56238	0.51879	0.52502	0.53879	0.2972
0.5944	0.51777	0.19384	0.15367	0.42516	0.48428	0.36092	0.59199	0.55805	0.39721	0.5531	0.42816	0.45377	0.43598	0.51907	0.36211	0.44739	0.3723	0.13558	0.54462	0.51015	0.59078	0.33453	0.65779	0.49871	0.45944	0.50695	0.48315	0.26892	0.61136	0.58908	0.65962	1	0.21076	0.59735	0.53486	0.57537	0.57715	0.50112	0.338	0.52745	0.36506	0.1439	0.48706	0.46357	0.2591	0.1828	0.62238	0.59595	0.30694	0.6019	0.53782	0.47215	0.54997	0.42576	0.64066	0.27186	0.45186	0.38251	0.49	0.33549	0.3323	0.6301	0.59923	0.46978	0.53595	0.576	0.2729	0.63325	0.51717	0.37457	0.57006	0.42868	0.57375	0.69498	0.36735	0.46677	0.55717	0.55071	0.49093	0.31961	0.5763	0.70426	0.60857	0.62853	0.44728	0.51139	0.56802	0.25932	0.6075	0.4243	0.6856	0.64685	0.52842	0.32969	0.53461	0.64396	0.59942	0.1542	0.43817	0.56889	0.54435	0.48208	0.52333	0.49143	0.37211	0.46693	0.59069	0.5318	0.60654	0.55353	0.55355	0.6081	0.65246	0.67249	0.52362	0.52404	0.57854	0.35375	0.59716	0.38582	0.64235	0.38417	0.40625	0.6416	0.40715	0.58166	0.62774	0.08832	0.5991	0.39461	0.43706	0.62025	0.33531	0.53953	0.64352	0.65322	0.60822	0.50523	0.47188	0.45847	0.41598	0.52894	0.46627	0.26724
0.06194	0.15463	0.064937	0.082301	0.011772	0.067558	0.1695	0.14011	0.16965	0.025307	0.13326	0.033028	0.020437	0.052778	0.031988	0.054641	0.043264	0.21007	-0.035397	0.16653	0.022416	0.14258	0.18223	0.1015	0.083843	0.14446	0.20258	0.19801	0.19711	0.049094	0.010014	0.10919	0.21076	1	0.19449	0.095511	0.086493	0.1383	0.048797	0.11255	0.14431	-0.016187	0.068597	0.20607	0.03145	0.23582	0.18965	0.080747	0.099496	0.058578	0.051086	0.16255	0.082636	0.1848	0.15416	0.081762	0.13989	0.098054	0.00681	0.15932	0.046073	0.10552	0.039081	0.080586	0.058316	0.14812	0.070183	0.29763	0.15566	0.012497	0.10668	-0.013133	0.099835	0.096582	0.11121	0.088066	0.025925	0.057143	0.010821	0.19358	0.11521	0.15897	0.081889	0.12391	0.17936	0.00037042	0.13687	0.072469	-0.042214	0.025448	0.050407	0.080975	0.090822	0.17881	0.10846	0.16009	0.13007	0.12031	0.14128	0.16356	0.045059	0.067427	0.10738	0.13922	0.085497	0.0076579	0.024363	0.081418	0.17651	0.11225	0.039829	0.10492	0.19597	0.1071	0.068894	0.025807	0.13237	0.068414	0.11424	0.035576	0.03735	0.17577	-0.041066	0.040754	0.13714	0.17315	0.19924	0.021203	0.17389	0.12188	0.041939	-0.01785	0.21785	0.00099118	0.090721	0.098169	0.07571	0.14948	0.26167	-0.068559	0.090307	0.012383	0.10839	0.15487	0.25848
