1	0.27852	0.24754	0.20279	0.32519	0.24959	0.11156	0.33534	0.28079	0.22009	0.24418	0.095849	0.24793	0.37565	0.31235	0.3003	0.2599	0.24695	0.245	0.15115	0.27834	0.285	0.32133	0.27076	0.24851	0.31318	0.36475	0.18169	0.24713	0.14593	0.32641	0.48728	0.070277	0.1411	0.38646	0.40179	0.081131	0.31608	0.39287	0.22138	0.31938	0.11542	0.25565	0.36013	0.34438	0.03008	0.28132	0.42388	0.38185	0.064385	0.32496	0.39271	0.51917	0.14613	0.28051	0.19948	0.1597	0.24882	0.43836	0.25571	0.305	0.16703	0.27228	0.43736	0.30279	0.024618	0.37711	0.09484	0.36007	0.40309	0.12684	0.54912	0.18076	0.22648	0.42276	0.38904	0.37646	0.30812	0.37144	0.22569	0.21544	0.34501	0.26565	0.35031	0.36952	0.2211	0.2955	0.20777	0.23724	0.097981	0.27524	0.47184	0.4661	0.31192	0.27601	0.29761	0.099377	0.36057	0.31847	0.25227	0.30731	0.28791	0.58114	0.25839	0.2946	0.23702	0.10428	0.26385	0.47217	0.24938	0.18994	0.069034	0.22693	0.51977	0.40291	0.30623	0.24581	0.3245	0.23459	0.30147	0.34624	0.12856	0.32227	0.13683	0.3607	0.42741	0.289	0.65069	0.25197	0.35608	0.24961	0.25853	0.39027	0.24792	0.14763	0.40168	0.39244	0.16054	0.13759	0.069095	0.34669	0.26412	0.32675	0.434	0.069324
0.27852	1	0.14069	0.17614	0.068082	0.079508	0.16625	0.2003	0.20173	0.080239	0.30009	0.12467	0.085326	0.18125	0.073715	0.077085	0.021482	0.19226	0.062529	0.14074	0.17015	0.22625	0.25933	0.19957	0.17537	0.20564	0.21614	0.17198	-0.074781	0.21438	0.22319	0.28858	0.10835	0.26616	0.14985	0.28618	0.059964	0.14345	0.23297	0.096679	0.23232	0.052109	0.2232	0.19139	0.19095	0.059051	0.18903	0.18512	0.25507	0.061737	0.18292	0.20433	0.23577	0.0087649	0.18569	0.10297	0.18715	0.1817	0.19891	0.1843	0.1762	0.11212	0.17459	0.20124	0.10727	0.078193	0.26834	0.085317	0.25385	0.1755	0.049093	0.18024	0.056635	0.1977	0.19806	0.10873	0.17396	0.25372	0.20294	0.2069	0.24897	0.22828	0.28781	0.28044	0.20554	0.054374	0.20317	0.063306	0.18254	0.075454	0.16809	0.22994	0.21079	0.27471	0.18753	0.10384	0.046687	0.25955	0.17784	0.14887	0.25489	0.19157	0.27695	0.19091	0.13507	0.099302	0.073447	0.24648	0.28215	0.25962	0.13514	0.13049	0.24315	0.22825	0.29683	0.18088	0.21379	0.23779	0.18415	0.19115	0.25056	0.055095	0.10849	0.032606	0.29485	0.15912	0.18909	0.19355	0.17318	0.28714	0.142	0.13191	0.2423	0.04535	0.21751	0.18019	0.17227	0.15203	0.036483	0.081333	0.19889	0.23119	0.17312	0.29581	0.084871
0.24754	0.14069	1	0.13621	0.14173	0.12377	0.19416	0.21126	0.19973	0.13948	0.149	0.079677	0.14517	0.14242	0.17343	0.22773	0.014087	0.25117	0.16788	0.10338	0.11003	0.21406	0.27126	0.23332	0.20759	0.20523	0.21101	0.13404	0.17005	0.074866	0.16263	0.2485	0.097827	0.15658	0.24132	0.27639	-0.0099958	0.12909	0.24441	-0.026241	0.21654	0.05101	0.14097	0.19884	0.24414	-0.047328	0.30292	0.21311	0.21555	0.018071	0.17024	0.27616	0.25869	0.020732	0.13664	0.093269	0.20733	0.13597	0.26429	0.22537	0.22964	0.57174	0.12371	0.22762	0.19447	0.055332	0.091439	0.14623	0.21441	0.25328	0.05299	0.16805	0.12059	0.16499	0.29834	0.14301	0.24267	0.22956	0.20312	0.139	0.26413	0.22876	0.2462	0.1246	0.25157	0.11536	0.27099	0.14455	0.18921	0.073358	0.19908	0.27337	0.25109	0.20699	0.29457	0.24275	0.057367	0.16061	0.25136	0.2222	0.13329	0.076494	0.26711	0.13811	0.10897	0.16592	0.10493	0.20655	0.30036	0.24956	0.080458	0.16357	0.15495	0.19222	0.29057	0.16445	0.1157	0.14277	0.31817	0.11695	0.24323	0.072764	0.074427	0.011175	0.22089	0.27114	0.11176	0.15745	0.18601	0.30994	0.14111	0.25189	0.18634	0.15038	0.22984	0.12187	0.13526	0.089322	0.18466	-0.033212	0.1876	0.20856	0.17326	0.22717	0.078623
0.20279	0.17614	0.13621	1	0.11933	0.16125	0.15918	0.11945	0.15056	0.21994	0.23863	0.092024	0.18215	0.24738	0.091443	0.11016	0.1751	0.32224	0.17723	0.062075	0.17048	0.065557	0.35757	0.11096	0.063302	0.24746	0.21187	0.14422	0.12768	-0.059186	0.01588	0.19663	0.00022193	0.056454	0.19244	0.17638	0.091899	0.16592	0.23196	0.21409	0.24936	0.088942	0.26558	0.18148	0.24062	0.088174	0.26788	0.24918	0.27916	-0.017719	-0.078119	0.25925	0.15891	0.0015417	0.13311	0.050395	0.39217	0.2425	0.25745	0.15076	0.20451	0.12263	-0.034893	0.22008	0.23468	0.15396	0.22199	0.1446	0.13806	0.19965	0.18443	0.09683	0.15187	0.18264	0.19567	0.075563	0.11916	0.13717	0.050783	0.13198	0.20917	0.23866	0.10681	0.15596	0.29592	0.10714	0.11353	0.12453	0.17106	-0.056055	0.22424	0.3102	0.23678	0.094759	0.099313	0.1242	0.096319	0.16888	0.16707	0.18738	0.027919	-0.053402	0.21266	0.091627	0.11243	0.16996	0.024511	0.21214	0.18984	0.14349	0.25281	0.1357	0.12966	0.17919	0.22878	-0.033649	0.15834	0.15298	0.18874	-0.07216	0.18714	0.10702	0.14791	0.01255	0.20105	0.21286	0.15681	0.11496	0.18567	0.24257	0.036617	0.14059	0.2523	0.16287	0.18854	0.13068	0.14476	0.20381	0.21214	0.073517	0.2293	0.30687	0.23874	0.23317	0.19862
0.32519	0.068082	0.14173	0.11933	1	0.2253	0.18751	0.28347	0.19962	0.11844	0.071182	0.059694	0.26257	0.20271	0.208	0.22719	0.14194	0.094636	0.25037	0.1515	0.23979	0.15679	0.18346	0.19907	0.18301	0.21009	0.182	0.12317	0.25946	-0.03577	0.10866	0.17379	0.026897	0.17622	0.24458	0.29781	0.084031	0.087386	0.29465	0.056781	0.11292	0.041473	0.13969	0.23695	0.28599	0.10212	0.20258	0.17749	0.2661	-0.12413	0.10753	0.21996	0.33314	0.011027	0.26763	0.028513	0.14469	0.18943	0.32666	0.24984	0.13787	0.098662	0.052506	0.29049	0.278	0.0031377	0.25313	0.051184	0.1026	0.24785	0.095711	0.35971	0.0067512	0.017993	0.28022	0.30648	0.29786	0.11806	0.10087	0.13417	0.16201	0.12521	0.24951	0.24208	0.1474	0.090264	0.12356	0.16413	-0.036048	0.0030115	0.17993	0.25609	0.30884	0.22792	0.16411	0.2212	0.14079	0.18288	0.16094	0.24595	0.113	0.091292	0.30119	0.19954	0.22963	0.23383	0.036518	0.13225	0.18271	0.24833	0.24518	0.013045	0.2113	0.33343	0.21137	0.023262	0.28731	0.12618	0.11294	0.024073	0.29047	0.074162	0.18195	0.040357	0.1767	0.18075	0.11713	0.26293	0.16566	0.27824	0.14176	0.27805	0.20773	0.21016	0.12739	0.14556	0.25619	0.17486	0.081192	0.096932	0.25223	0.16047	-0.044622	0.19732	0.16415
0.24959	0.079508	0.12377	0.16125	0.2253	1	0.13312	0.18638	0.1791	0.21839	0.19995	0.13148	0.16192	0.20058	0.17122	0.39189	0.31771	0.25816	0.6127	0.10712	0.41603	0.12161	0.32094	0.19297	0.091969	0.27773	0.34896	0.15883	0.64172	0.033085	0.1104	0.25356	0.077218	0.11445	0.25855	0.24808	0.0051729	0.22789	0.31061	0.14593	0.38624	0.081532	0.16839	0.23383	0.32155	-0.021689	0.29397	0.2135	0.32048	-0.023272	0.13395	0.25751	0.33943	0.030358	0.17765	0.10928	0.25717	0.35815	0.31536	0.21369	0.24036	0.084469	0.084533	0.30012	0.63934	0.15363	0.33201	0.043108	0.24688	0.41862	0.12113	0.23748	0.135	0.24284	0.27339	0.23434	0.26759	0.16582	0.16492	0.10019	0.23581	0.18182	0.1968	0.28294	0.26927	0.13852	0.14848	0.18482	0.18547	-0.01111	0.16281	0.27181	0.30749	0.11158	0.23811	0.082018	-0.071777	0.23234	0.19646	0.12612	0.10225	0.11196	0.33521	0.23694	0.12069	0.18019	0.096075	0.15031	0.28599	0.23249	0.14909	0.12245	0.18157	0.2685	0.3286	0.097051	0.1377	0.11424	0.26765	0.11685	0.22195	0.15353	0.1509	0.077323	0.21737	0.36249	0.18929	0.1617	0.18369	0.25537	0.097533	0.15728	0.28903	0.23453	0.23365	0.33538	0.27663	0.12574	0.15417	0.050529	0.18499	0.24702	0.24417	0.36608	0.056062
0.11156	0.16625	0.19416	0.15918	0.18751	0.13312	1	0.086515	0.10719	0.12248	0.060847	0.090822	0.14425	0.12523	0.12518	0.28506	0.080078	0.22075	0.13607	0.10936	0.14539	0.043551	0.25926	0.079143	0.071149	0.11956	0.18443	0.073955	0.10439	0.008916	0.17709	0.18384	0.13248	0.13035	0.076768	0.17264	0.035779	0.045496	0.18163	0.054097	0.22448	0.088401	0.18117	0.17605	0.10796	0.028813	0.19572	0.17063	0.20496	-0.044659	0.13299	0.17444	0.18324	0.085236	0.15789	0.028321	0.25739	0.12624	0.19127	0.14339	0.098359	0.1336	0.17275	0.19308	0.12874	-0.049304	0.16701	0.19986	0.066235	0.16102	-0.013029	0.19083	0.048748	0.11332	0.20253	0.20743	0.22288	0.18256	0.17968	0.025304	0.10652	0.12287	0.092814	0.18253	0.15149	-0.16702	0.087295	0.12238	0.029692	0.018128	0.10659	0.16213	0.23721	0.11332	0.20804	0.19451	0.032044	0.16182	0.1983	0.17515	0.21077	0.19741	0.20244	0.17734	0.13726	0.23401	0.034609	0.10247	0.02897	0.18748	0.13961	0.0057161	0.16734	0.14205	0.18215	0.1001	0.11459	0.09695	0.11521	0.11929	0.21228	0.13471	0.07107	0.037726	0.15912	0.12988	0.035129	0.05114	0.15245	0.11521	0.0776	0.095905	0.11864	0.11096	0.12732	0.09763	0.052012	0.0876	0.22902	0.036412	0.19174	0.07615	0.08995	0.10373	0.028893
0.33534	0.2003	0.21126	0.11945	0.28347	0.18638	0.086515	1	0.40825	0.23777	0.28526	0.14154	0.08585	0.12032	0.31438	0.17703	0.10311	0.15319	0.23982	0.17645	0.32172	0.34167	0.29009	0.39936	0.41884	0.38248	0.28343	0.2439	0.15336	-0.060538	0.22426	0.32747	0.18914	0.25529	0.26414	0.33145	0.04251	0.19342	0.38573	0.079558	0.20978	0.13217	0.29179	0.28181	0.22284	0.026046	0.26435	0.34045	0.34924	0.033141	0.11747	0.28376	0.43182	0.064596	0.33765	0.1043	0.23174	0.13657	0.3568	0.42637	0.24267	0.14465	0.11346	0.37578	0.24119	0.034834	0.30165	0.12576	0.30317	0.30563	0.068507	0.28981	0.13686	0.1344	0.29275	0.13981	0.29672	0.20739	0.14193	0.20957	0.22389	0.29637	0.32259	0.28497	0.36552	0.18899	0.38611	0.18869	0.24255	0.060424	0.036587	0.4061	0.36013	0.32905	0.2396	0.17812	0.13497	0.2594	0.32959	0.29049	0.21368	0.10636	0.29374	0.21057	0.073685	0.10479	0.078378	0.3428	0.33462	0.32775	0.1542	0.099918	0.3252	0.36375	0.44334	0.18508	0.23931	0.18925	0.15797	0.069928	0.46037	0.1482	0.12496	0.11345	0.2893	0.2305	0.23884	0.23328	0.17844	0.37916	0.14048	0.25155	0.33012	0.17879	0.27538	0.33129	0.21413	0.13792	0.035461	0.082633	0.18306	0.24681	0.19342	0.26195	0.075505
0.28079	0.20173	0.19973	0.15056	0.19962	0.1791	0.10719	0.40825	1	0.17948	0.32402	0.10691	0.048495	0.11128	0.21354	0.13328	0.13995	0.16267	0.27196	0.038431	0.19089	0.73548	0.32949	0.73455	0.6302	0.36141	0.20261	0.21981	0.14885	0.0168	0.059698	0.34971	0.19545	0.15731	0.17541	0.13349	0.079042	0.094869	0.33896	0.050133	0.28575	0.096009	0.23171	0.29345	0.21348	0.074527	0.22198	0.22213	0.29817	0.084199	0.069807	0.39669	0.3977	0.11067	0.45704	0.088878	0.20135	0.17392	0.31349	0.41942	0.18368	0.19177	0.029011	0.23846	0.20905	0.10654	0.27267	0.043909	0.322	0.22341	0.037141	0.22924	0.11885	0.28559	0.20531	0.18038	0.29864	0.092066	0.089726	0.23462	0.16373	0.41928	0.57475	0.20332	0.3877	0.10509	0.48426	0.2404	0.19673	-0.045612	-0.0064364	0.37272	0.21397	0.45216	0.1757	0.13287	0.085333	0.29639	0.36859	0.28396	0.053279	0.032254	0.25596	0.15137	0.11874	0.044233	0.046064	0.33093	0.30979	0.26155	0.04385	0.051562	0.53395	0.30815	0.32665	0.054975	0.13414	0.12507	0.20367	0.030212	0.4171	0.0289	0.05207	0.012111	0.2373	0.2653	0.22473	0.22203	0.25573	0.37288	0.094927	0.23567	0.27534	0.1593	0.31413	0.28329	0.17615	0.12671	0.071307	0.0079539	0.081761	0.30245	0.24946	0.32003	0.16647
0.22009	0.080239	0.13948	0.21994	0.11844	0.21839	0.12248	0.23777	0.17948	1	0.19082	0.056082	0.1585	0.19812	0.17846	0.20358	0.15589	0.1171	0.21482	0.071056	0.1918	0.17012	0.19838	0.12317	0.079113	0.17569	0.28061	0.17673	0.090398	0.014799	0.060949	0.23546	0.11589	-0.0023906	0.27909	0.18987	0.054149	0.20781	0.22762	0.10679	0.20604	0.063883	0.20787	0.21812	0.22358	0.014642	0.22358	0.29536	0.22144	0.0018746	0.098705	0.21122	0.26299	0.0017036	0.17659	0.11013	0.1827	0.13141	0.29989	0.10215	0.29792	0.13714	-0.029021	0.34524	0.25182	0.22221	0.22057	0.062721	0.2302	0.24068	0.16432	0.11529	0.10924	0.18183	0.24317	0.10036	0.1898	0.14781	0.15483	0.082765	0.21682	0.21559	0.11574	0.22945	0.33951	0.14629	0.19127	0.19132	0.1783	0.023587	0.085292	0.2674	0.25982	0.14619	0.25206	0.067021	0.10243	0.19354	0.21113	0.31124	0.055034	0.066197	0.25705	0.27489	0.17685	0.10948	0.049544	0.14537	0.22902	0.16846	0.10452	0.10547	0.12286	0.31102	0.21626	0.066744	0.074207	0.12491	0.20502	0.026014	0.19016	0.22101	0.16239	0.046407	0.20565	0.22246	0.24091	0.074489	0.17548	0.1832	0.033256	0.17687	0.21044	0.22207	0.10264	0.19328	0.23831	0.062384	0.006426	0.092584	0.12639	0.18444	0.2183	0.29427	0.010323
0.24418	0.30009	0.149	0.23863	0.071182	0.19995	0.060847	0.28526	0.32402	0.19082	1	0.10826	0.085895	0.12787	0.10382	0.12498	0.18029	0.22102	0.32509	0.097549	0.24267	0.32292	0.24914	0.34343	0.25791	0.21619	0.2115	0.15615	0.15602	0.026853	0.12045	0.28627	0.10066	0.1845	0.16906	0.08543	0.067743	0.13424	0.28489	0.10938	0.27159	0.05273	0.2861	0.22096	0.25247	0.079499	0.24107	0.22593	0.34748	0.040865	0.05104	0.29464	0.29105	0.019587	0.24848	0.00070457	0.2301	0.23732	0.29267	0.25686	0.27869	0.15084	0.0028156	0.2932	0.20729	0.077084	0.38583	-0.19444	0.27376	0.23445	0.079951	0.19224	0.13217	0.17453	0.26042	0.13435	0.25514	0.20606	0.16184	0.22314	0.20727	0.36434	0.28702	0.25022	0.33112	0.094449	0.28768	0.14364	0.33721	0.050932	0.075937	0.30897	0.25802	0.27053	0.17439	0.093108	0.085529	0.2737	0.27131	0.20475	0.14298	0.022477	0.31139	0.17277	0.053355	0.085371	0.07433	0.25988	0.3152	0.32324	0.042194	0.049174	0.22347	0.2592	0.32619	0.12473	0.13296	0.11767	0.15096	0.0096205	0.28049	0.17128	0.11328	-0.046802	0.25429	0.19805	0.21612	0.09681	0.18163	0.29859	0.15942	0.056538	0.26768	0.13087	0.14319	0.24363	0.14667	0.066339	0.068978	0.010596	0.13372	0.35808	0.22266	0.40043	0.097509
0.095849	0.12467	0.079677	0.092024	0.059694	0.13148	0.090822	0.14154	0.10691	0.056082	0.10826	1	0.10392	0.093093	0.080992	0.094398	0.1016	0.089868	0.053673	0.025414	0.099454	0.093928	0.2071	0.1081	0.14874	0.11779	0.12845	0.045005	0.037407	0.02563	0.1032	0.097566	-0.0039153	0.10841	0.072731	-0.062919	-0.0076543	0.080989	0.10208	-0.0029447	0.16434	0.021126	0.075773	0.098171	0.1	0.0040406	0.10184	0.12747	0.069192	-0.032367	0.050943	0.11716	0.089405	0.024933	0.13668	0.029966	0.064163	0.085986	0.10113	0.094217	0.11391	0.030628	0.035008	0.056963	0.019726	0.002566	0.10935	0.054509	0.10683	0.077596	0.053728	0.094377	0.093553	0.069848	0.11636	0.10199	0.10202	0.11622	0.12456	0.055474	0.067326	0.16061	0.11307	0.095974	0.11484	0.098931	0.10723	-0.24947	0.078541	0.034719	0.10168	0.048492	0.16892	0.12042	0.050874	0.099948	0.010488	0.12794	0.0941	0.13796	0.10035	0.0048134	0.13973	0.09498	0.086425	0.11367	0.050053	0.080811	0.1421	0.14026	0.036211	0.10656	0.0618	0.09609	0.11814	0.098381	0.0432	0.10179	0.060191	0.096698	0.11315	0.06471	-0.0061481	0.010598	0.10355	0.12778	0.086257	0.049614	0.0041332	0.16744	0.086257	0.04486	0.11171	0.037066	0.073187	0.13124	0.097162	0.053601	0.078247	0.028309	0.13068	0.032751	0.21688	0.13955	0.043363
0.24793	0.085326	0.14517	0.18215	0.26257	0.16192	0.14425	0.08585	0.048495	0.1585	0.085895	0.10392	1	0.60098	0.39244	0.25534	0.26473	0.24412	0.13691	0.3297	0.21029	-0.019245	0.26246	-0.012372	-0.041542	0.08667	0.23031	0.11656	0.14101	0.094922	0.25131	0.20998	0.076056	0.0027513	0.2329	0.22066	0.038039	0.24691	0.19601	0.15257	0.17182	0.019694	0.11333	0.16712	0.33087	0.061983	0.19774	0.31275	0.27762	-0.10058	0.21074	0.22462	0.20466	0.065216	0.10099	0.083885	0.14911	0.067496	0.29749	0.078248	0.23833	0.090127	0.17335	0.26288	0.22558	0.059165	0.26149	-0.030595	0.17418	0.19894	0.012356	0.27148	0.077828	0.13453	0.25443	0.4309	0.25364	0.28883	0.26656	0.099708	0.17708	0.14776	0.095497	0.21628	0.1014	0.065743	0.09373	0.16752	0.11444	0.096816	0.56484	0.19348	0.28435	0.068357	0.20744	0.26347	0.1115	0.18449	0.071216	0.23679	0.28058	0.23621	0.31883	0.18063	0.59602	0.54833	0.10935	0.15918	0.30294	0.13961	0.50451	0.10925	0.036522	0.23833	0.26068	0.23972	0.37223	0.34988	0.17349	0.25924	0.19684	0.097277	0.63048	0.13282	0.25664	0.2315	0.12857	0.28079	0.13461	0.28752	0.46614	0.27368	0.093893	0.11936	0.059356	0.20965	0.26516	0.27652	0.063271	0.049831	0.45159	0.25589	0.15599	0.24304	0.16257
0.37565	0.18125	0.14242	0.24738	0.20271	0.20058	0.12523	0.12032	0.11128	0.19812	0.12787	0.093093	0.60098	1	0.38261	0.23539	0.28382	0.34552	0.18951	0.30271	0.2686	0.098407	0.31066	0.039875	0.0095836	0.092682	0.16883	0.082042	0.19913	0.11654	0.19415	0.2686	0.057636	0.023271	0.24432	0.28567	0.14298	0.22334	0.27573	0.16501	0.31455	0.064576	0.18567	0.1794	0.35047	0.11648	0.28314	0.275	0.32867	-0.06754	0.19702	0.20545	0.30716	0.06882	0.11073	0.17193	0.16883	0.12072	0.39426	0.15017	0.23881	0.14219	0.13472	0.27781	0.26176	-0.0069375	0.30345	0.036134	0.26764	0.32389	0.16019	0.27119	0.20262	0.17445	0.27789	0.44338	0.27904	0.2574	0.28298	0.12392	0.261	0.16747	0.17505	0.28978	0.17868	0.10504	0.088169	0.224	0.14747	0.22263	0.50657	0.28577	0.30379	0.15204	0.17593	0.25487	0.070094	0.22043	0.10955	0.2792	0.24769	0.18657	0.39518	0.29566	0.55664	0.57522	0.093821	0.12605	0.31157	0.15356	0.4126	0.22521	-0.0051183	0.2824	0.27505	0.23137	0.38439	0.33451	0.19633	0.22859	0.24565	0.15154	0.64412	0.22198	0.28796	0.23137	0.16789	0.37579	0.17225	0.24275	0.53002	0.3017	0.25937	0.22461	0.030285	0.23878	0.26332	0.25401	0.13529	0.0561	0.43517	0.2845	0.3091	0.27447	0.046403
0.31235	0.073715	0.17343	0.091443	0.208	0.17122	0.12518	0.31438	0.21354	0.17846	0.10382	0.080992	0.39244	0.38261	1	0.12949	0.18252	0.16751	0.15566	0.24373	0.26387	0.19421	0.25749	0.21932	0.24143	0.28912	0.25588	0.12856	0.084499	0.13131	0.30451	0.17185	0.03966	0.094804	0.27649	0.29121	0.066593	0.16413	0.22134	0.17831	0.27974	0.085436	0.096322	0.17543	0.30214	0.033406	0.11623	0.2491	0.20168	-0.0649	0.22838	0.19674	0.26466	0.073519	0.20743	0.10847	0.29586	0.068234	0.34364	0.15952	0.17288	0.11923	0.25439	0.31111	0.15177	-0.018823	0.23143	0.072128	0.20278	0.093671	-0.019728	0.26243	0.14923	0.2194	0.29791	0.28416	0.34419	0.27456	0.28079	0.095985	0.23361	0.26414	0.29228	0.37124	0.20809	0.25389	0.18742	0.23185	0.14909	0.12101	0.31084	0.18812	0.31809	0.21339	0.26135	0.23187	0.11599	0.17445	0.21467	0.20445	0.26125	0.1987	0.26502	0.11214	0.36195	0.34597	0.090518	0.15245	0.25944	0.18128	0.32587	0.046024	0.20685	0.26763	0.27524	0.26142	0.22666	0.35821	0.13346	0.23721	0.31518	0.19776	0.33027	0.13923	0.26197	0.2875	0.19817	0.3154	0.2006	0.28491	0.30243	0.16102	0.19115	0.1189	0.19068	0.1688	0.15864	0.16668	0.20116	0.098774	0.36463	0.12428	0.18134	0.22142	0.074664
0.3003	0.077085	0.22773	0.11016	0.22719	0.39189	0.28506	0.17703	0.13328	0.20358	0.12498	0.094398	0.25534	0.23539	0.12949	1	0.32454	0.20375	0.30245	0.095783	0.25251	0.059692	0.29248	0.17866	0.10539	0.20557	0.20365	0.10801	0.38344	-0.024519	0.18705	0.27061	0.038086	0.17377	0.15351	0.16896	0.036819	0.21009	0.28157	0.10071	0.24834	0.074481	0.21466	0.19172	0.24222	0.057855	0.24872	0.21802	0.29654	0.03719	0.15251	0.18269	0.29153	0.15069	0.079926	0.08924	0.13565	0.22765	0.33406	0.2274	0.14567	0.18839	0.11597	0.31797	0.31795	-0.041544	0.19567	0.048385	0.19162	0.4183	0.033063	0.30249	0.072192	0.18191	0.26828	0.25325	0.26483	0.17237	0.19244	0.063222	0.20974	0.061343	0.18296	0.2114	0.15388	0.030335	0.1346	0.14504	0.20356	0.048728	0.21868	0.22243	0.34708	0.17393	0.36807	0.22368	0.06261	0.14094	0.16538	0.29736	0.12502	0.16027	0.25739	0.25011	0.22508	0.23002	0.073003	0.2337	0.25837	0.21272	0.14934	-0.0093624	0.12022	0.19964	0.25859	0.11678	0.098743	0.18083	0.30141	0.10805	0.16781	0.08657	0.22114	0.099465	0.21767	0.26641	0.23073	0.1903	0.094362	0.23421	0.2189	0.11047	0.25253	0.11014	0.16954	0.29737	0.22037	0.16376	0.12551	0.022698	0.20927	0.26648	0.21879	0.23664	0.11391
0.2599	0.021482	0.014087	0.1751	0.14194	0.31771	0.080078	0.10311	0.13995	0.15589	0.18029	0.1016	0.26473	0.28382	0.18252	0.32454	1	0.1976	0.2816	0.14099	0.31446	0.070795	0.31906	0.11146	0.032931	0.11294	0.22335	0.10152	0.26244	0.094385	0.16057	0.096598	0.024113	0.18271	0.13529	0.09964	0.047449	0.14685	0.18588	0.18985	0.20135	0.07133	0.086649	0.2636	0.30534	0.030137	0.28528	0.23545	0.30182	-0.11949	0.09782	0.23782	0.20553	0.04668	0.15922	0.10942	0.15219	0.25812	0.29255	0.18251	0.14124	-0.051641	0.11267	0.18055	0.15979	0.065813	0.20102	0.035594	0.26004	0.26367	0.11885	0.1923	0.18747	0.2153	0.17428	0.2601	0.22704	0.17918	0.144	0.22195	0.20948	0.30936	0.10846	0.13	0.22917	0.085281	0.11938	0.20535	0.19504	0.017503	0.25493	0.17454	0.16917	0.06193	0.15601	0.15466	0.063846	0.1557	0.14171	0.30249	0.16418	0.12828	0.18799	0.26498	0.26054	0.27147	0.098451	0.14856	0.22395	0.17967	0.23039	0.033539	0.13338	0.14892	0.21774	0.059635	0.17668	0.24903	0.15755	0.14655	0.12157	0.1384	0.29929	0.11012	0.29878	0.16728	0.20751	0.16834	0.11443	0.20294	0.15974	0.14042	0.17923	0.13426	0.15738	0.42268	0.21562	0.10443	0.10929	0.094341	0.17077	0.19504	0.17435	0.17198	0.11075
0.24695	0.19226	0.25117	0.32224	0.094636	0.25816	0.22075	0.15319	0.16267	0.1171	0.22102	0.089868	0.24412	0.34552	0.16751	0.20375	0.1976	1	0.32877	0.12606	0.26575	0.11147	0.42457	0.16382	0.15798	0.23945	0.33536	0.12027	0.20195	0.059153	0.1791	0.24184	0.10452	0.15719	0.19498	0.19536	0.025333	0.10177	0.37032	0.19327	0.38661	0.092349	0.30133	0.21204	0.26108	0.024001	0.2804	0.26059	0.26324	-0.059097	0.13672	0.30378	0.22642	0.060829	0.12443	0.10503	0.34519	0.25692	0.38897	0.18062	0.28443	0.21074	0.20225	0.26063	0.25195	0.031411	0.34207	0.17881	0.21306	0.30862	0.13038	0.22362	0.15447	0.26113	0.27831	0.17165	0.33083	0.17466	0.1955	0.16902	0.28559	0.18999	0.25297	0.24934	0.2504	0.097819	0.086236	0.25525	0.22731	0.050502	0.22032	0.24557	0.31228	0.16686	0.20828	0.17578	0.083773	0.26624	0.23364	0.25624	0.17658	0.15204	0.28339	0.16911	0.15112	0.1839	0.073684	0.17408	0.24218	0.27157	0.20101	0.25185	0.17054	0.15241	0.30061	0.16854	0.16667	0.25644	0.22249	0.16828	0.33996	0.074217	0.22729	0.078806	0.27288	0.23997	0.1022	0.21269	0.25627	0.25681	0.12258	0.20911	0.26438	0.28695	0.24598	0.27062	0.21138	0.22068	0.32428	-0.051664	0.30967	0.16544	0.29274	0.31488	0.16114
0.245	0.062529	0.16788	0.17723	0.25037	0.6127	0.13607	0.23982	0.27196	0.21482	0.32509	0.053673	0.13691	0.18951	0.15566	0.30245	0.2816	0.32877	1	0.10753	0.40872	0.21917	0.32739	0.30213	0.17544	0.27747	0.36467	0.24873	0.63103	0.018475	0.11254	0.2807	0.077017	0.15078	0.18243	0.18355	0.09756	0.16284	0.39721	0.13873	0.3439	0.072467	0.20479	0.33331	0.37835	0.072746	0.34418	0.24155	0.38381	0.008032	0.10119	0.27658	0.39958	0.02714	0.19719	0.092715	0.32281	0.29535	0.45794	0.28557	0.20338	0.068981	0.058354	0.26809	0.57843	0.21337	0.37031	0.044182	0.24744	0.50786	0.13419	0.20323	0.10735	0.32965	0.34863	0.20241	0.32966	0.13106	0.086451	0.2542	0.27873	0.2566	0.30215	0.22355	0.35547	0.096018	0.23025	0.22399	0.24171	0.085641	0.20605	0.2996	0.25953	0.22662	0.1918	0.18357	0.08214	0.338	0.29802	0.2066	0.06926	0.043252	0.31242	0.16342	0.11618	0.12647	0.035239	0.22849	0.33141	0.26684	0.16768	0.17912	0.23449	0.25332	0.3948	0.017592	0.1496	0.040761	0.26248	0.06793	0.31237	0.15267	0.14322	0.048344	0.19846	0.32947	0.23701	0.15477	0.24452	0.3204	0.12512	0.23347	0.26519	0.3548	0.17845	0.34339	0.26427	0.14876	0.16142	0.072398	0.17335	0.38581	0.26043	0.42781	0.082159
0.15115	0.14074	0.10338	0.062075	0.1515	0.10712	0.10936	0.17645	0.038431	0.071056	0.097549	0.025414	0.3297	0.30271	0.24373	0.095783	0.14099	0.12606	0.10753	1	0.20787	0.049513	0.18115	0.059746	0.07478	0.11907	0.13723	0.022436	0.11335	0.069758	0.18369	0.22281	0.0931	0.095833	0.20941	0.16604	0.049852	0.21837	0.13299	0.074896	0.13951	-0.047817	0.12379	0.20892	0.24165	0.046138	0.093636	0.1211	0.17527	0.051522	0.14443	0.19343	0.16974	-0.0043594	0.13594	-0.03589	0.18608	0.052701	0.20426	0.11945	0.14422	0.0232	0.09113	0.15635	0.15948	0.034402	0.14935	0.076018	0.17118	0.13601	-0.015965	0.057378	0.019926	0.077707	0.11787	0.28759	0.12976	0.15249	0.094946	0.1318	0.16948	0.15208	0.11195	0.20797	0.19298	0.095263	0.040799	0.12299	0.1729	0.12683	0.2753	0.19987	0.077767	0.18294	0.15281	0.16808	0.074148	0.11622	0.19332	0.18162	0.16009	0.11507	0.25063	0.23983	0.30129	0.17988	0.062841	0.085141	0.17068	0.1086	0.23192	0.033549	0.080687	0.20042	0.22158	0.18398	0.59513	0.19769	0.053016	0.14447	0.16753	0.11623	0.23644	0.11795	0.18957	0.13676	0.12688	0.10592	0.14598	0.27417	0.19676	0.14328	0.090565	0.11487	0.02135	0.089553	0.14146	0.16989	-0.064414	0.12285	0.27898	0.048996	0.14316	0.12416	-0.0054594
0.27834	0.17015	0.11003	0.17048	0.23979	0.41603	0.14539	0.32172	0.19089	0.1918	0.24267	0.099454	0.21029	0.2686	0.26387	0.25251	0.31446	0.26575	0.40872	0.20787	1	0.21299	0.36352	0.18294	0.15944	0.33897	0.29111	0.16147	0.30616	0.064671	0.24216	0.30683	0.090761	0.17672	0.22566	0.25926	0.059234	0.22585	0.41965	0.14622	0.34096	0.12289	0.20571	0.30427	0.41011	0.031958	0.29932	0.2324	0.38642	-0.092158	0.17951	0.33873	0.37313	0.042201	0.26804	0.18131	0.28112	0.24656	0.50222	0.22276	0.3149	0.10324	0.14468	0.37677	0.46983	0.16135	0.32606	0.12038	0.27303	0.42486	0.14737	0.23917	0.15294	0.26931	0.29916	0.26191	0.3144	0.26286	0.1839	0.25267	0.22425	0.35708	0.23064	0.34714	0.37216	0.096839	0.26424	0.24483	0.23022	-0.037939	0.2521	0.36492	0.38847	0.23852	0.18495	0.18981	0.11767	0.34205	0.22715	0.15742	0.17771	0.15891	0.38717	0.18182	0.277	0.20444	0.059479	0.19678	0.44553	0.2253	0.19461	0.16032	0.28174	0.32628	0.41946	0.18459	0.32164	0.17818	0.2156	0.13116	0.3071	0.1882	0.19353	0.11242	0.27973	0.31111	0.26285	0.21036	0.26263	0.3427	0.16894	0.25013	0.30605	0.3116	0.21949	0.31951	0.28595	0.19651	0.13828	0.059034	0.3073	0.29517	0.25883	0.40319	0.02055
0.285	0.22625	0.21406	0.065557	0.15679	0.12161	0.043551	0.34167	0.73548	0.17012	0.32292	0.093928	-0.019245	0.098407	0.19421	0.059692	0.070795	0.11147	0.21917	0.049513	0.21299	1	0.25394	0.69495	0.66231	0.31111	0.23163	0.21518	0.073128	0.10045	0.10376	0.31007	0.17267	0.10855	0.14958	0.13429	0.035117	0.034458	0.2715	-0.018166	0.28774	0.068512	0.17129	0.26379	0.25731	0.031763	0.14793	0.17424	0.29256	0.1565	0.083984	0.30981	0.3821	0.13108	0.40045	0.069419	0.13548	0.11025	0.29269	0.39617	0.14938	0.16201	0.010176	0.16989	0.15553	-0.04017	0.2496	0.062363	0.32841	0.1695	0.012535	0.26705	0.075549	0.223	0.1459	0.16526	0.24535	0.17134	0.13879	0.26651	0.13761	0.41956	0.61019	0.2315	0.38015	0.087026	0.47226	0.19225	0.14927	-0.08328	-0.083279	0.34856	0.16898	0.48244	0.11803	0.14805	0.060871	0.29673	0.29391	0.21237	0.067403	0.043307	0.25888	0.10225	0.047303	0.011593	0.026165	0.24496	0.30621	0.18487	0.015987	0.035609	0.43699	0.31438	0.34292	0.098249	0.12906	0.13361	0.12189	0.095938	0.40228	0.096132	0.023171	0.030173	0.23951	0.30851	0.14465	0.26053	0.20366	0.31102	0.058589	0.15769	0.31592	0.13065	0.37429	0.23385	0.21361	0.11733	0.010611	0.026647	0.13201	0.26013	0.29485	0.33769	0.12164
0.32133	0.25933	0.27126	0.35757	0.18346	0.32094	0.25926	0.29009	0.32949	0.19838	0.24914	0.2071	0.26246	0.31066	0.25749	0.29248	0.31906	0.42457	0.32739	0.18115	0.36352	0.25394	1	0.26109	0.29157	0.29439	0.29141	0.22412	0.19168	0.059127	0.26629	0.32708	0.084176	0.11867	0.33789	0.2653	-0.021587	0.24021	0.41337	0.15158	0.35622	0.14803	0.33191	0.30583	0.37683	-0.029754	0.34119	0.33697	0.37985	0.032301	0.21346	0.3439	0.33496	-0.0022722	0.32978	0.00029136	0.45307	0.26709	0.44808	0.31564	0.35507	0.19061	0.27337	0.35605	0.38015	0.14143	0.32444	0.194	0.37455	0.29313	0.13581	0.31963	0.12483	0.26488	0.34336	0.3126	0.33173	0.38928	0.30046	0.24278	0.274	0.36017	0.3588	0.39488	0.32426	0.11597	0.30498	0.23497	0.22928	0.010725	0.29735	0.36728	0.40023	0.31323	0.30398	0.25644	0.11939	0.23737	0.32684	0.34527	0.25992	0.24152	0.32764	0.27828	0.23756	0.27832	0.13292	0.29361	0.29752	0.2983	0.20818	0.0506	0.32903	0.34948	0.39023	0.30223	0.3063	0.3929	0.31	0.28705	0.40945	0.031789	0.28304	0.102	0.41371	0.28934	0.26182	0.26201	0.23364	0.42883	0.21019	0.31394	0.31777	0.19372	0.19301	0.31322	0.37473	0.24081	0.22087	0.1485	0.2932	0.32615	0.28462	0.39292	0.14532
0.27076	0.19957	0.23332	0.11096	0.19907	0.19297	0.079143	0.39936	0.73455	0.12317	0.34343	0.1081	-0.012372	0.039875	0.21932	0.17866	0.11146	0.16382	0.30213	0.059746	0.18294	0.69495	0.26109	1	0.67802	0.35669	0.24444	0.23189	0.18825	-0.071545	0.084041	0.34966	0.20836	0.18636	0.15545	0.11503	0.088603	0.10873	0.33195	0.090637	0.33492	0.10957	0.2563	0.36308	0.26083	0.053087	0.20213	0.19471	0.2994	0.065541	0.04133	0.31217	0.40688	0.08527	0.35435	0.072785	0.18262	0.16994	0.3401	0.4407	0.14265	0.14766	0.051341	0.23772	0.19639	0.036546	0.26712	0.10147	0.33598	0.23058	0.068155	0.24075	0.11579	0.28612	0.23358	0.15872	0.32162	0.082748	0.080934	0.18841	0.1824	0.41165	0.63231	0.18038	0.41212	0.12718	0.49066	0.17414	0.21244	-0.019299	-0.057274	0.36487	0.21179	0.49346	0.16021	0.20884	0.10179	0.3052	0.36241	0.27208	0.0039235	0.0059073	0.2902	0.1224	0.015794	0.043952	0.012676	0.332	0.32499	0.22122	0.069914	0.088709	0.5256	0.29656	0.38071	0.041641	0.087327	0.099784	0.17609	0.001086	0.42547	0.097756	0.026417	0.0095555	0.23776	0.26307	0.20812	0.21083	0.17139	0.30572	-0.0044083	0.17562	0.27095	0.15405	0.32011	0.30004	0.12768	0.087544	0.047082	0.0069926	0.077929	0.25997	0.26314	0.32104	0.12255
0.24851	0.17537	0.20759	0.063302	0.18301	0.091969	0.071149	0.41884	0.6302	0.079113	0.25791	0.14874	-0.041542	0.0095836	0.24143	0.10539	0.032931	0.15798	0.17544	0.07478	0.15944	0.66231	0.29157	0.67802	1	0.38463	0.1865	0.21719	0.075444	-0.054311	0.13105	0.31158	0.14871	0.1984	0.21465	0.17434	0.050816	0.097164	0.31634	0.0084447	0.26197	0.10654	0.22831	0.26308	0.21726	0.051237	0.16068	0.161	0.24413	0.20575	0.061745	0.26185	0.34101	0.085502	0.37472	0.061853	0.19652	0.075108	0.32169	0.37926	0.11219	0.11452	0.092203	0.19942	0.17982	-0.023943	0.26734	0.090442	0.29505	0.21427	0.039982	0.23619	0.043109	0.17238	0.14255	0.17308	0.3156	0.10248	0.075294	0.20499	0.052037	0.41184	0.59798	0.15291	0.31149	0.12607	0.45239	0.2061	0.076984	-0.09525	0.010051	0.27587	0.16402	0.47158	0.21222	0.19779	0.10031	0.23493	0.32047	0.22214	0.11173	0.024088	0.23874	0.064753	0.10061	0.096413	0.047231	0.2442	0.25485	0.19396	0.058016	0.056339	0.56574	0.27215	0.33173	0.089538	0.10388	0.12201	0.1559	0.065182	0.48625	0.072568	0.049531	0.018614	0.14331	0.2301	0.19698	0.23627	0.16989	0.33743	0.078342	0.19803	0.275	0.15618	0.30832	0.24122	0.13532	0.12633	0.073913	0.070058	0.14458	0.16267	0.21674	0.24769	0.10707
0.31318	0.20564	0.20523	0.24746	0.21009	0.27773	0.11956	0.38248	0.36141	0.17569	0.21619	0.11779	0.08667	0.092682	0.28912	0.20557	0.11294	0.23945	0.27747	0.11907	0.33897	0.31111	0.29439	0.35669	0.38463	1	0.2971	0.25166	0.1995	0.031232	0.16704	0.30374	0.10052	0.26532	0.26926	0.24485	-0.021186	0.18393	0.35592	0.19242	0.2675	0.15719	0.29715	0.28611	0.25321	-0.034729	0.215	0.25053	0.38077	0.056425	0.13102	0.36649	0.37602	0.087072	0.38428	0.15914	0.19898	0.21411	0.38652	0.307	0.2708	0.17796	0.19924	0.34521	0.29358	0.12324	0.30957	0.18278	0.27753	0.32499	0.11906	0.27493	0.22805	0.25007	0.25732	0.22782	0.40378	0.21186	0.15555	0.20012	0.24497	0.35169	0.33783	0.31009	0.31475	0.20666	0.32559	0.24517	0.29754	-0.046457	0.13151	0.3483	0.38272	0.30244	0.2192	0.12095	0.11262	0.38688	0.39562	0.29511	0.18542	0.15947	0.29266	0.099243	0.14775	0.028046	0.078505	0.33348	0.34009	0.33601	0.1591	0.10477	0.32231	0.30484	0.38822	0.14684	0.20624	0.20294	0.20429	0.1074	0.42374	0.20082	0.059262	0.070505	0.15638	0.31659	0.26787	0.24	0.23983	0.39895	0.12573	0.22743	0.42277	0.29188	0.34698	0.40138	0.2779	0.21799	0.18954	0.047758	0.24345	0.21359	0.14759	0.3257	0.18841
0.36475	0.21614	0.21101	0.21187	0.182	0.34896	0.18443	0.28343	0.20261	0.28061	0.2115	0.12845	0.23031	0.16883	0.25588	0.20365	0.22335	0.33536	0.36467	0.13723	0.29111	0.23163	0.29141	0.24444	0.1865	0.2971	1	0.27929	0.22637	0.085491	0.21764	0.34378	0.1271	0.13958	0.18251	0.28737	0.044664	0.14605	0.35622	0.21582	0.36411	0.12978	0.28795	0.2855	0.3	0.015301	0.31118	0.41732	0.32151	0.06993	0.17946	0.45317	0.36993	-0.044176	0.31405	0.21478	0.24435	0.22162	0.42301	0.27166	0.20533	0.11834	0.1931	0.39153	0.29923	0.096203	0.37261	0.14515	0.25907	0.26658	0.080822	0.26899	0.29355	0.25221	0.31367	0.17623	0.2994	0.19769	0.17721	0.19683	0.26233	0.31289	0.27072	0.37445	0.32289	0.142	0.27778	0.17373	0.28022	0.028565	0.1774	0.3702	0.38249	0.18905	0.12356	0.20029	-0.030794	0.28881	0.33096	0.25416	0.1783	0.10751	0.38363	0.21077	0.25091	0.25343	-0.031301	0.31535	0.37369	0.29002	0.26477	0.23106	0.34207	0.35404	0.41916	0.14819	0.19666	0.2753	0.17795	0.14121	0.28981	0.17948	0.23668	0.16127	0.24738	0.35801	0.30866	0.22485	0.37627	0.35628	0.1282	0.28659	0.26878	0.27183	0.20046	0.38817	0.25498	0.21187	0.15645	0.013637	0.28532	0.19993	0.32936	0.45197	0.15662
0.18169	0.17198	0.13404	0.14422	0.12317	0.15883	0.073955	0.2439	0.21981	0.17673	0.15615	0.045005	0.11656	0.082042	0.12856	0.10801	0.10152	0.12027	0.24873	0.022436	0.16147	0.21518	0.22412	0.23189	0.21719	0.25166	0.27929	1	0.14238	0.041734	0.07532	0.21034	0.13944	0.11862	0.090028	0.17922	0.043499	0.12082	0.24795	0.21033	0.18452	0.083847	0.15217	0.30915	0.18648	0.038493	0.12114	0.22785	0.19546	-0.025335	0.023768	0.4255	0.26207	0.096065	0.2592	0.094069	0.067395	0.11858	0.26941	0.15906	0.16383	0.096066	0.064252	0.15694	0.22952	0.072727	0.31065	0.082972	0.18988	0.13402	0.12223	0.13581	0.077605	0.14039	0.19937	0.12561	0.22819	0.20079	0.11884	0.35385	0.11746	0.23015	0.30367	0.2087	0.19519	0.06141	0.26716	0.12706	0.23624	0.020411	0.082302	0.23079	0.1881	0.14282	0.074825	0.11172	0.030977	0.24243	0.37427	0.21422	0.122	0.023503	0.15943	0.17965	0.12148	0.097735	0.089821	0.17853	0.193	0.26564	0.17882	0.091889	0.23504	0.20782	0.31483	0.11807	0.12913	0.12304	0.13371	0.02613	0.30662	0.05315	0.19505	-0.070071	0.15432	0.17033	0.2166	0.11979	0.369	0.26549	0.066464	0.25966	0.20597	0.17432	0.20637	0.19299	0.048699	0.14045	0.074094	-0.03424	0.20628	0.23924	0.12713	0.17667	0.007482
0.24713	-0.074781	0.17005	0.12768	0.25946	0.64172	0.10439	0.15336	0.14885	0.090398	0.15602	0.037407	0.14101	0.19913	0.084499	0.38344	0.26244	0.20195	0.63103	0.11335	0.30616	0.073128	0.19168	0.18825	0.075444	0.1995	0.22637	0.14238	1	0.0031866	0.10233	0.27326	0.064866	0.07508	0.13391	0.15284	0.064298	0.18238	0.28232	0.14485	0.22882	0.035722	0.18856	0.26129	0.27095	0.037082	0.30401	0.22143	0.28311	0.020246	0.083297	0.20748	0.26238	0.062504	0.12838	0.095762	0.17592	0.29136	0.31399	0.18889	0.14435	0.13858	0.098383	0.23313	0.57936	0.086058	0.23458	0.068018	0.24252	0.46794	0.11517	0.21845	0.12681	0.19917	0.24648	0.22069	0.26649	0.1111	0.13447	0.13345	0.22209	0.16684	0.1436	0.22669	0.24109	0.1283	0.12988	0.13955	0.18419	-0.006194	0.17108	0.20594	0.31	0.090511	0.17169	0.10944	0.040504	0.20368	0.20956	0.16148	0.08163	0.054539	0.26206	0.18735	0.12286	0.11602	0.022217	0.19266	0.29837	0.26273	0.027266	0.10103	0.15765	0.21045	0.29361	0.055811	0.14885	0.029502	0.26479	0.063491	0.2217	0.14244	0.13854	0.047431	0.16674	0.37253	0.19074	0.16061	0.16747	0.2523	0.12545	0.19408	0.25856	0.19277	0.10566	0.28735	0.20977	0.12403	0.087626	0.0028994	0.13914	0.29103	0.21696	0.27069	0.013634
0.14593	0.21438	0.074866	-0.059186	-0.03577	0.033085	0.008916	-0.060538	0.0168	0.014799	0.026853	0.02563	0.094922	0.11654	0.13131	-0.024519	0.094385	0.059153	0.018475	0.069758	0.064671	0.10045	0.059127	-0.071545	-0.054311	0.031232	0.085491	0.041734	0.0031866	1	0.37748	0.0731	-0.015405	-0.0013436	0.049145	0.086892	-0.011363	-0.009213	-0.07903	-0.014639	0.075509	0.017443	-0.081722	0.0055391	0.010573	-0.022254	0.0081835	-0.021521	-0.016941	0.0058363	0.31145	0.022144	0.014931	0.030014	0.07701	0.02223	-0.023039	0.03974	0.13063	-0.073212	0.048834	-0.03038	0.23444	0.10617	-0.030614	0.0058055	0.010502	0.013187	0.1453	0.048225	-0.054385	0.10018	0.024549	0.056962	0.11455	0.15042	-0.042541	0.3157	0.35687	0.026991	0.048819	0.016769	0.066408	0.13937	0.056277	0.089291	-0.071777	0.031073	-0.014748	0.06722	0.2344	0.025202	0.095479	0.20677	0.024076	0.041577	-0.005896	0.071645	0.056521	0.03597	0.26725	0.33827	0.1157	0.095756	0.16376	0.10155	0.14996	0.015471	0.1325	0.039006	0.12993	0.05996	0.01062	0.10379	-0.040464	0.38715	0.03848	0.25781	0.026181	0.33457	0.025211	0.0048034	0.12957	0.027618	0.16754	0.085176	0.092161	0.28058	0.082558	0.089456	0.11555	-0.15823	0.091232	0.018235	0.050562	0.069983	0.17533	0.062827	0.013699	0.052992	0.096202	0.082051	0.10496	0.080972	0.017297
0.32641	0.22319	0.16263	0.01588	0.10866	0.1104	0.17709	0.22426	0.059698	0.060949	0.12045	0.1032	0.25131	0.19415	0.30451	0.18705	0.16057	0.1791	0.11254	0.18369	0.24216	0.10376	0.26629	0.084041	0.13105	0.16704	0.21764	0.07532	0.10233	0.37748	1	0.30038	0.00027918	0.15332	0.13186	0.39685	-0.043825	0.030602	0.22149	0.086602	0.23673	0.052936	0.16986	0.20104	0.20545	-0.024486	0.17247	0.25645	0.15211	0.053672	0.7198	0.14393	0.29673	0.10075	0.19051	0.10993	0.22551	0.067354	0.28405	0.19684	0.15809	-0.019158	0.6095	0.33898	0.17254	-0.038974	0.2127	0.11401	0.30308	0.18239	0.021611	0.35044	0.1317	0.09321	0.25867	0.28927	0.23265	0.6505	0.77992	0.047304	0.11721	0.10153	0.14279	0.26474	0.13734	0.1416	0.11842	0.15324	0.19172	0.15881	0.26961	0.14695	0.35448	0.22677	0.18813	0.18108	0.13205	0.15377	0.14188	0.20637	0.62182	0.65212	0.25388	0.18695	0.30726	0.24017	0.25752	0.079207	0.29012	0.12215	0.22952	0.1426	0.1246	0.27438	0.29363	0.74665	0.1579	0.55028	0.19029	0.66022	0.17738	0.21776	0.26962	0.11691	0.30486	0.22962	0.21406	0.37133	0.057104	0.30209	0.25906	0.097051	0.2062	0.0673	0.16902	0.24612	0.28227	0.13657	0.1112	0.093572	0.329	0.11968	0.16673	0.26271	0.10773
0.48728	0.28858	0.2485	0.19663	0.17379	0.25356	0.18384	0.32747	0.34971	0.23546	0.28627	0.097566	0.20998	0.2686	0.17185	0.27061	0.096598	0.24184	0.2807	0.22281	0.30683	0.31007	0.32708	0.34966	0.31158	0.30374	0.34378	0.21034	0.27326	0.0731	0.30038	1	0.12911	0.25976	0.4046	0.37187	0.074834	0.29202	0.37128	0.14809	0.47777	0.079651	0.3352	0.32184	0.28731	0.039292	0.28496	0.31117	0.36393	0.25783	0.25771	0.44107	0.43022	0.11738	0.25436	0.1377	0.25616	0.23637	0.37394	0.25534	0.29523	0.18944	0.19568	0.44868	0.33756	-0.034042	0.42848	0.13097	0.43621	0.38086	0.14504	0.42446	0.15457	0.17099	0.38587	0.28294	0.22792	0.25356	0.31881	0.15046	0.24041	0.30845	0.33675	0.31344	0.42882	0.13683	0.24349	0.165	0.26165	0.16236	0.24917	0.55882	0.47597	0.30195	0.23342	0.061493	0.078988	0.34007	0.35248	0.28196	0.28547	0.25433	0.59307	0.16113	0.21078	0.21937	0.082241	0.27106	0.50393	0.21286	0.14436	0.17477	0.3272	0.52987	0.46109	0.25152	0.28372	0.28335	0.23236	0.27219	0.36758	0.14382	0.21515	0.086489	0.43235	0.40822	0.33717	0.30912	0.17652	0.47788	0.23987	0.20899	0.35163	0.2388	0.26374	0.40966	0.42512	0.088611	0.058442	0.032553	0.3282	0.3515	0.38991	0.43979	0.095713
0.070277	0.10835	0.097827	0.00022193	0.026897	0.077218	0.13248	0.18914	0.19545	0.11589	0.10066	-0.0039153	0.076056	0.057636	0.03966	0.038086	0.024113	0.10452	0.077017	0.0931	0.090761	0.17267	0.084176	0.20836	0.14871	0.10052	0.1271	0.13944	0.064866	-0.015405	0.00027918	0.12911	1	0.053401	0.047506	0.10313	0.011938	0.034943	0.003513	0.051757	0.098737	0.014989	0.15107	0.018774	0.08516	0.0091704	0.11086	0.13208	0.16896	-0.062226	-0.04692	0.14319	0.11677	0.03988	0.17409	0.040003	0.11568	0.087149	0.065876	0.16219	0.10903	0.073993	0.056086	0.098726	0.022573	0.00020323	0.12341	0.02643	0.071955	0.090088	-0.016933	0.063798	0.10758	0.096101	0.097125	0.10762	0.094985	0.061254	-0.050132	0.079084	0.095221	0.16307	0.1745	0.19962	0.18319	0.066275	0.17702	0.067398	0.13915	-0.047925	-0.057272	0.1339	0.13201	0.13418	0.079437	0.033988	0.0537	0.14474	0.077937	0.039585	0.040902	0.0040389	0.18299	0.045965	0.0011847	0.0047477	-0.011252	0.11389	0.073844	0.17872	-0.012616	0.087065	0.15111	0.12036	0.1399	0.011798	0.032329	-0.028505	0.051319	-0.016245	0.19153	0.064927	0.008952	0.036637	0.10312	0.086383	0.085657	0.070326	0.10943	0.11206	0.04244	0.07136	0.086209	0.091244	0.12841	0.13194	0.049717	0.067683	0.02177	0.00063703	0.00048375	0.081893	0.0718	0.080936	0.054668
