1	0.22427	0.15057	0.1337	0.26827	0.33376	0.011633	0.24936	0.31492	0.22449	0.3643	0.2524	0.11909	0.12951	0.14131	0.16133	0.087039	0.23093	0.357	0.13812	0.27444	0.34647	0.18232	0.24434	0.30146	0.29914	0.28976	0.37474	0.3018	0.11485	0.15102	0.56472	0.32066	0.0066142	0.31208	0.41359	0.11339	0.45908	0.46038	0.30457	0.44789	0.40032	-0.0026547	0.42803	0.47849	0.30138	0.18202	0.37268	0.48337	0.20529	0.13519	0.40919	0.47879	0.3972	NaN	0.57936	0.19918	0.26909	0.52247	0.37213	0.17887	0.035107	0.22535	0.53223	0.36635	0.23112	0.49355	0.16731	0.27803	0.29999	0.26945	0.13401	0.22392	0.28558	0.54443	0.14882	0.40477	0.15985	0.23121	0.40651	0.1618	0.23945	0.33537	0.44675	0.32732	0.25704	0.27237	0.1712	0.1332	0.25742	0.15099	0.67157	0.51626	0.29427	0.09008	0.32127	0.40566	0.46713	0.21264	0.30633	0.048092	0.14071	0.63448	0.25172	0.12849	0.11732	0.16262	0.3042	0.57754	0.094521	0.17946	0.19113	0.30015	0.62915	0.44654	0.17964	0.065105	0.10935	0.068757	0.19684	0.39879	0.52075	0.067165	0.048366	0.3344	0.38586	0.36633	0.29392	0.42172	0.40848	0.079529	0.29668	0.1729	0.44083	NaN	0.3739	0.23931	0.25238	0.11709	0.29808	0.1988	0.39238	0.12041	0.54716	0.13879
0.22427	1	0.025823	0.0053279	0.22727	0.11701	0.064436	0.40207	0.52357	0.11535	0.25663	0.3636	-0.12599	-0.10364	0.10009	0.046291	-0.035557	0.044608	0.12797	0.019512	0.076842	0.54192	0.31784	0.55681	0.59902	0.34171	0.15641	0.29358	0.21781	-0.08832	-0.1143	0.1892	0.40189	0.084344	0.061895	0.07738	-0.038755	0.14782	0.38122	0.21336	0.13769	0.30995	-0.023281	0.30355	0.20352	0.07673	0.15365	0.16155	0.37656	-0.0040007	-0.086359	0.35927	0.24815	0.20015	NaN	0.16544	-0.049519	0.12981	0.40527	0.43161	-0.015528	0.081456	0.013634	0.32094	0.03684	0.13667	0.17833	0.13105	0.15874	0.14338	0.090311	0.11308	0.065105	0.17229	0.37266	-0.14748	0.29994	-0.012445	-0.0023734	0.29521	0.0076474	0.16173	0.52359	0.1709	0.37058	0.28564	0.42496	0.20855	0.00097347	-0.023915	-0.13935	0.21599	0.31495	0.62179	0.062105	0.23043	0.26783	0.34519	0.20997	0.17435	0.01323	-0.06368	0.21323	0.11692	-0.11776	-0.18801	-0.050544	0.36102	0.22649	0.077956	-0.01407	0.08839	0.55329	0.22419	0.24125	-0.076324	-0.010797	0.012012	-0.0098853	-0.019971	0.45995	0.23442	-0.22411	-0.10877	0.18749	0.21932	0.23693	0.10462	0.15571	0.24616	-0.062021	0.16737	0.25237	0.28257	NaN	0.23812	-0.033073	0.23861	0.066216	0.16048	0.058626	0.3176	0.18681	0.44094	0.19045
0.15057	0.025823	1	0.27662	0.050824	0.14058	0.14498	0.0084634	0.092826	0.19647	0.12251	0.094916	0.24253	0.2354	0.074534	0.23162	0.30649	0.35953	0.19631	0.15662	0.2419	0.04959	0.067692	0.038684	-0.035714	0.1267	0.053978	0.032193	0.18876	0.15711	0.23764	0.10326	-0.05706	-0.011619	0.065288	0.207	0.12758	0.18022	0.071102	0.15704	0.21148	0.10834	0.044965	0.11451	0.22289	0.12659	0.28455	0.13446	0.16349	0.21354	0.18033	0.078253	0.16392	0.10613	NaN	0.18486	0.1457	0.080337	0.08368	-0.034149	0.10668	0.14984	0.18782	0.19057	0.23093	-0.020847	0.13674	0.20573	0.06492	0.28201	0.26427	-0.038084	0.074476	0.11417	0.10797	0.1306	0.11102	0.12824	0.16446	0.074229	0.1148	0.043396	-0.059873	0.037365	0.12582	0.04644	-0.070892	0.12242	0.064064	0.14344	0.16966	0.16052	0.087095	0.032019	0.040484	0.15741	0.0085782	-0.0088317	0.096097	0.18154	0.14966	0.21186	0.065236	0.068283	0.14859	0.019704	0.11762	0.089754	0.16848	-0.00057527	0.15059	0.15561	0.015701	0.19305	0.078073	0.17159	0.051645	0.022446	0.077304	0.20831	0.059458	0.10889	0.18519	0.12539	0.093948	-0.0055567	0.12858	0.073627	0.23427	0.12866	0.24919	0.12247	0.090075	0.17447	NaN	0.1371	0.11057	0.097426	0.083929	-0.087277	0.20458	0.0076084	0.073872	0.094303	0.20768
0.1337	0.0053279	0.27662	1	0.038	0.13326	0.15989	0.015529	-0.006875	0.24679	0.31333	-0.041729	0.27959	0.2258	-0.08137	0.20333	0.13177	0.35021	0.2797	0.10006	0.23104	-0.0061379	0.22438	0.036583	-0.044338	-0.033116	0.050103	0.05835	0.10496	0.12221	0.15758	0.10045	-0.097425	-0.014542	0.063879	0.24348	0.11877	0.06207	0.14585	0.11919	0.10469	0.075642	0.15223	0.095288	0.14876	0.2033	0.31424	0.17676	0.1166	0.44721	0.16727	-0.05515	0.11517	0.10321	NaN	0.15633	0.54035	0.11783	0.08565	-0.061891	0.25171	0.25105	0.1297	0.059706	0.23509	0.13288	0.097554	0.12226	0.12141	0.29457	0.34381	0.18215	0.30729	0.12194	0.086909	0.045979	0.05215	0.19096	0.18272	0.14389	0.43788	0.12835	0.01828	0.052856	0.15782	0.1381	-0.11889	-0.0028781	0.16996	0.18196	0.17004	0.060804	0.010632	0.0092741	0.080848	0.086311	0.13504	0.061584	0.11202	0.13953	0.022774	0.15133	0.087252	0.1247	0.22204	0.13927	0.11127	-0.051435	0.1518	-0.012602	0.15498	0.21308	0.006982	0.097693	0.12261	0.1263	-0.038992	0.0034677	0.031424	0.12174	-0.031096	0.17018	0.21924	0.082864	0.056209	0.08808	0.056876	0.14882	0.23191	-0.029622	0.26191	0.061076	0.002997	0.21736	NaN	0.082869	0.028586	0.035362	0.094376	0.03499	0.24193	0.0067151	0.11008	0.1647	0.17453
0.26827	0.22727	0.050824	0.038	1	0.2102	-0.012498	0.31903	0.21525	0.16801	0.30519	0.22156	0.18948	0.17016	0.073938	0.096438	-0.049648	0.10636	0.16601	0.046048	0.080013	0.2264	0.19714	0.19424	0.23535	0.18637	0.18409	0.20177	0.20749	0.042408	0.05649	0.2648	0.22406	0.15291	0.083821	0.27748	0.027041	0.32322	0.32068	0.109	0.23988	0.3129	0.063561	0.22026	0.33245	0.15381	0.088165	0.093187	0.36515	0.025006	0.092485	0.22447	0.21649	0.30509	NaN	0.38216	0.12729	0.050367	0.3773	0.32181	0.088777	0.02041	0.096338	0.22776	0.19997	0.10515	0.29078	0.15402	0.17508	0.20527	0.0047744	0.001937	0.06709	0.23794	0.26147	0.090068	0.3523	0.12445	0.13239	0.18714	-0.0036951	0.054452	0.21559	0.18857	0.32218	0.30221	0.19972	0.17008	0.073487	0.096651	0.16229	0.317	0.24002	0.20183	0.14883	0.1531	0.19778	0.24612	0.093885	0.098551	0.10576	0.051695	0.2982	0.086653	0.098702	-0.12981	0.061216	0.27777	0.2121	0.11956	0.14591	0.19596	0.195	0.33642	0.25965	0.12031	-0.013447	0.11068	0.10739	0.07468	0.27277	0.28463	0.015977	0.088738	0.23518	0.16034	0.19129	0.11082	0.18862	0.22423	0.094162	0.15385	0.12753	0.28928	NaN	0.21199	0.12486	0.2184	0.0082998	0.19675	0.26954	0.27269	0.13067	0.2982	0.13728
0.33376	0.11701	0.14058	0.13326	0.2102	1	0.15574	0.20125	0.224	0.16457	0.30343	0.13724	0.14602	0.10048	0.13001	0.27787	0.32047	0.22651	0.51887	0.11237	0.42644	0.19997	0.1171	0.16969	0.18971	0.1035	0.23619	0.16379	0.40475	0.17332	0.20878	0.30875	0.10757	0.096919	0.27743	0.3253	0.16291	0.28068	0.40543	0.14352	0.46571	0.29649	0.055753	0.29882	0.33005	0.34258	0.2364	0.31176	0.36854	0.23942	0.12279	0.16299	0.42513	0.24683	NaN	0.29707	0.15075	0.22936	0.37258	0.15867	0.070297	0.068584	0.16915	0.2766	0.66899	0.14292	0.39983	0.27098	0.16957	0.43609	0.23737	0.11166	0.15844	0.21459	0.29456	0.17743	0.34711	0.18688	0.15668	0.27276	0.10723	0.13392	0.1733	0.25132	0.2662	0.22152	0.16226	0.09179	0.14041	0.16323	0.14788	0.34035	0.37826	0.22975	0.15163	0.182	0.2726	0.25191	0.23385	0.16504	0.10708	0.1026	0.29895	0.19288	0.088367	0.051607	0.15988	0.14131	0.44016	0.1233	0.28139	0.18097	0.15569	0.36324	0.32709	0.22562	-0.013866	0.086803	0.12727	0.15045	0.17188	0.32527	0.10845	0.032095	0.24637	0.2381	0.35759	0.011229	0.18513	0.20717	0.134	0.12078	0.085795	0.29704	NaN	0.16633	0.17604	0.25298	0.19449	0.15284	0.2752	0.22134	0.12853	0.39071	0.12458
0.011633	0.064436	0.14498	0.15989	-0.012498	0.15574	1	0.085115	0.058929	0.094845	0.12169	0.043743	0.070301	0.037619	0.024555	0.028283	0.034402	0.25183	0.067824	0.023881	0.061332	0.064902	0.087274	0.046468	-0.0018654	0.029777	0.078895	0.062519	0.11534	0.10979	0.1117	0.025195	0.051652	0.072848	-0.011463	0.064541	0.015043	-0.034924	0.16072	0.038908	0.114	0.087511	0.013715	0.049328	0.062259	0.050984	0.11278	0.081484	-0.007407	0.076502	0.058058	-0.02132	0.043279	0.1125	NaN	0.070143	0.12061	0.081941	0.061839	0.070815	-0.019366	0.057857	0.047612	0.097875	0.13533	0.034718	0.076852	0.078026	0.0073795	0.10466	0.09993	0.043452	0.16409	0.10482	0.050683	0.07769	0.029489	0.097298	0.0877	0.090839	0.10903	0.060907	0.070069	0.025353	0.033636	0.09649	0.15697	0.16857	0.033236	0.11175	0.028773	0.025035	0.079793	0.078554	-0.010353	0.086325	0.037352	0.087331	0.037782	0.14089	0.01167	0.028957	0.013232	0.061264	-0.030847	-0.02918	0.065915	0.0055999	0.066165	-0.0026069	0.078915	0.092612	0.098777	0.014201	0.11288	0.085493	0.032338	0.014029	0.038885	0.048825	0.1434	0.072624	-0.024809	0.079161	0.16754	0.047035	0.10828	0.083607	0.064592	0.0044464	0.03906	0.021568	0.014112	0.064359	NaN	0.070661	0.027153	0.0078205	0.14107	-0.053917	0.15434	0.047624	0.19835	0.13904	0.11982
0.24936	0.40207	0.0084634	0.015529	0.31903	0.20125	0.085115	1	0.52102	0.010445	0.2655	0.43396	0.067764	0.026709	0.11744	-0.019562	-0.061727	0.14213	0.24915	0.13997	0.113	0.54604	0.42949	0.55493	0.40601	0.4011	0.19713	0.31319	0.18572	0.028813	0.047888	0.22496	0.32037	0.067803	0.034056	0.13814	-0.039078	0.21625	0.43858	0.2093	0.2273	0.33429	-0.018085	0.39979	0.21338	0.17326	0.059558	0.13059	0.39668	0.058119	0.04954	0.34491	0.25898	0.20648	NaN	0.19594	0.040504	0.1007	0.40646	0.40496	-0.08486	0.11424	0.058507	0.24601	0.21118	0.04129	0.26778	0.20247	0.1836	0.21674	0.030712	0.11681	-0.020593	0.23416	0.31189	-0.0075496	0.39652	0.11694	0.057439	0.2635	-0.028366	0.045242	0.6054	0.15125	0.39088	0.35697	0.43948	0.076753	0.064436	-0.0098674	-0.02364	0.20774	0.2408	0.50601	0.085696	0.18298	0.26475	0.3472	0.31129	0.16608	0.0061856	0.0099239	0.2334	0.24414	0.029355	0.10686	0.059274	0.31751	0.18539	0.066263	-0.0088569	0.18448	0.57404	0.2484	0.24522	0.08565	0.028404	0.039495	0.022436	0.075164	0.43315	0.33309	-0.0063888	0.03884	0.25621	0.12187	0.28506	0.10805	0.18134	0.23885	0.034006	0.11263	0.2859	0.23746	NaN	0.29268	0.073407	0.26869	-0.051703	0.14667	0.18698	0.21689	0.12801	0.42863	0.22225
0.31492	0.52357	0.092826	-0.006875	0.21525	0.224	0.058929	0.52102	1	0.11071	0.27979	0.46855	-0.013084	-0.028711	0.17443	-0.0019135	0.053661	0.16681	0.22041	0.056763	0.1082	0.79785	0.39633	0.76775	0.62941	0.42181	0.19479	0.32197	0.25315	0.02707	0.012536	0.24746	0.528	0.11329	0.18433	0.1734	0.047343	0.29581	0.45378	0.22959	0.34303	0.35449	-0.04326	0.41415	0.29629	0.13792	0.061186	0.19026	0.4488	0.014425	0.058553	0.42204	0.3213	0.2571	NaN	0.2552	-0.029066	0.10938	0.44477	0.42005	-0.056124	0.069774	0.11459	0.37385	0.20755	0.11191	0.2867	0.28736	0.24178	0.22144	0.04558	0.061346	0.065476	0.20271	0.42378	0.0093148	0.41702	0.093279	0.078059	0.31725	0.017813	0.2469	0.67029	0.19828	0.46335	0.29579	0.45238	0.18558	0.044164	0.045954	-0.055056	0.27189	0.34425	0.63006	0.021392	0.28453	0.36434	0.39602	0.25863	0.23011	0.063303	0.055406	0.26842	0.16343	-0.039743	-0.031508	0.030078	0.3801	0.23124	0.073013	0.060747	0.14033	0.61047	0.29082	0.35244	0.036988	0.050407	0.017124	-0.0022538	0.081539	0.52664	0.42313	-0.033889	-0.010294	0.2985	0.1695	0.37743	0.10036	0.23455	0.38172	0.0026125	0.24521	0.2616	0.27378	NaN	0.29267	0.099598	0.41016	0.029732	0.2551	0.19055	0.29685	0.23908	0.42932	0.207
0.22449	0.11535	0.19647	0.24679	0.16801	0.16457	0.094845	0.010445	0.11071	1	0.30098	0.05717	0.20203	0.14182	0.095058	0.1679	0.074543	0.15477	0.23603	0.045796	0.21636	0.066739	0.10357	0.081267	0.050173	0.05352	0.081943	0.09728	0.23381	0.025367	0.06487	0.30389	0.10605	0.18862	0.21388	0.12333	0.16343	0.22887	0.24228	0.15964	0.24299	0.22989	0.016484	0.15537	0.2391	0.19513	0.20439	0.1484	0.25666	0.26482	0.082352	0.13842	0.24037	0.13135	NaN	0.23848	0.27761	0.21526	0.18756	0.076436	0.18795	0.18678	0.15368	0.23667	0.23689	0.22894	0.2712	0.09267	0.13209	0.30478	0.28184	0.11318	0.28337	0.11765	0.22399	0.11883	0.10347	0.12151	0.010792	0.20961	0.34683	0.18103	0.091249	0.16777	0.22177	0.1965	0.03213	0.037244	0.13357	0.068863	0.13624	0.27662	0.21796	0.052386	0.12441	0.22045	0.16037	0.11697	0.08132	0.0011548	0.0090089	0.06605	0.28509	0.16403	0.12887	0.080731	0.049869	0.15827	0.22975	0.10332	0.16561	0.18447	0.069893	0.226	0.274	0.078643	0.020943	0.056021	0.071385	0.076722	0.112	0.20239	0.15709	0.13331	0.097207	0.12738	0.10222	0.12995	0.23691	0.19001	0.12818	0.20055	0.045003	0.34298	NaN	0.1696	0.15376	0.15651	0.091714	0.12372	0.15687	0.087384	0.038169	0.21287	0.040488
0.3643	0.25663	0.12251	0.31333	0.30519	0.30343	0.12169	0.2655	0.27979	0.30098	1	0.22919	0.28853	0.23987	0.10024	0.24584	0.027145	0.21243	0.4092	0.16577	0.21335	0.31745	0.32357	0.3019	0.29344	0.2288	0.19572	0.23989	0.26303	0.081978	0.10861	0.39267	0.24758	0.085529	0.11416	0.38053	0.20429	0.37265	0.37213	0.30003	0.35818	0.34988	0.11783	0.27837	0.27877	0.26573	0.24945	0.26447	0.41074	0.3027	0.14785	0.27172	0.34858	0.28557	NaN	0.36101	0.24093	0.11022	0.41483	0.25461	0.1894	0.20833	0.18336	0.40614	0.30355	0.23481	0.35731	0.30071	0.19966	0.34617	0.34679	0.085837	0.30818	0.23359	0.41544	0.13612	0.31135	0.17305	0.072989	0.34728	0.37888	0.27642	0.30528	0.30864	0.36701	0.3303	0.12813	0.16483	0.1958	0.20826	0.23714	0.38404	0.38267	0.31079	0.090042	0.33914	0.40587	0.40801	0.26112	0.30403	0.10753	0.097639	0.35832	0.24441	0.22463	0.030772	0.077436	0.29528	0.39685	0.041929	0.2427	0.28943	0.25785	0.3841	0.49083	0.17258	0.12481	0.062572	0.052468	0.15473	0.32372	0.40191	0.17359	0.092023	0.33986	0.29833	0.32352	0.23339	0.37449	0.23532	0.16911	0.14038	0.26705	0.31173	NaN	0.25403	0.1995	0.29432	0.067943	0.20214	0.3765	0.29268	0.17773	0.36283	0.22381
0.2524	0.3636	0.094916	-0.041729	0.22156	0.13724	0.043743	0.43396	0.46855	0.05717	0.22919	1	-0.016998	-0.028821	0.16656	0.017792	0.13574	0.22689	0.075189	0.055389	0.06852	0.42371	0.28551	0.3737	0.4139	0.28785	0.13127	0.24498	0.16804	0.070788	0.065054	0.17548	0.37124	0.11264	0.14329	0.21088	-0.0055471	0.22362	0.32912	0.1775	0.24443	0.24223	0.015584	0.28699	0.21134	0.13645	0.12556	0.11126	0.27933	-0.041021	0.098602	0.38146	0.18232	0.24728	NaN	0.22617	0.073961	0.13344	0.32693	0.45776	0.026027	0.17026	0.16117	0.28875	0.065305	0.082802	0.27038	0.18196	0.24287	0.17598	0.077995	0.02587	0.050276	0.27412	0.35983	-0.057601	0.30428	0.0848	0.070625	0.33462	0.060789	0.12385	0.40062	0.17313	0.29766	0.23865	0.458	0.13915	0.046691	0.081281	-0.053209	0.23791	0.31506	0.40018	0.090216	0.18214	0.28737	0.36227	0.2527	0.23383	0.14751	0.075837	0.16845	0.15746	-0.025605	-0.037301	0.076541	0.2755	0.21773	0.097578	0.0041327	0.19385	0.49246	0.24974	0.24303	0.079403	0.043678	0.064508	0.085447	0.16183	0.39433	0.27032	-0.066464	-0.073441	0.23151	0.1029	0.2393	0.085749	0.20604	0.28792	0.013747	0.1714	0.24681	0.19545	NaN	0.26262	0.1309	0.27941	0.026944	0.17987	0.13781	0.27586	0.17925	0.31542	0.19646
0.11909	-0.12599	0.24253	0.27959	0.18948	0.14602	0.070301	0.067764	-0.013084	0.20203	0.28853	-0.016998	1	0.74334	0.20977	0.061328	0.10463	0.22977	0.23919	0.083694	0.21516	-0.049346	0.037666	-0.021935	-0.059164	0.066863	0.017057	-0.093885	0.152	0.27704	0.28058	0.17909	-0.10095	0.031442	0.053708	0.33665	0.18697	0.26868	0.040856	0.022309	0.12621	0.01655	0.072284	-0.018394	0.050586	0.12399	0.13822	0.1129	0.11377	0.27053	0.27385	-0.062552	0.066245	0.11943	NaN	0.16913	0.22349	1.6656e-005	0.062198	-0.0614	0.1414	0.083709	0.272	0.034477	0.23757	0.13166	0.10706	0.14499	0.054449	0.22733	0.28972	0.062373	0.26021	0.11786	0.0582	0.56418	0.025006	0.21618	0.34695	0.101	0.33463	0.12468	-0.03355	0.079615	0.10539	0.037024	-0.039236	0.07674	0.10187	0.32091	0.74348	0.092241	0.05572	-0.046871	0.19071	0.010965	0.029186	-0.014771	0.04882	0.019823	0.12464	0.22521	0.12703	0.14046	0.70191	0.28145	0.27871	0.089839	0.13103	0.13536	0.36667	0.25966	-0.047624	0.16778	0.16076	0.34333	0.010352	0.1684	0.14191	0.17659	-0.092334	0.10326	0.72853	0.58515	0.084551	-0.067339	0.15111	0.18977	0.17731	0.0013918	0.64192	0.0029635	0.026492	0.063553	NaN	0.080132	0.030453	0.0059617	0.036361	-0.046723	0.46703	-0.018686	0.16679	0.0163	0.080978
0.12951	-0.10364	0.2354	0.2258	0.17016	0.10048	0.037619	0.026709	-0.028711	0.14182	0.23987	-0.028821	0.74334	1	0.18377	0.10872	0.12847	0.22201	0.21343	0.097575	0.1511	-0.080702	-0.010778	-0.070079	-0.030572	0.082891	0.053148	-0.074444	0.1391	0.22464	0.24864	0.17189	-0.088469	-0.018386	0.029955	0.33549	0.14065	0.2103	0.071664	0.068271	0.13406	0.067525	0.01681	0.043559	0.14649	0.082235	0.11928	0.11255	0.096457	0.2061	0.22164	-0.026628	0.0871	0.106	NaN	0.14264	0.1625	0.041092	0.11504	-0.01268	0.12581	0.035875	0.21254	0.065386	0.19746	0.15483	0.13658	0.096964	0.031492	0.17078	0.23974	0.054198	0.15547	0.091196	0.10478	0.56869	0.05138	0.15176	0.25023	0.11932	0.24502	0.14343	-0.062779	0.059318	0.10271	0.020798	0.023775	0.044507	0.12922	0.2964	0.66482	0.090867	0.068726	-0.0062947	0.084164	0.051051	0.073181	0.034355	0.014444	0.03519	0.055083	0.13592	0.10146	0.091183	0.58923	0.25798	0.2192	0.13677	0.10371	-0.016807	0.28501	0.15373	-0.023171	0.14073	0.17423	0.29518	-0.0023956	0.052902	0.049423	0.15361	-0.049382	0.13513	0.65237	0.56811	0.082324	0.0025015	0.099919	0.12191	0.15538	-0.031703	0.55979	0.057382	0.029075	0.059998	NaN	0.11445	0.052238	-0.018502	0.068751	0.029655	0.38962	0.051214	0.12752	0.073832	0.043092
0.14131	0.10009	0.074534	-0.08137	0.073938	0.13001	0.024555	0.11744	0.17443	0.095058	0.10024	0.16656	0.20977	0.18377	1	-0.086221	0.035204	0.095669	0.076221	-0.027033	0.039427	0.18033	0.075797	0.10508	0.17383	0.16524	0.16036	0.12125	0.019911	0.11231	0.15256	0.092383	0.17513	0.057332	0.027262	0.089104	-0.040445	0.16816	0.13729	0.019019	0.16379	0.045594	-0.047236	-0.064095	0.098266	0.082071	0.082673	0.016908	0.10457	0.039484	0.10455	0.15675	0.12446	0.082228	NaN	0.1247	-0.01941	0.063433	0.10976	0.096081	-0.033666	0.064946	0.18341	0.19385	0.019197	0.11336	0.070321	0.15266	0.02514	0.078248	0.001016	0.00349	0.043733	0.17607	0.23231	0.24772	0.10269	0.20638	0.15814	0.10037	-0.01136	0.12713	0.074237	0.097489	0.112	0.11095	0.26932	0.060763	0.022846	0.12804	0.17024	0.076758	0.1684	0.13709	-0.053552	0.10426	0.21803	0.14888	0.17823	0.032058	0.12296	0.14388	0.17193	0.071013	0.16126	0.074236	0.18334	0.051165	0.1862	-0.0068772	0.10082	0.17104	0.10511	0.057899	0.22052	0.13425	-0.051168	-0.00097123	-0.023152	0.19077	0.084959	0.21299	0.20918	0.13806	0.1607	0.039087	0.15408	0.051842	0.099173	0.2119	0.17929	-0.021497	0.10296	0.0093787	NaN	0.14013	0.034561	0.086115	-0.01474	0.17258	0.17655	0.15118	0.11904	0.12697	0.050567
0.16133	0.046291	0.23162	0.20333	0.096438	0.27787	0.028283	-0.019562	-0.0019135	0.1679	0.24584	0.017792	0.061328	0.10872	-0.086221	1	0.10454	0.12486	0.26629	0.10289	0.23692	-0.047535	0.13639	-0.036943	-0.032382	0.0040404	0.10765	0.11697	0.21059	0.053908	0.079523	0.16068	-0.12544	0.14838	0.1289	0.22411	0.13064	0.1225	0.14937	0.08239	0.16958	0.19114	0.026449	0.19465	0.24934	0.18927	0.23357	0.18199	0.2193	0.15064	0.098858	0.11818	0.15703	0.13937	NaN	0.17911	0.24275	0.057897	0.1623	0.035396	0.13933	0.069507	-0.00058657	0.14575	0.33413	0.046028	0.19125	0.10528	0.11366	0.24899	0.23433	0.031409	0.077467	0.10454	0.12955	0.039351	0.14223	0.13068	0.056659	0.12905	0.15891	0.11292	-0.016988	0.0084973	0.096462	0.15378	-0.08534	-0.062112	0.09922	0.057989	0.048092	0.16378	0.17598	0.013722	0.068541	0.088539	0.13421	0.074481	0.050791	0.085229	-0.016385	0.058841	0.14049	0.033221	0.035455	-0.03562	0.10313	0.063477	0.19431	0.060597	-0.12158	0.065993	0.031266	0.163	0.20794	0.093411	0.078747	0.018779	0.083064	0.073442	0.011158	0.13019	-0.0059324	-0.076243	0.009532	0.16167	0.06269	0.060418	0.13637	0.11615	0.073272	0.18203	0.074317	0.23596	NaN	0.14017	0.19337	0.13325	0.0080256	0.019106	0.14738	0.056876	0.019492	0.14867	0.10526
0.087039	-0.035557	0.30649	0.13177	-0.049648	0.32047	0.034402	-0.061727	0.053661	0.074543	0.027145	0.13574	0.10463	0.12847	0.035204	0.10454	1	0.17256	0.28768	0.28613	0.20102	-0.030394	-0.073243	-0.039646	0.03047	0.085923	0.042727	-0.011439	0.2064	-0.039695	-0.0071506	0.1188	-0.04019	0.028575	0.083812	0.054272	0.075208	0.047746	0.12393	0.0639	0.079043	0.069652	-0.0016808	0.068034	0.17625	0.094081	-0.042607	0.10488	0.10141	0.14823	-0.016495	-0.0044373	0.19917	0.077281	NaN	0.087918	-0.0077095	0.035956	0.11586	0.022009	0.074703	0.02947	-0.051893	0.12934	0.246	0.045339	0.14484	0.033007	-0.1341	0.25095	0.20689	0.069364	0.10518	0.015717	0.040977	0.020709	0.15892	-0.028667	-0.049888	0.043056	0.029709	0.062141	0.011693	-0.0463	-0.0038976	0.068175	-0.019162	0.066365	0.055692	-0.060199	0.037286	0.075687	0.13847	-0.009442	0.055669	0.017082	0.06597	0.038432	0.19274	0.07795	0.016326	-0.028979	0.058059	0.021145	0.074912	0.025987	-0.065842	-0.051204	0.17398	0.040363	0.076605	0.025759	0.048042	0.076103	0.036046	-0.023787	-0.035272	0.017246	0.056119	-0.0016516	-0.035539	0.010607	0.10343	0.028361	-0.022017	-0.019913	0.20486	0.031072	0.078268	0.011765	0.13367	0.0555	-0.010124	0.24029	NaN	0.01293	0.066812	0.090577	0.11391	0.058266	-0.0026228	0.0625	0.039444	0.13804	-0.023253
0.23093	0.044608	0.35953	0.35021	0.10636	0.22651	0.25183	0.14213	0.16681	0.15477	0.21243	0.22689	0.22977	0.22201	0.095669	0.12486	0.17256	1	0.229	0.16211	0.19163	0.11232	0.2226	0.075747	0.089178	0.15221	0.063313	0.10864	0.15669	0.22828	0.27554	0.20067	0.10249	0.0078885	0.14087	0.25909	0.16837	0.11434	0.28731	0.041792	0.25351	0.14024	0.091859	0.10524	0.28764	0.18177	0.292	0.2307	0.19237	0.15071	0.14946	0.07414	0.30134	0.17879	NaN	0.21946	0.35487	0.2196	0.20633	0.14995	0.13874	0.18394	0.25001	0.13392	0.28047	0.074035	0.23062	0.34855	0.19775	0.26115	0.30094	0.12256	0.10685	0.15473	0.21328	0.21012	0.14806	0.21651	0.21956	0.18215	0.15211	0.18553	0.059749	0.089568	0.18466	0.13987	0.17641	0.1015	0.15624	0.20221	0.14736	0.16481	0.1554	0.10198	0.10751	0.11013	0.18242	0.20177	0.1626	0.11502	0.19344	0.2121	0.14525	0.062882	0.17985	0.0033968	0.1723	0.054308	0.26197	0.071295	0.16079	0.26345	0.15634	0.17519	0.19396	0.2422	0.053299	0.079835	0.12998	0.18501	0.16688	0.26204	0.14778	0.098416	0.24247	-0.00023095	0.19627	0.096318	0.13982	0.089264	0.23306	0.11943	0.089638	0.16332	NaN	0.16228	0.15254	0.078093	0.29261	0.055245	0.27106	0.14356	0.15293	0.24484	0.31229
0.357	0.12797	0.19631	0.2797	0.16601	0.51887	0.067824	0.24915	0.22041	0.23603	0.4092	0.075189	0.23919	0.21343	0.076221	0.26629	0.28768	0.229	1	0.092999	0.41232	0.17878	0.21335	0.19961	0.20642	0.1936	0.088267	0.12956	0.46718	0.068099	0.12746	0.39724	0.15892	0.1559	0.20109	0.28814	0.14136	0.2421	0.46584	0.22168	0.34218	0.40481	0.082723	0.32516	0.45245	0.30332	0.20556	0.24537	0.44497	0.34123	0.0529	0.18261	0.49194	0.22197	NaN	0.34667	0.17593	0.12943	0.50476	0.16833	0.21281	0.16881	0.097796	0.3586	0.6882	0.19305	0.41015	0.25011	0.17377	0.44017	0.39755	0.1604	0.21037	0.28369	0.35858	0.18531	0.41693	0.13252	0.070383	0.31877	0.26559	0.17356	0.23041	0.23409	0.32422	0.28298	0.11378	0.12376	0.1202	0.097493	0.20024	0.39367	0.3661	0.21583	0.13671	0.23049	0.25112	0.23274	0.17411	0.10682	-0.0014742	0.043834	0.33609	0.22215	0.17738	0.09792	0.049986	0.18307	0.36123	0.057479	0.20897	0.21081	0.20568	0.34585	0.36066	0.14719	0.034612	0.044322	0.099746	0.058493	0.23996	0.32582	0.13551	0.11646	0.2561	0.21207	0.35782	0.077649	0.32086	0.21873	0.27209	0.32678	0.20484	0.4907	NaN	0.14999	0.15762	0.21596	0.23804	0.16126	0.27508	0.20204	0.16244	0.43314	0.1988
0.13812	0.019512	0.15662	0.10006	0.046048	0.11237	0.023881	0.13997	0.056763	0.045796	0.16577	0.055389	0.083694	0.097575	-0.027033	0.10289	0.28613	0.16211	0.092999	1	0.083399	-0.032937	0.10157	-0.0074787	0.023528	0.067784	0.097719	0.02395	0.060754	0.018879	0.068061	0.14392	0.040725	0.064189	0.07894	0.11332	0.12939	0.13601	0.18662	0.12413	0.06893	0.19726	-0.020651	0.011167	0.2027	0.10308	0.046857	0.10651	0.14765	0.12631	0.081519	0.015364	0.10306	0.017511	NaN	0.17527	0.11917	0.00095083	0.10992	0.091109	-0.039245	0.0107	0.037784	0.10881	0.076357	0.036216	0.16696	0.16579	0.051424	0.1703	0.15801	0.07176	0.093411	0.058982	0.087702	-0.013675	0.13942	0.011712	0.010639	0.12356	0.066041	0.041768	0.014576	-0.05675	0.025868	0.1841	0.0061204	-0.077168	0.14407	-0.004879	-0.043636	0.099984	0.029851	0.0052759	0.045172	0.13558	0.17314	0.052427	0.045645	0.062738	-0.010004	0.048268	0.11985	0.049529	0.026772	0.13509	-0.027503	-0.0090296	0.19355	0.07715	0.015488	0.14035	0.088349	0.1508	0.069652	0.018266	0.081408	0.0027225	0.015689	0.05151	0.16156	0.051985	0.031864	0.0067135	0.096422	0.099068	0.14729	-0.01937	0.17016	0.056341	0.11257	-0.013237	-0.020743	0.20073	NaN	0.16795	0.10541	0.040443	0.088999	0.055035	0.10852	0.12108	-0.14016	0.13239	0.21424
0.27444	0.076842	0.2419	0.23104	0.080013	0.42644	0.061332	0.113	0.1082	0.21636	0.21335	0.06852	0.21516	0.1511	0.039427	0.23692	0.20102	0.19163	0.41232	0.083399	1	0.086091	0.13799	0.066155	0.079172	0.035793	0.15194	0.080908	0.35903	0.074705	0.10601	0.24686	0.039352	0.1403	0.11115	0.22587	0.15361	0.15044	0.23172	0.056309	0.20804	0.22691	0.0802	0.19742	0.28547	0.22559	0.28764	0.13131	0.25166	0.27504	0.036695	0.096618	0.32103	0.1677	NaN	0.2013	0.14832	0.1451	0.20973	0.047494	0.11888	0.068964	0.037652	0.13614	0.55637	0.14476	0.22637	0.14929	0.12861	0.46697	0.29061	0.11794	0.20077	0.14882	0.13133	0.11964	0.27267	0.13532	0.1378	0.12171	0.13437	0.071053	0.085833	0.21825	0.18731	0.1326	0.063121	0.045104	0.17901	0.084134	0.14384	0.17794	0.16185	0.065396	0.20443	0.0091245	0.07291	0.11239	0.074453	0.089702	0.11136	0.05025	0.16469	0.085553	0.18752	0.081807	0.10792	0.093118	0.28513	0.072767	0.13009	0.047491	0.14158	0.20276	0.22016	0.14566	-0.075315	0.08679	0.13498	0.046385	-0.0074114	0.21874	0.1903	0.085498	0.091398	0.086696	0.22862	0.13523	0.17862	0.16476	0.1843	0.22681	0.11234	0.35249	NaN	0.1095	0.086481	0.085953	0.21039	0.09588	0.19097	0.10707	0.19706	0.24489	0.12869
0.34647	0.54192	0.04959	-0.0061379	0.2264	0.19997	0.064902	0.54604	0.79785	0.066739	0.31745	0.42371	-0.049346	-0.080702	0.18033	-0.047535	-0.030394	0.11232	0.17878	-0.032937	0.086091	1	0.3826	0.7977	0.64015	0.40106	0.21151	0.31641	0.21082	0.027852	-0.00069867	0.31258	0.4792	0.091702	0.16962	0.20121	0.065673	0.24992	0.40083	0.25986	0.32457	0.31166	-0.057001	0.43415	0.22555	0.11625	0.097635	0.2088	0.43288	0.0058904	0.02824	0.44416	0.30827	0.30094	NaN	0.28161	-0.039488	0.14581	0.44182	0.4293	-0.026211	0.11826	0.079759	0.34678	0.17152	0.13389	0.2712	0.27761	0.23943	0.22958	-0.017802	0.016001	0.07178	0.19239	0.40819	-0.07206	0.36856	0.088908	0.042679	0.31427	-0.0080256	0.29551	0.68255	0.27842	0.43461	0.28527	0.40903	0.17412	0.043653	0.055827	-0.072498	0.34472	0.3915	0.6342	0.066649	0.29882	0.34353	0.39453	0.30983	0.2729	0.039951	-0.0052619	0.27285	0.18995	-0.025407	-0.0262	0.023881	0.42736	0.27351	0.10236	0.095213	0.21693	0.5984	0.3233	0.35695	0.018804	0.0333	0.041461	0.011545	0.049933	0.46685	0.43599	-0.088293	-0.041192	0.30137	0.22474	0.35444	0.1539	0.2161	0.33568	-0.065226	0.14502	0.32294	0.21453	NaN	0.3035	0.078895	0.40255	0.080558	0.25183	0.18625	0.25626	0.19488	0.40193	0.1631
0.18232	0.31784	0.067692	0.22438	0.19714	0.1171	0.087274	0.42949	0.39633	0.10357	0.32357	0.28551	0.037666	-0.010778	0.075797	0.13639	-0.073243	0.2226	0.21335	0.10157	0.13799	0.3826	1	0.3463	0.29463	0.34955	0.076295	0.27644	0.16779	0.074966	0.05564	0.18197	0.33713	0.10574	0.1479	0.16085	0.07596	0.23591	0.33418	0.22221	0.18722	0.26012	-0.0090837	0.30751	0.17746	0.21492	0.16055	0.10202	0.28113	0.14411	0.11514	0.36411	0.26502	0.27233	NaN	0.1967	0.16162	0.12603	0.30471	0.30492	0.074066	0.078765	0.14326	0.17257	0.17519	0.099649	0.24879	0.36758	0.15614	0.22997	0.019976	0.056029	0.1079	0.16149	0.2911	-0.037227	0.2575	0.14334	0.11884	0.26552	0.11156	0.14371	0.40111	0.10244	0.4227	0.34052	0.25777	0.11411	0.10168	0.075065	-0.0069168	0.15983	0.16404	0.33243	0.013807	0.25123	0.32585	0.3063	0.20082	0.21462	0.088567	0.1071	0.17308	0.23171	0.04604	0.091636	0.066937	0.22112	0.16194	-0.045915	-0.072072	0.12628	0.39667	0.18384	0.28203	0.089094	-0.0048375	-0.065099	-0.011083	0.13166	0.41664	0.24508	-0.048654	-0.074115	0.18608	0.1676	0.22615	0.14512	0.29795	0.21855	0.10142	0.1202	0.20921	0.20854	NaN	0.28495	0.11892	0.23399	0.030924	0.15245	0.20203	0.17588	0.18653	0.30265	0.37786
0.24434	0.55681	0.038684	0.036583	0.19424	0.16969	0.046468	0.55493	0.76775	0.081267	0.3019	0.3737	-0.021935	-0.070079	0.10508	-0.036943	-0.039646	0.075747	0.19961	-0.0074787	0.066155	0.7977	0.3463	1	0.6584	0.40242	0.16954	0.27825	0.16985	0.028842	-0.021132	0.18582	0.47078	0.077487	0.16381	0.16493	0.050623	0.24985	0.4165	0.22572	0.27022	0.36014	-0.053801	0.38522	0.17888	0.11824	0.0026165	0.16738	0.40877	-0.0014158	0.039364	0.36544	0.28247	0.20701	NaN	0.19282	-0.028834	0.071996	0.415	0.39312	-0.12388	0.11444	0.10398	0.31461	0.16658	0.11242	0.20726	0.27023	0.17256	0.21475	0.0072627	0.025279	0.076059	0.16752	0.36588	-0.018311	0.32245	0.10473	0.078344	0.26753	-0.005313	0.23447	0.63139	0.2019	0.41027	0.32335	0.41071	0.16012	0.060891	0.051862	-0.069387	0.24289	0.30066	0.65805	0.070106	0.25298	0.26313	0.38428	0.29452	0.22098	0.021588	0.036651	0.22129	0.16038	-0.024937	-0.065722	0.02428	0.37964	0.21347	0.094184	0.11962	0.17818	0.55836	0.24573	0.30588	0.02236	0.054331	0.026399	0.0098037	0.095361	0.48801	0.34014	-0.027867	0.014905	0.28643	0.13057	0.36203	0.14196	0.16185	0.26873	-0.049007	0.075404	0.27311	0.18505	NaN	0.24627	0.063563	0.40004	-0.00633	0.16707	0.17641	0.20488	0.16833	0.37757	0.20132
0.30146	0.59902	-0.035714	-0.044338	0.23535	0.18971	-0.0018654	0.40601	0.62941	0.050173	0.29344	0.4139	-0.059164	-0.030572	0.17383	-0.032382	0.03047	0.089178	0.20642	0.023528	0.079172	0.64015	0.29463	0.6584	1	0.35597	0.14308	0.28098	0.16842	-0.068831	-0.1142	0.24521	0.48608	0.070109	0.1121	0.15262	0.042839	0.23988	0.43023	0.19179	0.22933	0.35257	-0.032357	0.26887	0.24076	0.10082	0.07195	0.1542	0.40897	-0.023865	-0.0099966	0.38551	0.29287	0.18066	NaN	0.19029	-0.10815	0.16576	0.44351	0.44801	-0.050601	0.03738	0.044976	0.32235	0.15112	0.092993	0.3001	0.17958	0.13488	0.21862	-0.0057482	0.083816	0.060057	0.16352	0.42926	-0.026006	0.3519	0.014902	0.024075	0.28152	-0.046613	0.17205	0.50629	0.27903	0.40279	0.25955	0.41524	0.22797	-0.01799	0.0029205	-0.081266	0.26569	0.34467	0.54463	0.0013886	0.27275	0.31146	0.37158	0.2101	0.161	0.025129	-0.011516	0.26915	0.18834	-0.027664	-0.077911	-0.064943	0.3252	0.25971	0.06261	0.047128	0.13392	0.55643	0.2597	0.31292	-0.048869	0.037322	0.010715	-0.010119	0.028906	0.44188	0.29988	-0.1127	-0.029554	0.25972	0.23927	0.36774	0.1521	0.17501	0.28249	-0.02309	0.099693	0.24757	0.22858	NaN	0.20941	0.085003	0.36153	0.040686	0.18554	0.09451	0.26993	0.1608	0.36217	0.18485
0.29914	0.34171	0.1267	-0.033116	0.18637	0.1035	0.029777	0.4011	0.42181	0.05352	0.2288	0.28785	0.066863	0.082891	0.16524	0.0040404	0.085923	0.15221	0.1936	0.067784	0.035793	0.40106	0.34955	0.40242	0.35597	1	0.15197	0.23624	0.10465	0.0042215	-0.020167	0.15302	0.33327	0.035193	0.09636	0.12647	-0.033209	0.177	0.37072	0.14363	0.19757	0.22313	-0.05282	0.29479	0.14444	0.13863	0.067185	0.082463	0.29071	0.021122	0.044133	0.30536	0.18614	0.19513	NaN	0.21006	-0.0035878	0.11608	0.36243	0.26005	-0.05026	0.011275	0.075231	0.28737	0.080539	0.09391	0.24827	0.21379	0.056582	0.15031	0.034927	0.066035	-0.024957	0.28451	0.32623	0.062627	0.33904	0.098604	-0.012391	0.22402	0.0031014	0.15013	0.44205	0.14952	0.31904	0.2438	0.25071	0.1862	0.046436	-0.029127	0.024252	0.21554	0.20163	0.38427	0.077267	0.13213	0.26643	0.33467	0.20092	0.20338	0.04418	0.082431	0.1832	0.22452	0.010222	0.0071408	0.024541	0.25043	0.20086	0.045003	0.075699	0.15458	0.35329	0.26587	0.2579	0.047807	-0.0018031	0.023889	0.01557	0.090962	0.38578	0.32269	0.0244	0.031588	0.27234	0.19507	0.22333	0.23023	0.11204	0.22815	0.081028	0.13137	0.24524	0.21011	NaN	0.25035	0.11457	0.30626	0.037396	0.1147	0.17446	0.19673	0.092384	0.31354	0.18039
0.28976	0.15641	0.053978	0.050103	0.18409	0.23619	0.078895	0.19713	0.19479	0.081943	0.19572	0.13127	0.017057	0.053148	0.16036	0.10765	0.042727	0.063313	0.088267	0.097719	0.15194	0.21151	0.076295	0.16954	0.14308	0.15197	1	0.24962	0.14915	-0.027859	-0.024445	0.25855	0.13707	0.053467	0.095445	0.13252	0.019901	0.17934	0.19373	0.20709	0.22813	0.2493	-0.18421	0.2421	0.27593	0.19603	0.033851	0.12253	0.25149	0.10956	-0.0052233	0.29982	0.2643	0.075725	NaN	0.30118	0.039325	0.13293	0.24444	0.18115	0.04005	-0.12846	-0.022713	0.26401	0.085936	0.10074	0.29241	0.075574	0.21776	0.17053	0.063871	0.10032	0.093102	0.11107	0.24978	-0.018794	0.17829	0.10721	-0.014333	0.24493	0.11488	0.16306	0.13182	0.22208	0.19877	0.11305	0.16169	0.048403	0.087577	-0.02552	0.044141	0.29488	0.20689	0.20226	0.011953	0.17825	0.20736	0.2379	0.20841	0.17168	-0.060516	-0.037257	0.27306	0.22938	-0.04179	-0.058966	-0.0023522	0.10872	0.23941	0.01367	0.06765	0.015691	0.13945	0.28152	0.24518	0.001234	0.017345	-0.071436	-0.040442	-0.016352	0.21072	0.3922	0.014569	-0.021988	0.18131	0.20454	0.24519	0.0124	0.1561	0.21739	0.054465	0.19667	0.11034	0.24551	NaN	0.22422	0.16214	0.22194	-0.011922	0.16141	0.1326	0.25478	-0.01788	0.32361	0.092665
0.37474	0.29358	0.032193	0.05835	0.20177	0.16379	0.062519	0.31319	0.32197	0.09728	0.23989	0.24498	-0.093885	-0.074444	0.12125	0.11697	-0.011439	0.10864	0.12956	0.02395	0.080908	0.31641	0.27644	0.27825	0.28098	0.23624	0.24962	1	0.20724	0.0092141	0.050208	0.27777	0.28272	0.072082	0.081334	0.18995	-0.058114	0.27301	0.35976	0.27158	0.30101	0.3023	-0.064171	0.39977	0.3114	0.1268	0.12876	0.24299	0.43621	0.074329	-0.0077	0.52847	0.30475	0.29787	NaN	0.31641	0.013315	0.14594	0.39655	0.33364	-0.041208	0.035935	0.034563	0.33082	0.1419	0.15432	0.34742	0.11677	0.29345	0.20036	-0.043149	0.10535	0.054304	0.26824	0.35611	-0.027618	0.33801	0.069928	0.10662	0.37035	-0.06552	0.1746	0.3457	0.30079	0.30518	0.29234	0.23901	0.22104	0.14949	0.033186	-0.071751	0.32841	0.25954	0.32125	0.042471	0.22344	0.35	0.45639	0.22405	0.17633	0.0085523	0.03205	0.33274	0.20314	0.0051056	-0.12733	0.064082	0.24663	0.29429	0.098342	0.017907	0.096802	0.35175	0.31256	0.23835	0.045033	0.069917	0.014135	0.046403	0.067247	0.38779	0.3937	-0.14789	-0.040575	0.31771	0.25181	0.3199	0.18381	0.39553	0.41868	0.040347	0.20608	0.19522	0.27108	NaN	0.19175	0.14857	0.31853	-0.0075281	0.21081	0.084056	0.3654	0.015465	0.34903	0.18949
0.3018	0.21781	0.18876	0.10496	0.20749	0.40475	0.11534	0.18572	0.25315	0.23381	0.26303	0.16804	0.152	0.1391	0.019911	0.21059	0.2064	0.15669	0.46718	0.060754	0.35903	0.21082	0.16779	0.16985	0.16842	0.10465	0.14915	0.20724	1	0.030343	0.10806	0.3111	0.14733	0.14628	0.19571	0.23311	0.13485	0.23293	0.33746	0.14548	0.22119	0.41337	-0.0084834	0.27473	0.43853	0.1394	0.30581	0.18557	0.39763	0.23098	0.024268	0.15194	0.38393	0.33453	NaN	0.31229	0.14529	0.15359	0.39256	0.21713	0.0098329	0.073313	0.046248	0.30516	0.47875	0.12596	0.27203	0.19217	0.19114	0.41144	0.21418	0.13057	0.099892	0.19178	0.22939	0.055891	0.30166	0.064513	0.13685	0.28194	0.1494	0.17588	0.21827	0.19636	0.23909	0.17768	0.13752	0.063528	0.16097	0.10101	0.094704	0.3814	0.30363	0.17763	0.10685	0.15702	0.20184	0.17121	0.11077	0.10438	0.038605	-0.0091508	0.28896	0.14571	0.11061	0.026164	0.03821	0.24893	0.3138	0.070531	0.21827	0.031597	0.19144	0.31796	0.31753	0.070169	0.070284	0.012029	0.10724	-0.024123	0.22058	0.25109	0.010803	0.016517	0.088532	0.20166	0.26321	0.10206	0.20834	0.2193	0.2586	0.35389	0.12145	0.41054	NaN	0.16124	0.10949	0.20057	0.21503	0.14642	0.22447	0.21531	0.18657	0.32677	0.12367
0.11485	-0.08832	0.15711	0.12221	0.042408	0.17332	0.10979	0.028813	0.02707	0.025367	0.081978	0.070788	0.27704	0.22464	0.11231	0.053908	-0.039695	0.22828	0.068099	0.018879	0.074705	0.027852	0.074966	0.028842	-0.068831	0.0042215	-0.027859	0.0092141	0.030343	1	0.86587	0.10324	0.023725	-0.042983	0.097198	0.50192	0.082252	0.13371	0.045508	-0.051967	0.13725	0.0038987	0.068686	0.050745	0.042728	0.15424	0.19204	0.065215	0.08149	0.083395	0.74115	-0.059948	0.099153	0.11198	NaN	0.14191	0.222	0.0047461	0.055466	-0.050608	0.13942	0.049682	0.71054	0.15698	0.11243	0.083355	0.019979	0.14338	0.22047	0.13178	0.091813	0.031181	-0.017836	0.096803	0.10661	0.28135	0.065441	0.68905	0.70138	0.040697	0.021353	0.0078866	-0.1076	0.041365	0.059598	0.091979	0.061696	0.053129	0.19388	0.66997	0.34406	0.13585	0.1364	-0.0013816	0.050753	0.089831	0.092515	0.014915	0.11957	0.19892	0.50675	0.69573	0.038406	0.10395	0.24691	0.18813	0.79513	0.037557	0.12665	0.0049564	0.14961	0.16473	-0.07709	0.15713	0.17904	0.85537	0.014996	0.051603	0.010648	0.74426	0.13307	0.13969	0.21564	0.15287	0.14165	-0.014926	0.056451	0.081884	0.096289	0.042263	0.1391	0.025673	-0.022302	-0.016952	NaN	0.14766	0.14238	0.0061559	0.11702	0.023924	0.36966	0.048432	0.17062	0.078204	0.11095
0.15102	-0.1143	0.23764	0.15758	0.05649	0.20878	0.1117	0.047888	0.012536	0.06487	0.10861	0.065054	0.28058	0.24864	0.15256	0.079523	-0.0071506	0.27554	0.12746	0.068061	0.10601	-0.00069867	0.05564	-0.021132	-0.1142	-0.020167	-0.024445	0.050208	0.10806	0.86587	1	0.13664	-0.016646	-0.04252	0.064089	0.5187	0.10762	0.14414	0.081276	-0.00035194	0.23627	0.035213	0.075228	0.089594	0.092656	0.20414	0.22658	0.13506	0.083874	0.1596	0.71218	-0.085733	0.16789	0.13142	NaN	0.22571	0.2547	0.016205	0.091907	-0.083249	0.11216	0.082144	0.70158	0.20786	0.19081	0.090695	0.095852	0.19967	0.27576	0.16381	0.1359	0.079448	0.015652	0.11067	0.1584	0.28006	0.11569	0.67499	0.66252	0.081403	0.060641	0.039655	-0.10874	0.0026813	0.059548	0.049433	0.046663	0.0027065	0.1841	0.64406	0.31471	0.17936	0.15353	-0.029506	0.06996	0.097549	0.14981	0.0061355	0.12682	0.20521	0.46107	0.68842	0.10385	0.13094	0.24948	0.18005	0.77079	0.057951	0.13845	0.06135	0.16817	0.16109	-0.048396	0.20734	0.23915	0.85252	0.02063	0.070559	0.072447	0.70903	0.091339	0.17408	0.23495	0.11035	0.1777	-0.0017381	0.064563	0.095885	0.12657	0.038069	0.1546	0.055957	-0.048964	0.016126	NaN	0.11969	0.19371	0.019371	0.11548	0.016745	0.35755	0.048741	0.14641	0.11442	0.16476
0.56472	0.1892	0.10326	0.10045	0.2648	0.30875	0.025195	0.22496	0.24746	0.30389	0.39267	0.17548	0.17909	0.17189	0.092383	0.16068	0.1188	0.20067	0.39724	0.14392	0.24686	0.31258	0.18197	0.18582	0.24521	0.15302	0.25855	0.27777	0.3111	0.10324	0.13664	1	0.2136	0.087718	0.34399	0.39112	0.15045	0.55911	0.42308	0.28436	0.46151	0.41751	-0.017546	0.40822	0.4379	0.2937	0.1563	0.35698	0.52115	0.26183	0.13252	0.37443	0.45564	0.38329	NaN	0.57739	0.15291	0.19285	0.4898	0.31017	0.14517	0.078428	0.15799	0.48409	0.38271	0.20599	0.48265	0.20827	0.21633	0.39469	0.2367	0.16541	0.2241	0.18212	0.55123	0.12686	0.4014	0.15679	0.083417	0.35835	0.20587	0.21785	0.17472	0.40851	0.32254	0.3199	0.16078	0.095615	0.17245	0.14373	0.15259	0.67906	0.50896	0.25116	0.1166	0.30289	0.45218	0.37037	0.16543	0.22653	0.059838	0.053818	0.64831	0.22234	0.1992	0.035076	0.096173	0.1887	0.62879	0.10833	0.21137	0.24507	0.27005	0.6985	0.42873	0.16075	0.10512	0.069816	0.098832	0.10258	0.31564	0.49939	0.06348	0.11095	0.29374	0.38582	0.32498	0.19642	0.34415	0.3508	0.15061	0.3054	0.17819	0.41111	NaN	0.32259	0.27798	0.25776	0.18891	0.20654	0.2214	0.40263	0.1582	0.51859	0.18193
0.32066	0.40189	-0.05706	-0.097425	0.22406	0.10757	0.051652	0.32037	0.528	0.10605	0.24758	0.37124	-0.10095	-0.088469	0.17513	-0.12544	-0.04019	0.10249	0.15892	0.040725	0.039352	0.4792	0.33713	0.47078	0.48608	0.33327	0.13707	0.28272	0.14733	0.023725	-0.016646	0.2136	1	0.039947	0.24055	0.12358	-0.11321	0.30139	0.3908	0.2562	0.24969	0.32112	-0.096413	0.25066	0.19746	0.084279	0.058669	0.10344	0.40599	-0.095113	0.015698	0.39288	0.21284	0.16041	NaN	0.2399	-0.0049012	0.10517	0.44579	0.39948	0.017859	0.0034945	0.13057	0.27273	0.04178	0.079043	0.20805	0.26319	0.22691	0.065662	-0.047573	0.032478	0.10563	0.16649	0.36368	-0.029023	0.3533	0.049964	0.061336	0.33425	-0.059061	0.33889	0.53761	0.26975	0.35059	0.29172	0.35555	0.10588	0.089344	0.0012582	-0.075198	0.37185	0.24052	0.46879	0.07216	0.23358	0.28	0.39434	0.30331	0.18087	0.186	0.11301	0.29886	0.15971	-0.1191	-0.0066676	-0.025547	0.2503	0.16277	0.06431	0.090772	0.1858	0.47549	0.25632	0.37519	0.013822	-0.0013577	0.074982	0.023755	0.14831	0.50989	0.31714	-0.19413	-0.085028	0.26147	0.14905	0.36961	0.1218	0.2039	0.32851	-0.099939	0.1608	0.16226	0.1389	NaN	0.306	0.12608	0.20888	-0.0051158	0.30646	0.092165	0.27931	0.23452	0.36148	0.16631
