1	0.14979	0.14101	0.11968	NaN	0.06595	0.18422	0.19843	0.28541	0.20265	0.39341	0.28373	0.03424	0.073179	0.19869	0.3267	0.17889	0.13329	0.29177	0.13733	0.18915	0.36002	NaN	0.33241	0.27159	0.12378	0.24595	0.2495	0.31065	0.34651	0.22374	0.17132	NaN	0.31974	0.1809	0.35963	0.03888	0.25957	0.36928	0.24025	0.22632	0.35233	0.25811	0.25091	0.243	0.31651	0.20247	0.28415	0.16774	0.34053	0.38749	0.11569	0.25189	0.25202	0.18533	0.3854	0.33807	0.14442	0.35052	0.15854	0.14935	0.22065	0.37094	0.35734	0.40119	0.28783	0.17953	0.13013	NaN	0.12243	0.3637	0.35762	0.25802	0.19106	0.23606	0.02253	0.29938	0.27098	0.36179	0.37578	0.2455	0.13606	0.22489	0.32456	0.24949	0.14074	NaN	0.14496	0.15506	0.26246	-0.042175	0.35072	0.36176	0.079285	0.12195	0.22067	0.16765	0.15786	0.18735	0.2928	NaN	0.41505	0.40528	0.075031	0.058128	-0.02616	0.29364	0.31422	0.096129	0.17014	0.094894	0.27278	0.36384	0.36522	0.25962	0.17399	0.1344	0.21259	0.19851	0.35607	0.19185	0.26865	-0.039802	-0.045762	0.18885	0.2595	0.40904	0.24784	0.12638	0.20831	0.12746	0.24026	0.23332	0.27035	NaN	0.20605	0.3003	0.034301	0.078338	0.16167	0.17286	0.2585	0.091514	0.37474	0.27924
0.14979	1	0.12475	0.12397	NaN	0.059715	0.085617	0.28311	0.34104	0.12686	0.3709	0.15306	-0.018334	0.036066	0.17843	0.30369	0.084639	0.17773	0.14601	0.16747	0.1526	0.32158	NaN	0.31824	0.26288	0.16134	0.16603	0.23506	0.25496	0.17283	0.13453	0.064056	NaN	0.1934	0.26689	0.24632	0.095092	0.14774	0.2389	0.13704	0.17588	0.26933	0.16767	0.14123	0.17767	0.2462	0.053016	0.18344	0.14662	0.21277	0.14045	0.1688	0.10229	0.07073	0.35421	0.16251	0.28034	-0.0056109	0.30967	0.27575	0.089538	0.057634	0.12597	0.26519	0.26978	0.134	0.13589	0.092123	NaN	0.11018	0.20713	0.23813	0.18263	0.25628	0.18027	0.081938	0.31162	0.12615	0.19583	0.20717	0.072296	0.025066	0.37581	0.16543	0.28003	0.1312	NaN	0.16744	0.09492	0.08786	-0.047572	0.17375	0.23652	0.19519	0.1606	0.25436	0.1277	0.073902	0.16171	0.24595	NaN	0.11954	0.17087	0.071598	0.0095043	-0.086252	0.21052	0.38244	0.1451	0.14967	0.0037545	0.16431	0.35803	0.095336	0.19417	0.19814	0.086893	0.05142	0.15765	0.058082	0.27312	0.12904	-0.11502	-0.040904	0.22828	0.19697	0.22373	-0.023608	0.068786	0.17122	0.037676	0.032229	0.25596	0.083676	NaN	0.15194	0.15442	0.07824	0.17055	0.12386	0.1262	0.15654	0.075463	0.34725	0.22552
0.14101	0.12475	1	0.090251	NaN	0.059948	0.21838	0.15992	0.11863	0.10504	0.099278	0.049262	0.03554	-0.071753	0.10168	0.18276	0.063156	0.19194	0.56741	0.12683	0.14333	0.12003	NaN	0.19922	0.20431	0.096152	0.24299	0.13041	0.065683	0.22012	0.11027	-0.018439	NaN	0.10942	0.11349	0.073776	-0.03615	0.15542	0.12838	0.024817	0.17319	0.17554	0.10037	0.53258	0.24452	0.1434	0.068147	0.26459	0.043351	0.1468	0.1389	0.10989	0.037868	0.17667	0.071761	0.15896	0.18	-0.0037987	0.18966	0.058578	0.021759	0.12227	0.20523	0.063641	0.12918	0.044586	0.13745	0.069869	NaN	0.075969	0.09105	0.10067	0.11017	0.11903	0.13976	-0.016592	0.20057	0.10168	0.14734	0.12973	0.015386	0.077832	0.10158	0.19134	0.097636	-0.030715	NaN	-0.0062015	-0.0030951	0.15412	0.050487	0.14497	0.10455	0.065388	0.18205	0.20907	0.10895	-0.028507	0.052226	0.098409	NaN	0.19647	0.061697	0.12708	0.03663	-0.092893	0.11151	0.14872	0.023065	0.061401	-0.015272	0.082568	0.093292	0.027678	0.096362	0.10879	0.18093	0.10464	0.070636	0.19351	0.17468	0.07284	0.036649	0.00097731	0.1271	0.11075	0.11463	0.057739	0.03677	0.061934	0.034345	0.032348	0.14436	0.11723	NaN	0.040073	0.15085	0.094566	0.12157	0.14973	0.14501	0.13543	0.061786	0.12977	0.093318
0.11968	0.12397	0.090251	1	NaN	0.044465	0.068254	0.10004	0.14706	0.022836	0.11877	0.080843	-0.10341	-0.11234	0.12714	0.12678	0.076725	0.097308	0.089904	0.09166	0.045289	0.051198	NaN	0.19608	0.10178	0.079733	0.18044	0.10901	0.16381	0.096567	0.039716	0.031154	NaN	0.10448	0.055464	0.13534	0.010134	0.03818	0.13756	0.094628	0.10851	0.16616	0.12975	0.048248	0.11334	0.096513	0.042218	0.099793	0.041561	0.019159	0.10391	0.12888	0.080075	0.086998	0.112	0.077729	0.21305	0.10657	0.094058	0.092666	0.035199	0.10841	0.14526	0.10755	0.098268	0.12181	0.044918	0.068566	NaN	0.029012	0.14737	0.16399	0.14469	0.16061	0.080533	-0.027661	0.14864	0.071748	0.16043	0.23429	0.14029	0.070577	0.159	0.11578	0.11534	0.0099047	NaN	0.031797	0.055942	0.12621	0.01127	0.13329	0.10423	0.067243	0.13756	0.13641	0.86125	0.034377	0.11268	0.074725	NaN	0.093284	0.065862	0.033657	-0.03167	-0.094327	0.077124	0.14374	0.031237	0.040748	-0.038476	0.15102	0.1882	0.14764	0.12996	0.14194	0.028085	0.025986	0.10279	0.10004	0.11449	0.10156	-0.065719	-0.023013	0.14297	0.068904	0.10567	0.073206	0.11894	0.085943	-0.0071393	0.049662	0.74194	0.10439	NaN	-0.0089363	0.081185	0.037477	0.088962	0.030889	0.096436	0.18849	0.020387	0.22836	0.076632
NaN	NaN	NaN	NaN	NaN	NaN	NaN	NaN	NaN	NaN	NaN	NaN	NaN	NaN	NaN	NaN	NaN	NaN	NaN	NaN	NaN	NaN	NaN	NaN	NaN	NaN	NaN	NaN	NaN	NaN	NaN	NaN	NaN	NaN	NaN	NaN	NaN	NaN	NaN	NaN	NaN	NaN	NaN	NaN	NaN	NaN	NaN	NaN	NaN	NaN	NaN	NaN	NaN	NaN	NaN	NaN	NaN	NaN	NaN	NaN	NaN	NaN	NaN	NaN	NaN	NaN	NaN	NaN	NaN	NaN	NaN	NaN	NaN	NaN	NaN	NaN	NaN	NaN	NaN	NaN	NaN	NaN	NaN	NaN	NaN	NaN	NaN	NaN	NaN	NaN	NaN	NaN	NaN	NaN	NaN	NaN	NaN	NaN	NaN	NaN	NaN	NaN	NaN	NaN	NaN	NaN	NaN	NaN	NaN	NaN	NaN	NaN	NaN	NaN	NaN	NaN	NaN	NaN	NaN	NaN	NaN	NaN	NaN	NaN	NaN	NaN	NaN	NaN	NaN	NaN	NaN	NaN	NaN	NaN	NaN	NaN	NaN	NaN	NaN	NaN	NaN	NaN	NaN	NaN	NaN
0.06595	0.059715	0.059948	0.044465	NaN	1	0.16594	0.072634	0.091459	0.046287	0.13521	0.088855	-0.0066583	0.0045613	0.092146	0.11242	0.068719	-0.015354	0.058993	0.095569	0.047743	0.086117	NaN	0.11322	0.044352	0.11524	0.057919	0.056037	0.11849	0.00078327	0.01868	0.028411	NaN	0.03024	0.051226	0.056572	-0.0063756	0.034568	0.14666	0.09595	0.10571	0.091996	0.074064	0.060894	0.086857	0.097074	0.054047	0.061172	0.066864	0.058655	0.061387	0.028822	0.079288	0.067538	0.11294	0.062313	0.11277	0.036908	0.13219	0.10127	0.0095323	0.15721	0.0079969	0.13788	0.15532	0.10606	0.067953	0.015192	NaN	0.058287	0.17821	0.11031	0.038653	0.083144	0.05774	0.0082094	0.16093	0.021773	-0.0065979	0.10633	0.0415	0.054936	0.10376	0.068052	0.021469	0.086751	NaN	0.078852	0.037467	-0.020625	-0.034395	0.085681	0.14638	0.063645	0.048555	0.11643	0.035993	0.02209	0.079012	0.079644	NaN	0.052411	0.16726	0.13565	0.044786	-0.0097138	0.032129	0.14181	0.030596	-0.0046088	0.032607	0.091349	0.18081	0.06145	0.14301	0.022809	0.028451	0.042706	0.062907	0.02988	0.095173	0.059365	-0.031121	-0.074097	0.095504	0.051544	0.12358	0.049281	0.068809	0.051611	-0.021679	0.063255	0.054804	0.10719	NaN	-0.043997	0.098333	0.052843	-0.01113	0.066576	0.020772	0.10092	0.01131	0.1117	0.10204
0.18422	0.085617	0.21838	0.068254	NaN	0.16594	1	0.088947	0.30747	0.15309	0.28547	0.2333	0.064201	0.10598	0.18472	0.1729	0.16859	0.14877	0.25755	0.18647	0.10624	0.251	NaN	0.24157	0.15244	0.1078	0.21046	0.18304	0.27058	0.13258	0.041258	-0.010582	NaN	0.17395	0.24783	0.27801	-0.037468	0.12467	0.24869	0.33435	0.18165	0.22413	0.20536	0.25349	0.097273	0.18902	0.13212	0.14069	0.048574	0.16393	0.14947	0.1075	0.13424	0.26747	0.13992	0.22393	0.30299	0.16352	0.24203	0.13223	0.072414	0.22326	0.11624	0.14852	0.24428	0.15392	0.15965	0.17757	NaN	0.060307	0.2222	0.28723	0.16337	0.24374	0.13667	0.085696	0.28008	0.177	0.10596	0.30088	0.131	0.0761	0.16158	0.28031	0.26879	0.13341	NaN	0.031177	0.022627	0.013321	0.10902	0.10977	0.27999	0.012485	0.11278	0.2725	0.083303	0.02085	0.13711	0.25328	NaN	0.15139	0.22955	0.14087	0.092741	0.046586	0.1898	0.23732	-0.023207	0.13976	0.13934	0.19389	0.28458	0.22	0.25565	0.099822	0.23318	0.18565	0.10566	0.12349	0.16895	0.16999	0.024208	0.079396	0.19328	0.14442	0.18785	-0.044265	0.1684	0.11516	0.14642	0.14674	0.16245	0.17043	NaN	0.21581	0.18277	0.13888	0.11006	0.24607	0.11279	0.2103	0.10984	0.26977	0.23797
0.19843	0.28311	0.15992	0.10004	NaN	0.072634	0.088947	1	0.29405	0.15351	0.26231	0.27185	0.025183	-0.0023633	0.11959	0.1835	0.035425	0.12108	0.22214	0.027581	0.10338	0.26986	NaN	0.28878	0.20389	0.039555	0.27851	0.14821	0.14552	0.089352	0.0049851	-0.016114	NaN	0.078372	0.0014353	0.13106	0.026883	0.19735	0.30795	0.085937	0.1523	0.24333	0.10123	0.12861	0.13636	0.21659	0.079885	0.28704	0.14399	0.23235	0.053779	0.046727	0.16866	0.070616	0.21385	0.24047	0.24534	-0.015617	0.26443	0.23762	0.097814	0.069408	0.052749	0.1747	0.26075	0.18936	0.14329	0.021746	NaN	0.053012	0.26773	0.090257	0.17975	0.05541	0.026811	-0.0047865	0.34636	0.11008	0.1041	0.24985	0.12832	0.043337	0.23268	0.18583	0.17097	0.031156	NaN	0.1026	0.0061474	0.060112	0.052016	0.18058	0.22587	0.14972	0.05295	0.032571	0.057728	0.098857	0.19836	0.23856	NaN	0.12854	0.16329	0.029261	0.053416	-0.051287	0.069747	0.31621	0.10433	0.18117	-0.0017176	0.18673	0.25712	0.031751	0.18407	0.17447	0.16249	0.094501	0.046396	0.086769	0.20142	0.1448	-0.083523	-0.031393	0.137	0.20206	0.15767	0.069202	0.10747	0.14685	0.13946	0.11672	0.18587	0.15043	NaN	0.074283	0.10419	0.078632	-0.022619	0.14705	0.076112	0.17333	0.032362	0.31115	0.16461
0.28541	0.34104	0.11863	0.14706	NaN	0.091459	0.30747	0.29405	1	0.045996	0.28563	0.29626	-0.031764	0.0072413	0.19347	0.20537	0.050884	0.10627	0.16809	0.21446	0.16909	0.55824	NaN	0.53927	0.42454	0.14703	0.29416	0.17582	0.21404	0.16034	0.09576	0.011145	NaN	0.14582	0.15886	0.25576	0.065704	0.10654	0.25767	0.18407	0.099088	0.29406	0.071005	0.14777	0.18328	0.18522	0.089976	0.17021	0.12908	0.10402	0.21376	0.15699	0.14774	0.23089	0.19551	0.18289	0.16525	0.01526	0.29567	0.29612	0.0039324	0.16508	0.14938	0.18633	0.31314	0.2875	0.17882	0.16905	NaN	0.018645	0.22403	0.19537	0.067046	0.21447	0.14922	0.035768	0.29422	0.21088	0.11182	0.23401	0.085701	0.088957	0.22636	0.14422	0.27679	0.10095	NaN	0.1319	0.082555	0.019252	0.06703	0.10515	0.30364	0.09213	0.22105	0.2379	0.21381	0.081066	0.19304	0.1843	NaN	0.17023	0.13187	0.1387	0.023796	-0.1273	0.18236	0.36207	0.072869	0.13186	0.0048362	0.20155	0.38343	0.06574	0.14474	0.22127	0.2142	0.17021	0.16514	0.14772	0.24984	0.12191	-0.060136	-0.055862	0.20562	0.12701	0.28717	-0.03238	0.14644	0.089924	0.088861	0.11298	0.27914	0.19655	NaN	0.137	0.15122	0.12884	0.063307	0.21077	0.13348	0.29912	0.075307	0.3004	0.2731
0.20265	0.12686	0.10504	0.022836	NaN	0.046287	0.15309	0.15351	0.045996	1	0.24533	0.12454	0.1142	0.092165	0.12259	0.15812	0.094611	0.13398	0.10004	-0.0039076	0.12461	0.16511	NaN	0.14391	0.15918	0.14675	0.036279	0.076257	0.11668	0.12596	0.16479	0.037821	NaN	0.025752	0.088609	0.20311	0.011777	0.068535	0.14446	0.11474	0.19561	0.1728	0.23799	0.13532	0.16439	0.24832	0.16344	0.23013	0.10713	0.23201	0.069057	0.13808	0.16725	0.10323	0.11323	0.21248	0.26446	0.088364	0.21995	0.094497	0.18051	0.11317	0.14136	0.27362	0.15456	0.14278	0.14488	-0.0106	NaN	0.11242	0.21121	0.21697	0.2041	0.18054	0.10332	0.1434	0.20181	0.16326	0.28463	0.15505	0.29042	0.045067	0.19538	0.20072	0.22854	0.057562	NaN	0.090992	0.037751	0.24605	0.16502	0.17433	0.19958	0.062131	0.033436	0.15292	-0.027993	0.063126	0.13055	0.24616	NaN	0.17113	0.26377	0.055543	0.14157	0.12775	0.16634	0.19843	0.06094	0.049044	0.15151	0.096857	0.18538	0.14184	0.23057	0.13809	0.05318	0.1526	-0.0032178	0.1179	0.14288	0.19742	-0.03004	0.049276	0.08968	0.1911	0.14638	0.019674	0.11615	0.13263	0.16282	0.17512	0.013648	0.1438	NaN	0.10225	0.24254	0.12554	0.078792	0.16821	0.1055	0.22395	0.07719	0.24911	0.10161
0.39341	0.3709	0.099278	0.11877	NaN	0.13521	0.28547	0.26231	0.28563	0.24533	1	0.24812	0.10616	0.23648	0.15599	0.46005	0.18276	0.17853	0.26957	0.19457	0.15328	0.34099	NaN	0.34709	0.27556	0.23008	0.18851	0.40053	0.3935	0.24314	0.11647	0.048708	NaN	0.33567	0.13535	0.47781	0.089523	0.27105	0.54639	0.36577	0.34773	0.41765	0.27289	0.19533	0.24963	0.41866	0.20429	0.32137	0.23588	0.44935	0.15412	0.22768	0.2003	0.28827	0.32635	0.36925	0.40991	0.15419	0.40164	0.25512	0.2581	0.105	0.20313	0.38179	0.47374	0.3134	0.19561	0.21105	NaN	0.15243	0.3662	0.39896	0.30755	0.2983	0.1958	0.20998	0.42416	0.25271	0.26687	0.42188	0.36161	0.23822	0.32641	0.32978	0.46208	0.18626	NaN	0.14231	0.10662	0.17477	0.14163	0.39488	0.3841	0.10713	0.24551	0.27084	0.10524	0.18182	0.16911	0.41735	NaN	0.21188	0.42178	0.1728	0.15642	0.029639	0.37738	0.33013	0.11443	0.30572	0.21501	0.31041	0.52404	0.29542	0.39419	0.32194	0.18578	0.23495	0.11861	0.17971	0.24184	0.25324	0.043475	0.0085447	0.33389	0.34537	0.34161	0.020171	0.23316	0.31998	0.18727	0.18391	0.26696	0.30478	NaN	0.2956	0.29705	0.18536	0.13249	0.21289	0.23022	0.34248	0.13517	0.56331	0.30401
0.28373	0.15306	0.049262	0.080843	NaN	0.088855	0.2333	0.27185	0.29626	0.12454	0.24812	1	0.0099856	-0.00053588	0.13042	0.14199	0.090082	-0.003829	0.096514	0.11825	0.21099	0.19429	NaN	0.2498	0.23009	0.082667	0.22041	0.15706	0.109	0.18707	0.20623	0.055155	NaN	0.15357	0.11429	0.28744	0.02442	0.1289	0.20693	0.05787	0.083655	0.24899	0.16154	0.037679	0.17007	0.15581	0.32462	0.21987	0.10096	0.187	0.17456	0.050404	0.15709	0.13863	0.20273	0.25323	0.20755	0.0082342	0.18707	0.11772	0.11202	0.053419	0.1963	0.18393	0.1267	0.14216	0.13937	0.16284	NaN	0.022839	0.17842	0.10371	0.18401	0.21404	0.058546	0.083423	0.16465	0.14948	0.23585	0.21036	0.13394	0.061001	0.19534	0.32811	0.1464	0.095631	NaN	0.20552	0.028081	0.11185	0.11871	0.13975	0.18581	0.1371	0.1773	0.20142	0.098441	0.081913	0.16278	0.22209	NaN	0.17945	0.21297	0.17579	0.092254	-0.015129	0.18854	0.33894	0.035368	0.17459	0.043626	0.16305	0.25683	0.22888	0.18732	0.1142	0.16593	0.098638	-0.021315	0.20193	0.096651	0.3187	0.039649	-0.0032532	0.19192	0.16618	0.078738	0.10152	0.095966	0.1325	0.025423	0.065724	0.17325	0.099052	NaN	0.0073513	0.22693	0.061152	0.039929	0.18744	0.054189	0.17773	0.070492	0.17585	0.26276
0.03424	-0.018334	0.03554	-0.10341	NaN	-0.0066583	0.064201	0.025183	-0.031764	0.1142	0.10616	0.0099856	1	0.61171	0.043155	0.081099	0.12761	-0.040033	-0.028304	0.058898	0.03864	-0.030901	NaN	-0.025068	0.016854	0.033012	0.044154	-0.05226	0.095519	0.0087715	-0.0045838	0.067561	NaN	-0.0089521	0.032437	0.075102	0.031738	0.10223	0.16518	0.094834	0.12516	0.12894	0.12783	-0.018681	0.20226	0.02507	-0.042737	0.17104	0.067316	0.2815	-0.022712	-0.016589	0.08578	0.16288	0.053051	0.13966	0.090649	0.0186	0.11926	-0.05373	0.020823	0.063294	-0.022497	0.12464	0.058976	-0.01405	0.018254	0.051457	NaN	0.099586	0.14452	0.11787	0.20382	0.11988	-0.016758	0.48694	0.10416	-0.017599	0.074168	0.09557	0.3425	0.020071	0.012141	0.18996	0.063242	0.072924	NaN	-0.053302	0.054642	0.10884	0.5235	0.056698	0.13939	-0.015145	0.070458	-0.0008934	-0.12251	0.062635	0.10858	0.13543	NaN	0.021189	0.12706	0.18181	0.54326	0.5374	-0.0014275	0.086351	0.032276	0.095904	0.46605	-0.022926	0.016477	0.15499	0.097355	0.077037	0.14777	0.26613	0.019899	-0.019778	-0.053652	0.13664	0.38974	0.28038	0.023797	0.087127	0.016219	-0.085658	0.017325	0.042075	0.55779	0.017725	-0.16316	0.16309	NaN	0.1556	0.17578	0.090004	0.076393	-0.041042	0.20571	0.20368	0.064219	0.19365	0.063673
0.073179	0.036066	-0.071753	-0.11234	NaN	0.0045613	0.10598	-0.0023633	0.0072413	0.092165	0.23648	-0.00053588	0.61171	1	0.051012	0.10873	0.094101	-0.012424	-0.092852	-0.062802	0.025804	0.053655	NaN	-0.01628	0.026841	0.042757	-0.068618	-0.025607	0.080698	0.013	-0.045684	0.13279	NaN	-0.017717	0.03108	0.10458	0.079641	0.084124	0.17104	0.11427	0.08086	0.10782	0.067929	-0.037601	0.15691	0.13497	-0.08647	0.15781	0.073516	0.32738	-0.02079	-0.0090945	0.10098	0.1155	0.037072	0.10341	0.19047	0.012793	0.085534	-0.053258	0.15478	0.043591	0.0066841	0.12438	0.09664	0.044938	-0.11788	0.0083173	NaN	0.073808	0.20755	0.087481	0.2371	0.11603	-0.033357	0.58456	0.049461	0.023871	0.092441	0.12848	0.4305	0.037462	0.019292	0.20483	0.059718	0.037846	NaN	-0.054246	0.12401	0.11384	0.62306	0.10033	0.15512	-0.10348	-0.0057754	-0.025421	-0.16576	0.032685	0.0873	0.11382	NaN	0.032105	0.16701	0.11186	0.64834	0.6009	0.12454	0.062664	0.049074	0.12871	0.52155	0.044593	0.090862	0.12878	0.11306	0.1118	0.025259	0.2728	0.00032083	-0.0465	-0.090948	0.11931	0.46866	0.41153	0.050022	0.093546	0.024942	-0.15478	0.017579	0.034395	0.62183	0.070387	-0.17122	0.15607	NaN	0.15359	0.20524	0.097811	0.054366	-0.083432	0.25403	0.084605	0.090236	0.22744	0.02469
0.19869	0.17843	0.10168	0.12714	NaN	0.092146	0.18472	0.11959	0.19347	0.12259	0.15599	0.13042	0.043155	0.051012	1	0.20643	0.11326	-0.057225	0.17112	0.13149	0.17692	0.20186	NaN	0.16324	0.1285	0.11393	0.27251	0.080374	0.28396	0.19867	0.065177	0.073701	NaN	0.10514	0.23939	0.11382	0.085206	0.077319	0.32335	0.21625	0.28259	0.30162	0.18382	0.15411	0.21293	0.16141	0.24659	0.17128	0.21622	0.20928	0.1561	0.094727	0.16019	0.24078	0.075855	0.18441	0.18646	-0.00054741	0.29587	0.18688	0.042169	0.097573	0.15671	0.25049	0.30904	0.25307	0.12555	0.16576	NaN	0.031944	0.32662	0.23774	0.12226	0.17363	0.13454	0.15892	0.31031	0.15262	0.14695	0.15233	0.17736	-0.0050005	0.20354	0.2299	0.17425	0.08062	NaN	0.20153	0.090025	0.079017	0.025004	0.12103	0.21576	-0.096541	0.1635	0.26327	0.1896	0.16019	0.20937	0.25041	NaN	0.12165	0.22687	0.12343	0.032369	0.085099	0.21163	0.19912	0.12035	0.10905	0.095811	0.18264	0.25882	0.10299	0.19491	0.18653	0.021665	0.176	0.15068	0.12486	0.19718	0.25303	-0.020315	0.062506	0.29043	0.17595	0.24721	0.043456	0.050385	0.1349	0.12504	0.095563	0.17184	0.1901	NaN	0.15444	0.23345	0.11843	0.064082	0.1528	0.16486	0.25496	0.07806	0.35827	0.22652
0.3267	0.30369	0.18276	0.12678	NaN	0.11242	0.1729	0.1835	0.20537	0.15812	0.46005	0.14199	0.081099	0.10873	0.20643	1	0.19675	0.20728	0.3846	0.2986	0.17368	0.25564	NaN	0.23466	0.27823	0.16049	0.2734	0.25263	0.39512	0.24908	0.10902	0.15654	NaN	0.13119	0.22754	0.36284	-0.074401	0.29322	0.46385	0.22341	0.33074	0.3908	0.3073	0.26542	0.29697	0.3482	0.15386	0.36076	0.2092	0.38208	0.21137	0.18434	0.22048	0.22036	0.14794	0.3384	0.42385	0.064075	0.31661	0.27144	0.16795	0.061956	0.16823	0.35644	0.4721	0.1926	0.25724	0.1731	NaN	0.10799	0.31757	0.35545	0.12694	0.21057	0.22557	0.077992	0.39312	0.13947	0.29813	0.28542	0.2236	0.16574	0.27218	0.25736	0.24569	0.13745	NaN	0.10853	0.2077	0.19267	0.043692	0.30465	0.37693	0.14449	0.2297	0.29513	0.17147	0.092987	0.065148	0.35757	NaN	0.19917	0.34104	0.22042	0.096373	-0.047664	0.16855	0.33567	0.10593	0.28344	0.12382	0.22466	0.40505	0.2813	0.40463	0.26059	0.2222	0.1859	0.079958	0.16984	0.30279	0.25633	0.0025384	-0.024039	0.29322	0.25669	0.27582	0.14365	0.13497	0.36432	0.077053	0.17969	0.19213	0.28056	NaN	0.20931	0.33773	0.092276	0.26119	0.15707	0.16194	0.28584	0.036617	0.48429	0.28108
0.17889	0.084639	0.063156	0.076725	NaN	0.068719	0.16859	0.035425	0.050884	0.094611	0.18276	0.090082	0.12761	0.094101	0.11326	0.19675	1	0.091009	0.10174	0.02942	0.05829	0.18651	NaN	0.1471	0.043623	-0.069625	0.08077	0.094793	0.16394	0.12906	0.066854	0.050848	NaN	-0.060381	0.15244	0.21035	6.4756e-005	0.089057	0.29918	0.12964	0.11626	0.16873	0.17306	0.009248	0.1193	0.19959	0.12053	0.20821	0.1058	0.25198	0.095	0.023219	0.1341	0.093991	0.13422	0.1702	0.22597	0.070629	0.17577	0.13612	0.075367	0.021271	0.15349	0.16986	0.18215	0.09943	0.057954	0.094472	NaN	0.063095	0.26411	0.19361	0.081986	0.17105	0.13164	0.15034	0.16585	0.17544	0.13912	0.1953	0.13708	0.058615	0.16258	0.087177	0.14253	0.10879	NaN	0.021288	0.073869	0.12758	0.083459	0.18397	0.15311	0.053926	0.064177	0.17228	0.088562	0.002445	0.15285	0.19096	NaN	0.095929	0.21258	0.073274	0.13444	-0.01116	0.16304	0.14949	0.049707	0.06528	0.095134	0.15815	0.16485	0.09943	0.19149	0.15654	0.035693	0.21731	0.094215	0.14481	0.092254	0.17057	0.024623	-0.019944	0.15343	0.17765	0.12084	0.077244	0.020218	0.084552	0.1273	0.111	0.036219	0.11947	NaN	0.040701	0.20036	0.09513	0.051894	0.075868	0.13746	0.18622	0.036722	0.213	0.10224
0.13329	0.17773	0.19194	0.097308	NaN	-0.015354	0.14877	0.12108	0.10627	0.13398	0.17853	-0.003829	-0.040033	-0.012424	-0.057225	0.20728	0.091009	1	0.12927	0.19098	0.04885	0.054475	NaN	0.1403	0.096019	0.10897	0.087758	0.14223	0.17988	0.16968	0.096015	0.10647	NaN	0.075861	0.043244	0.22553	-0.13723	0.17444	0.090951	0.13224	0.16953	0.050144	0.15998	0.14438	0.13327	0.2305	0.09427	0.23807	-0.0018235	0.16398	0.21024	0.17374	-0.062771	0.10549	0.068031	0.13222	0.26546	0.10309	0.042383	0.11955	0.034362	0.14146	0.22881	0.087697	0.17384	0.12311	0.088497	0.19853	NaN	0.052593	0.14349	0.093517	0.068453	0.16966	0.26881	0.082123	0.2148	0.11232	0.13923	0.20543	0.15455	0.015597	0.10748	0.053543	0.15668	0.13283	NaN	-0.001826	0.13438	0.15522	-0.038265	0.096858	0.10143	0.14491	0.17967	0.12696	0.054049	0.030212	0.078938	0.036325	NaN	0.21124	0.11634	0.095548	0.032796	-0.13011	0.14111	0.076789	0.015178	0.22731	0.045561	0.084046	0.16176	0.12509	0.069606	0.097592	0.051608	0.048446	0.076035	0.2005	0.15735	0.050138	-0.076746	-0.19621	0.056502	0.039969	0.05891	0.11272	0.11067	0.088977	-0.0005146	0.087561	0.16376	-0.021947	NaN	0.001893	0.23384	0.0067169	0.14937	0.02404	0.017076	0.12185	0.076787	0.16358	0.034993
0.29177	0.14601	0.56741	0.089904	NaN	0.058993	0.25755	0.22214	0.16809	0.10004	0.26957	0.096514	-0.028304	-0.092852	0.17112	0.3846	0.10174	0.12927	1	0.21412	0.16403	0.16627	NaN	0.20377	0.21012	0.15626	0.22143	0.20722	0.30062	0.20411	0.073138	0.11855	NaN	0.18675	0.1412	0.30986	0.070728	0.1887	0.41892	0.19864	0.24237	0.35468	0.21729	0.73255	0.24156	0.20379	0.12588	0.30408	0.20407	0.28242	0.25465	0.17555	0.23012	0.26127	0.1371	0.2799	0.33886	0.072122	0.39746	0.28336	0.078735	0.13051	0.23474	0.19916	0.32518	0.16471	0.21703	0.17542	NaN	0.087097	0.31636	0.23278	0.15472	0.25102	0.19214	0.016335	0.37005	0.22256	0.21312	0.32154	0.10959	0.16283	0.194	0.25772	0.20732	0.11528	NaN	0.0031084	0.12436	0.17424	0.041169	0.23693	0.1986	0.02124	0.19412	0.27283	0.12127	0.062225	0.11224	0.27525	NaN	0.20008	0.27635	0.12107	0.025778	-0.058983	0.14654	0.2729	0.090543	0.15584	0.03551	0.26587	0.20739	0.15227	0.29278	0.1512	0.23287	0.15273	0.12433	0.16816	0.23881	0.17319	0.035056	-0.00075364	0.26987	0.24958	0.33439	0.1236	0.1654	0.24414	0.00060627	0.16922	0.22405	0.1986	NaN	0.13834	0.20088	0.14999	0.16775	0.31345	0.15302	0.30699	0.094403	0.41494	0.20495
0.13733	0.16747	0.12683	0.09166	NaN	0.095569	0.18647	0.027581	0.21446	-0.0039076	0.19457	0.11825	0.058898	-0.062802	0.13149	0.2986	0.02942	0.19098	0.21412	1	0.083726	0.10038	NaN	0.10831	0.23692	0.24725	0.27783	0.29869	0.3645	0.13293	0.071376	0.096027	NaN	0.12583	0.2461	0.17526	0.039114	0.17958	0.18985	0.20184	0.22337	0.20126	0.093949	0.14988	0.21839	0.16434	0.083186	0.26803	0.079678	0.17383	0.28333	0.12021	0.068251	0.28644	0.15064	0.1021	0.18701	0.014735	0.20092	0.21302	0.021494	0.15437	0.15611	0.11654	0.26472	0.072041	0.18865	0.25142	NaN	0.0036304	0.094159	0.17421	0.033503	0.29139	0.045684	0.026593	0.3594	0.15629	0.06736	0.23961	-0.064398	0.01605	0.069217	0.20628	0.2667	0.14801	NaN	0.019847	0.11618	0.0051781	-0.0022971	0.098546	0.18153	0.23111	0.33508	0.29484	0.13529	0.096499	0.034431	0.25428	NaN	0.19969	0.16813	0.18204	-0.099434	-0.10994	0.086732	0.2568	0.12129	0.24452	0.013619	0.063316	0.243	0.17333	0.2205	0.11955	0.40632	0.076827	0.10303	0.13274	0.24973	0.18419	-0.0054196	-0.047615	0.1734	0.19499	0.16044	0.12095	0.046581	0.18749	-0.021142	0.091131	0.21811	0.13515	NaN	0.072877	0.11077	0.13577	0.061529	0.1395	0.067378	0.2634	0.00046926	0.2972	0.14062
0.18915	0.1526	0.14333	0.045289	NaN	0.047743	0.10624	0.10338	0.16909	0.12461	0.15328	0.21099	0.03864	0.025804	0.17692	0.17368	0.05829	0.04885	0.16403	0.083726	1	0.21437	NaN	0.16155	0.15843	0.020293	0.18027	0.052472	0.12409	0.12561	0.78326	0.075191	NaN	0.035344	0.16311	0.12949	0.019464	0.11723	0.19464	0.043056	0.08864	0.18615	0.083199	0.12849	0.15446	0.12885	0.052997	0.14559	0.11369	0.20995	0.090749	0.026082	0.10526	0.030646	0.088587	0.1764	0.10976	0.0039056	0.20624	0.13474	0.01854	0.097893	0.070986	0.1462	0.23463	0.13288	0.13121	0.1354	NaN	0.072486	0.1752	0.10122	0.20544	0.13838	0.11816	0.097512	0.22228	0.090723	0.086235	0.15633	0.18904	0.079214	0.10204	0.15664	0.14949	0.02376	NaN	0.076847	0.061559	0.082762	0.085125	0.20412	0.16792	0.027113	0.12654	0.095931	0.072444	0.02815	0.085306	0.16205	NaN	0.051793	0.17472	0.096558	0.1093	0.007062	0.080464	0.19156	0.039841	0.10051	0.068435	0.081138	0.16362	0.078671	0.17667	0.079781	0.1454	0.067251	0.11484	0.057297	0.14174	0.18792	0.0070211	-0.013423	0.1023	0.14706	0.12576	0.075611	0.068787	0.10984	0.10098	0.1101	0.1419	0.14884	NaN	0.065855	0.096258	0.0021629	0.053741	0.067527	0.11425	0.18449	0.05357	0.22612	0.36653
0.36002	0.32158	0.12003	0.051198	NaN	0.086117	0.251	0.26986	0.55824	0.16511	0.34099	0.19429	-0.030901	0.053655	0.20186	0.25564	0.18651	0.054475	0.16627	0.10038	0.21437	1	NaN	0.61383	0.35578	0.12518	0.19749	0.14141	0.26646	0.21025	0.14824	-0.010844	NaN	0.1501	0.1744	0.22482	0.076121	0.14683	0.31553	0.19894	0.24537	0.26352	0.19734	0.15623	0.14407	0.30336	0.11652	0.22926	0.22647	0.23392	0.18812	0.12396	0.18047	0.17339	0.28319	0.27671	0.27154	-0.02019	0.33886	0.33577	0.049859	0.17089	0.15502	0.33109	0.34323	0.2325	0.15774	0.17427	NaN	0.14397	0.2255	0.24805	0.15133	0.17419	0.22581	0.046814	0.27357	0.22352	0.24116	0.25021	0.23077	0.11731	0.37017	0.25914	0.37119	0.11227	NaN	0.13892	0.037459	0.07829	0.050947	0.21612	0.26746	0.11671	0.12665	0.24547	0.099078	0.1201	0.21121	0.12891	NaN	0.19898	0.29704	0.14076	0.057829	-0.07014	0.27106	0.34978	0.15215	0.16391	0.0051401	0.23902	0.46007	0.13933	0.25027	0.18593	0.056076	0.18111	0.13708	0.21889	0.23363	0.24378	-0.019507	-0.011591	0.24181	0.1979	0.3894	0.033968	0.11434	0.17314	0.13529	0.17877	0.21691	0.2567	NaN	0.17268	0.2081	0.088584	0.040117	0.21064	0.084966	0.25431	0.085284	0.35046	0.25779
NaN	NaN	NaN	NaN	NaN	NaN	NaN	NaN	NaN	NaN	NaN	NaN	NaN	NaN	NaN	NaN	NaN	NaN	NaN	NaN	NaN	NaN	NaN	NaN	NaN	NaN	NaN	NaN	NaN	NaN	NaN	NaN	NaN	NaN	NaN	NaN	NaN	NaN	NaN	NaN	NaN	NaN	NaN	NaN	NaN	NaN	NaN	NaN	NaN	NaN	NaN	NaN	NaN	NaN	NaN	NaN	NaN	NaN	NaN	NaN	NaN	NaN	NaN	NaN	NaN	NaN	NaN	NaN	NaN	NaN	NaN	NaN	NaN	NaN	NaN	NaN	NaN	NaN	NaN	NaN	NaN	NaN	NaN	NaN	NaN	NaN	NaN	NaN	NaN	NaN	NaN	NaN	NaN	NaN	NaN	NaN	NaN	NaN	NaN	NaN	NaN	NaN	NaN	NaN	NaN	NaN	NaN	NaN	NaN	NaN	NaN	NaN	NaN	NaN	NaN	NaN	NaN	NaN	NaN	NaN	NaN	NaN	NaN	NaN	NaN	NaN	NaN	NaN	NaN	NaN	NaN	NaN	NaN	NaN	NaN	NaN	NaN	NaN	NaN	NaN	NaN	NaN	NaN	NaN	NaN
0.33241	0.31824	0.19922	0.19608	NaN	0.11322	0.24157	0.28878	0.53927	0.14391	0.34709	0.2498	-0.025068	-0.01628	0.16324	0.23466	0.1471	0.1403	0.20377	0.10831	0.16155	0.61383	NaN	1	0.38453	0.14627	0.24489	0.16395	0.25077	0.23101	0.1531	-0.030523	NaN	0.16107	0.10193	0.24122	0.14897	0.11558	0.30463	0.23706	0.12382	0.25254	0.11728	0.13084	0.19076	0.25883	0.14391	0.24348	0.1827	0.20682	0.18964	0.17416	0.18428	0.16277	0.18247	0.18823	0.27472	0.011935	0.33729	0.20746	0.013081	0.19701	0.21898	0.21033	0.25891	0.16813	0.2376	0.15494	NaN	0.045285	0.24918	0.23962	0.22853	0.19693	0.25032	-0.0083192	0.33522	0.24713	0.26765	0.2514	0.19925	0.14831	0.3387	0.18879	0.27527	0.021071	NaN	0.10277	0.059107	0.095141	0.053206	0.17119	0.27397	0.21472	0.098455	0.15024	0.24654	0.071852	0.25434	0.24187	NaN	0.23795	0.18086	0.12865	0.0042965	-0.12677	0.21189	0.36212	0.10035	0.16737	-0.0043247	0.28139	0.49793	0.077911	0.22552	0.23534	0.11645	0.14954	0.22188	0.20544	0.23434	0.17178	-0.044878	-0.062473	0.22567	0.17359	0.33409	0.075289	0.14279	0.20371	0.049959	0.10742	0.3155	0.26033	NaN	0.16509	0.25851	0.16427	0.048494	0.14847	0.16064	0.29931	0.1108	0.41052	0.21525
0.27159	0.26288	0.20431	0.10178	NaN	0.044352	0.15244	0.20389	0.42454	0.15918	0.27556	0.23009	0.016854	0.026841	0.1285	0.27823	0.043623	0.096019	0.21012	0.23692	0.15843	0.35578	NaN	0.38453	1	0.18443	0.21211	0.1774	0.30688	0.1487	0.11992	0.027661	NaN	0.16573	0.17993	0.22096	0.06251	0.11489	0.21466	0.052439	0.24452	0.2427	0.055356	0.1872	0.19513	0.27956	0.087593	0.27574	0.16198	0.18891	0.23761	0.096951	0.13423	0.21239	0.16821	0.25633	0.27132	-0.019782	0.32185	0.28938	0.12417	0.16943	0.17521	0.20766	0.31314	0.2534	0.13016	0.16185	NaN	0.06589	0.15766	0.17414	0.17911	0.23786	0.10833	0.10003	0.37361	0.25958	0.22639	0.20324	0.11652	0.085416	0.23965	0.22375	0.33316	0.11987	NaN	0.097582	0.094155	0.094076	0.055601	0.12509	0.22755	0.15665	0.2114	0.22966	0.14518	0.097226	0.20281	0.26072	NaN	0.22759	0.1354	0.14142	0.018488	-0.0039001	0.20145	0.35292	0.11671	0.25309	0.0024367	0.16519	0.38441	0.11678	0.14373	0.20317	0.17916	0.10118	0.14717	0.1699	0.27201	0.082024	-0.0030463	-0.066773	0.17879	0.2485	0.26918	0.060954	0.15233	0.10594	0.020468	0.10478	0.19028	0.24	NaN	0.12823	0.17622	0.13571	0.13396	0.13287	0.071248	0.22271	0.091046	0.3041	0.28339
0.12378	0.16134	0.096152	0.079733	NaN	0.11524	0.1078	0.039555	0.14703	0.14675	0.23008	0.082667	0.033012	0.042757	0.11393	0.16049	-0.069625	0.10897	0.15626	0.24725	0.020293	0.12518	NaN	0.14627	0.18443	1	0.11249	0.18163	0.19759	0.15636	0.0076283	-0.029052	NaN	0.12338	0.094424	0.20849	0.10813	0.096075	0.20794	0.13635	0.26984	0.23036	0.19984	0.15736	0.084046	0.20947	0.087769	0.20081	0.22272	0.2085	0.16315	0.13078	0.11859	0.19522	0.096948	0.11047	0.20557	0.00081082	0.22923	0.17601	-0.021999	0.13539	0.15701	0.18167	0.26015	0.091687	0.064847	0.15129	NaN	0.091926	0.1683	0.18697	0.10884	0.22598	0.034441	0.11851	0.29355	0.19639	0.1271	0.1984	0.064135	0.074963	0.11985	0.19368	0.16088	0.024751	NaN	0.081726	0.024383	0.11087	0.065765	0.096347	0.12328	0.053248	0.15145	0.17937	0.11729	0.13143	0.1313	0.18269	NaN	0.21233	0.12534	0.077003	0.068076	0.069914	0.15453	0.226	0.11611	0.27434	0.10286	0.18191	0.25122	0.087124	0.1277	0.17493	0.12369	0.096212	0.099193	0.14233	0.2565	0.13859	0.077888	0.0018463	0.16645	0.058237	0.18818	0.068876	0.090408	0.17249	0.022007	0.098789	0.17011	0.10177	NaN	0.11136	0.12188	0.079936	0.053905	0.16711	0.10187	0.23159	0.072434	0.26516	0.089088
0.24595	0.16603	0.24299	0.18044	NaN	0.057919	0.21046	0.27851	0.29416	0.036279	0.18851	0.22041	0.044154	-0.068618	0.27251	0.2734	0.08077	0.087758	0.22143	0.27783	0.18027	0.19749	NaN	0.24489	0.21211	0.11249	1	0.11073	0.30351	0.25649	0.14473	0.10539	NaN	0.17447	0.1714	0.14707	0.052196	0.18785	0.29256	0.19202	0.16783	0.34501	0.10194	0.21461	0.32496	0.17608	0.12759	0.29776	0.083488	0.21057	0.21203	0.14526	0.11201	0.31014	0.15235	0.21854	0.22963	0.078061	0.33566	0.14789	0.141	0.083411	0.22298	0.18142	0.30219	0.18103	0.17267	0.14705	NaN	0.10459	0.28769	0.27796	0.10526	0.13935	0.12977	0.0047731	0.32195	0.23747	0.13213	0.31357	0.13464	0.032125	0.2029	0.25288	0.19568	0.047559	NaN	0.03301	0.10367	0.094829	-0.0056726	0.14537	0.30504	0.10594	0.27814	0.28191	0.23688	0.062172	0.23055	0.21561	NaN	0.23767	0.15205	0.12303	-0.0097387	-0.1399	0.21406	0.32679	0.059764	0.13129	-0.01252	0.22229	0.37022	0.1119	0.20324	0.28807	0.1716	0.24204	0.13336	0.24702	0.24042	0.14402	-0.13074	-0.092457	0.19274	0.23182	0.25698	0.25731	0.11833	0.1372	-0.052625	0.10267	0.23732	0.16423	NaN	0.12336	0.18953	0.070679	0.15514	0.16057	0.11757	0.3244	0.035984	0.29639	0.24621
0.2495	0.23506	0.13041	0.10901	NaN	0.056037	0.18304	0.14821	0.17582	0.076257	0.40053	0.15706	-0.05226	-0.025607	0.080374	0.25263	0.094793	0.14223	0.20722	0.29869	0.052472	0.14141	NaN	0.16395	0.1774	0.18163	0.11073	1	0.29983	0.14247	0.045754	0.12609	NaN	0.16828	0.12531	0.23464	0.063631	0.29736	0.29479	0.22983	0.24809	0.20611	0.15187	0.086938	0.14231	0.26805	0.12974	0.17017	0.1909	0.21789	0.21626	0.21588	0.13436	0.25528	0.15054	0.23266	0.29488	0.19017	0.24274	0.11571	0.097413	0.099855	0.14249	0.12923	0.31586	0.13574	0.22304	0.20489	NaN	0.032726	0.12399	0.16402	0.13865	0.23633	0.066242	0.049965	0.28565	0.12471	0.096113	0.3906	0.065451	0.17432	0.1163	0.26019	0.23252	0.16005	NaN	0.064587	0.16519	0.069382	-0.038249	0.17614	0.1591	0.0089312	0.2419	0.28721	0.15285	0.083414	0.14549	0.30338	NaN	0.063343	0.1734	0.14899	0.009214	0.0047754	0.20158	0.22057	0.032015	0.27782	0.1018	0.14954	0.25834	0.12331	0.2738	0.15167	0.17513	0.08887	0.067843	0.087567	0.18287	0.18638	0.049891	0.059506	0.26464	0.12813	0.19794	0.08096	0.1904	0.28092	0.04238	0.098901	0.17636	0.19115	NaN	0.18772	0.19626	0.0087496	0.098721	0.11464	0.10787	0.20053	0.00062226	0.29347	0.18186
0.31065	0.25496	0.065683	0.16381	NaN	0.11849	0.27058	0.14552	0.21404	0.11668	0.3935	0.109	0.095519	0.080698	0.28396	0.39512	0.16394	0.17988	0.30062	0.3645	0.12409	0.26646	NaN	0.25077	0.30688	0.19759	0.30351	0.29983	1	0.28992	0.080738	0.13438	NaN	0.17468	0.26048	0.35349	0.011054	0.19344	0.45819	0.27838	0.37334	0.35112	0.26964	0.22166	0.23952	0.38077	0.17561	0.34056	0.16228	0.48008	0.29922	0.184	0.1713	0.38154	0.20557	0.29477	0.42429	0.20934	0.43934	0.23892	0.15434	0.22896	0.23206	0.23696	0.53285	0.22111	0.23407	0.24621	NaN	0.091507	0.30754	0.30853	0.22602	0.37802	0.13102	0.098181	0.54183	0.26707	0.29925	0.38622	0.24995	0.10585	0.20058	0.32066	0.39485	0.15192	NaN	0.14058	0.14082	0.27002	0.086334	0.24604	0.30236	0.021666	0.2938	0.29402	0.16566	0.091001	0.13134	0.33209	NaN	0.24261	0.31136	0.23432	0.082391	0.046765	0.2234	0.40055	0.11428	0.30914	0.099773	0.3353	0.36211	0.31214	0.37256	0.29244	0.19125	0.10724	0.1797	0.23009	0.22491	0.30329	0.019455	-0.02996	0.24908	0.26388	0.41844	0.056512	0.19567	0.29002	0.11434	0.18469	0.20761	0.25799	NaN	0.15202	0.2524	0.13229	0.10711	0.23503	0.17923	0.4481	0.10497	0.47503	0.24647
0.34651	0.17283	0.22012	0.096567	NaN	0.00078327	0.13258	0.089352	0.16034	0.12596	0.24314	0.18707	0.0087715	0.013	0.19867	0.24908	0.12906	0.16968	0.20411	0.13293	0.12561	0.21025	NaN	0.23101	0.1487	0.15636	0.25649	0.14247	0.28992	1	0.31372	0.035649	NaN	0.19208	0.16363	0.39074	0.16301	0.12444	0.2379	0.18294	0.17142	0.19245	0.14539	0.16431	0.17893	0.23631	0.14987	0.30363	-0.043362	0.31346	0.51248	0.089071	0.07638	0.24869	0.032378	0.24945	0.13173	0.19643	0.23739	0.13802	0.079015	0.11663	0.5457	0.15822	0.19227	0.27365	0.16392	0.1671	NaN	0.05603	0.25812	0.2855	0.17125	0.14109	0.1805	0.068842	0.25335	0.49382	0.42249	0.17952	0.14417	0.096452	0.15914	0.28579	0.25394	0.067731	NaN	0.125	0.021949	0.4096	0.0087589	0.25755	0.30738	0.10647	0.13833	0.1965	0.10181	0.091525	0.15385	0.19872	NaN	0.57353	0.27731	0.15036	0.0081923	-0.069918	0.44055	0.24281	-0.040789	0.10394	-0.010283	0.20253	0.21731	0.1523	0.14004	0.56578	0.014629	0.27947	0.14921	0.59832	0.15766	0.28567	-0.0022804	-0.0049664	0.20785	0.17319	0.17528	0.26813	0.033306	0.10923	0.041587	0.18887	0.19174	0.18833	NaN	0.16975	0.33565	0.069813	0.020281	0.22246	0.1332	0.23956	0.08246	0.27628	0.18542
0.22374	0.13453	0.11027	0.039716	NaN	0.01868	0.041258	0.0049851	0.09576	0.16479	0.11647	0.20623	-0.0045838	-0.045684	0.065177	0.10902	0.066854	0.096015	0.073138	0.071376	0.78326	0.14824	NaN	0.1531	0.11992	0.0076283	0.14473	0.045754	0.080738	0.31372	1	0.052444	NaN	0.034173	0.075732	0.21254	0.074607	0.098312	0.11408	-0.0090158	0.079419	0.024442	0.062441	0.056233	0.08475	0.14481	0.063495	0.086444	-0.014696	0.17961	0.26364	0.028483	0.037564	-0.015971	0.046753	0.14282	-0.0027871	0.063329	0.094076	0.073289	0.026621	-0.026609	0.28235	0.098941	0.073206	0.07904	0.11687	0.024273	NaN	0.068428	0.12647	0.11456	0.1991	0.063388	0.096672	-0.0023144	0.14197	0.24805	0.25045	0.11882	0.15312	0.087038	0.062696	0.11146	0.20089	0.0015651	NaN	0.040783	0.033847	0.24615	0.022485	0.15975	0.11553	0.077215	0.09707	0.045064	0.075892	0.036624	0.053367	0.131	NaN	0.29353	0.15214	0.018517	0.033622	-0.066323	0.21057	0.14008	-0.012386	0.014778	-0.00089979	0.10049	0.11944	0.037188	0.090703	0.2633	0.036415	0.078946	-0.0064115	0.28941	0.098908	0.16246	0.0056396	-0.090547	0.069627	0.078748	0.12565	0.12168	0.02365	0.058159	0.034431	0.11037	0.13701	0.089726	NaN	0.10212	0.11927	-0.020978	0.0034307	0.0003839	0.10435	0.12398	0.024408	0.11346	0.38594
0.17132	0.064056	-0.018439	0.031154	NaN	0.028411	-0.010582	-0.016114	0.011145	0.037821	0.048708	0.055155	0.067561	0.13279	0.073701	0.15654	0.050848	0.10647	0.11855	0.096027	0.075191	-0.010844	NaN	-0.030523	0.027661	-0.029052	0.10539	0.12609	0.13438	0.035649	0.052444	1	NaN	0.0023748	0.075382	0.071778	0.075068	0.095943	0.18597	0.10101	0.1485	0.14169	0.064927	0.055274	0.13758	0.090584	0.020758	0.086797	0.059642	0.20058	0.086344	0.14908	0.086104	0.11346	0.017318	0.089297	0.14143	0.020545	0.12229	0.012948	0.093008	0.043796	0.038056	0.13801	0.1782	0.084902	0.072864	0.062477	NaN	0.038911	0.16542	0.047903	0.013566	-0.040299	0.11386	0.11356	0.13792	0.060515	0.073901	0.18851	0.14728	0.0019556	0.029801	0.08706	0.065468	0.055087	NaN	0.027151	0.85758	0.0066335	0.060116	0.12976	0.19006	-0.029797	0.12036	0.12111	0.065029	0.061759	0.0059597	0.077892	NaN	0.056144	0.15861	0.018154	0.083261	0.12833	0.040779	-0.0024882	0.0185	0.12851	0.11342	0.14549	0.071576	0.17779	0.12213	0.079531	0.083142	0.04165	0.016502	0.026334	0.043548	0.016985	0.020153	0.094195	0.043026	0.089019	0.11106	-0.0060988	0.066073	0.076304	0.005729	0.06365	0.045946	0.042275	NaN	0.014345	0.10007	0.015355	0.080241	0.014385	0.072992	0.104	0.040897	0.133	-0.00050895
NaN	NaN	NaN	NaN	NaN	NaN	NaN	NaN	NaN	NaN	NaN	NaN	NaN	NaN	NaN	NaN	NaN	NaN	NaN	NaN	NaN	NaN	NaN	NaN	NaN	NaN	NaN	NaN	NaN	NaN	NaN	NaN	NaN	NaN	NaN	NaN	NaN	NaN	NaN	NaN	NaN	NaN	NaN	NaN	NaN	NaN	NaN	NaN	NaN	NaN	NaN	NaN	NaN	NaN	NaN	NaN	NaN	NaN	NaN	NaN	NaN	NaN	NaN	NaN	NaN	NaN	NaN	NaN	NaN	NaN	NaN	NaN	NaN	NaN	NaN	NaN	NaN	NaN	NaN	NaN	NaN	NaN	NaN	NaN	NaN	NaN	NaN	NaN	NaN	NaN	NaN	NaN	NaN	NaN	NaN	NaN	NaN	NaN	NaN	NaN	NaN	NaN	NaN	NaN	NaN	NaN	NaN	NaN	NaN	NaN	NaN	NaN	NaN	NaN	NaN	NaN	NaN	NaN	NaN	NaN	NaN	NaN	NaN	NaN	NaN	NaN	NaN	NaN	NaN	NaN	NaN	NaN	NaN	NaN	NaN	NaN	NaN	NaN	NaN	NaN	NaN	NaN	NaN	NaN	NaN
0.31974	0.1934	0.10942	0.10448	NaN	0.03024	0.17395	0.078372	0.14582	0.025752	0.33567	0.15357	-0.0089521	-0.017717	0.10514	0.13119	-0.060381	0.075861	0.18675	0.12583	0.035344	0.1501	NaN	0.16107	0.16573	0.12338	0.17447	0.16828	0.17468	0.19208	0.034173	0.0023748	NaN	1	0.053615	0.24657	0.057462	0.23497	0.17787	0.22227	0.19124	0.17826	0.064182	0.20122	0.045268	0.10225	0.068429	0.13392	-0.00047904	0.20361	0.19586	-0.0016656	0.12315	0.17566	0.14678	0.22188	0.080561	0.097916	0.26635	0.13294	0.11497	0.11673	0.14667	0.21185	0.1848	0.1969	0.11822	0.079414	NaN	0.083186	0.18624	0.25769	0.22586	0.084517	0.1112	0.021597	0.15578	0.16909	0.11114	0.25326	0.093785	0.061558	0.2055	0.14786	0.25594	0.098544	NaN	0.065105	0.056972	0.08071	-0.067865	0.14544	0.23392	0.0049005	0.061208	0.2454	0.11177	0.063934	0.11734	0.19899	NaN	0.20589	0.16877	-0.016153	-0.031738	-0.047065	0.29779	0.22086	0.0522	0.12938	0.053446	0.26234	0.23486	0.2208	0.23703	0.11952	0.068156	0.050634	0.11106	0.16146	0.16192	0.15132	0.10787	0.022727	0.1606	0.19667	0.14769	0.14422	0.09707	0.14832	0.0091407	0.089538	0.23412	0.10986	NaN	0.21902	0.17917	0.10973	0.084333	0.069905	0.093848	0.16635	0.050257	0.2974	0.16598
0.1809	0.26689	0.11349	0.055464	NaN	0.051226	0.24783	0.0014353	0.15886	0.088609	0.13535	0.11429	0.032437	0.03108	0.23939	0.22754	0.15244	0.043244	0.1412	0.2461	0.16311	0.1744	NaN	0.10193	0.17993	0.094424	0.1714	0.12531	0.26048	0.16363	0.075732	0.075382	NaN	0.053615	1	0.16253	-0.011065	0.12353	0.20753	0.20416	0.16569	0.25283	0.16799	0.23836	0.11941	0.17881	0.039731	0.15655	0.10929	0.13741	0.14958	0.038025	0.10018	0.17253	0.21888	0.13665	0.22394	0.050646	0.19766	0.12971	0.021415	0.13287	0.056463	0.23204	0.28869	0.12936	0.1239	0.10945	NaN	0.13054	0.15156	0.1683	0.074615	0.21857	0.17799	0.084176	0.26043	0.13584	0.074437	0.13508	0.048151	0.008168	0.13223	0.28404	0.19671	0.17748	NaN	0.021615	0.06189	-0.031096	0.037526	0.14825	0.26446	0.014615	0.22514	0.35729	0.1086	0.027529	0.092031	0.20028	NaN	0.068563	0.19597	0.11818	0.025149	-0.087215	0.2107	0.19604	0.038436	0.11169	0.049153	0.18033	0.1981	0.26217	0.18001	0.058484	0.1498	0.055707	0.16296	0.086108	0.19027	0.20678	-0.03906	0.033025	0.21577	0.1313	0.22468	0.081344	0.068424	0.068994	0.0027877	0.049488	0.1506	0.075813	NaN	0.082928	0.070648	0.082568	0.06848	0.20869	0.14076	0.18822	-0.0067215	0.16614	0.12791
