1	0.24891	0.17546	0.23985	0.25618	0.18033	0.085616	0.1671	0.14001	0.36521	0.33998	0.052501	0.10156	0.34326	0.15913	0.094815	0.21542	0.33463	0.2895	0.22431	0.13569	0.34411	0.14977	0.22861	0.30991	0.19726	0.29417	0.185	0.083498	0.27739	0.29666	0.25492	0.1089	0.19302	0.25021	0.229	0.14506	0.33013	0.14187	0.22075	0.10083	0.24138	0.18652	0.12474	0.19191	0.21487	0.10526	0.20271	0.072793	0.21887	0.079091	0.23288	0.38661	0.15264	0.18089	0.17046	0.2231	0.24119	0.29894	0.30926	0.29759	0.21154	0.40049	0.18326	0.14183	0.28187	0.25828	0.28283	0.2801	0.31879	0.084664	0.015572	0.30634	0.15676	0.068854	0.1172	0.14863	0.30302	0.18495	0.24864	0.27639	0.19049	0.22236	0.13516	0.27027	0.26702	0.17266	0.21708	0.30163	0.1741	0.29136	0.28797	0.22712	0.15734	0.24685	0.11456	0.22338	0.15123	0.19473	0.21617	0.13498	0.17955	0.17519	0.14113	0.24222	0.31325	0.25886	0.30775	0.038344	0.32567	0.16826	0.33483	0.13831	0.25503	0.24248	0.33346	0.19172	0.29681	0.19576	0.22372	0.32003	0.25802	0.19344	0.2442	0.067613	0.36649	0.28833	0.052912	0.23808	0.28888	0.34066	0.071266	0.19983	0.15461	0.11549	0.24816	0.22736	0.28454	0.23164	0.14825	0.17385	0.26476	0.16907	0.20947	0.19846
0.24891	1	0.27592	0.2149	0.21909	0.093641	0.27558	0.082631	0.13015	0.38763	0.35187	0.11895	0.15113	0.23553	0.11497	0.14992	0.19738	0.38869	0.20843	0.27822	0.25234	0.37871	0.27439	0.25585	0.66968	0.28769	0.36621	0.25898	0.12425	0.379	0.21369	0.30514	0.048938	0.13957	0.23336	0.2643	0.0698	0.34519	0.013008	0.27033	0.32389	0.49894	0.15074	0.24992	0.34225	0.20259	0.17373	0.32245	0.18657	0.41819	0.17976	0.22828	0.3343	0.23651	0.15828	0.33267	0.33659	0.2323	0.42725	0.48892	0.44543	0.2859	0.36363	0.28232	0.23627	0.51638	0.31202	0.48066	0.27529	0.33197	0.18583	0.12156	0.32946	0.20129	0.14737	0.28348	0.28642	0.32152	0.11265	0.31245	0.18371	0.22454	0.20388	0.27795	0.31673	0.27339	0.29956	0.40591	0.23656	0.25934	0.4597	0.33483	0.31892	0.084759	0.1845	0.24451	0.16053	0.24143	0.11895	0.19825	0.098982	0.21242	0.31911	0.25972	0.26757	0.38343	0.36921	0.18853	0.15929	0.2038	0.19205	0.43087	0.11759	0.24582	0.30308	0.43688	0.17257	0.43081	0.29149	0.21739	0.24306	0.2533	0.17546	0.12903	0.23608	0.24273	0.41725	0.098073	0.21811	0.36094	0.38927	0.16201	0.23087	0.236	0.2796	0.47306	0.16875	0.31927	0.28331	0.25598	0.29224	0.38392	0.30968	0.35763	0.20897
0.17546	0.27592	1	0.10828	0.41197	0.27317	0.37531	0.17117	0.21621	0.3106	0.38368	0.2117	0.17315	0.35746	0.2146	0.1435	0.26591	0.32553	0.26469	0.33224	0.103	0.33778	0.25765	0.35033	0.34855	0.34266	0.32097	0.32085	0.18943	0.3666	0.29689	0.32089	0.13383	0.30232	0.33336	0.25344	0.15037	0.33035	0.086366	0.33728	0.19359	0.26623	0.16775	0.27069	0.32135	0.34644	0.13885	0.28932	0.068609	0.29833	0.35829	0.25881	0.37093	0.23765	0.2446	0.41729	0.32657	0.31763	0.32694	0.30018	0.27171	0.22844	0.3212	0.25475	0.18136	0.27905	0.17115	0.25646	0.38717	0.21486	0.27434	0.22071	0.32431	0.28493	0.15295	0.30741	0.25583	0.28744	0.33125	0.19938	0.43428	0.22573	0.10288	0.31102	0.332	0.29672	0.28598	0.3156	0.38044	0.3852	0.32883	0.26791	0.34766	0.2049	0.27897	0.20813	0.31866	0.35606	0.13055	0.22527	0.17031	0.27369	0.18803	0.32005	0.266	0.38766	0.29925	0.27267	0.13776	0.3343	0.27631	0.32785	0.20738	0.31357	0.2716	0.31552	0.1953	0.3613	0.33658	0.27251	0.33948	0.26549	0.26808	0.12872	0.25949	0.32124	0.209	0.20002	0.32014	0.27928	0.31641	0.22039	0.38696	0.23198	0.26652	0.39039	0.34284	0.33141	0.28497	0.22336	0.22576	0.36055	0.37786	0.31334	0.33341
0.23985	0.2149	0.10828	1	0.11707	0.12391	0.13093	0.10286	0.11807	0.32886	0.16807	0.075511	0.17178	0.30932	0.15057	0.10097	0.20202	0.16132	0.15806	0.22795	0.15467	0.31946	0.1331	0.21189	0.29978	0.30427	0.28042	0.24579	0.10818	0.23736	0.16417	0.3537	0.17598	0.19977	0.10393	0.2249	0.088067	0.24806	0.072387	0.42927	0.098388	0.23388	0.1981	0.1847	0.27766	0.24032	0.12023	0.10141	-0.047626	0.24771	0.15758	0.17953	0.15122	0.26526	0.23504	0.22522	0.29514	0.16706	0.23939	0.27604	0.14113	0.22783	0.25026	0.024878	0.086197	0.26082	0.2284	0.15583	0.20212	0.3704	0.19922	0.068779	0.23267	0.16138	0.13536	0.16103	0.087975	0.12404	0.19579	0.19216	0.12116	0.15754	0.22783	0.11961	0.2143	0.2281	0.21229	0.14423	0.27322	0.23462	0.27205	0.10592	0.27051	0.07198	0.14321	0.12397	0.10229	0.18662	0.1139	0.0946	0.09413	0.17188	0.15477	0.12941	0.23032	0.25708	0.21058	0.11964	0.15561	0.24516	0.22542	0.30467	0.089948	0.20721	0.25108	0.19178	0.2346	0.27931	0.28709	0.20314	0.27752	0.16981	0.090873	0.16651	0.12358	0.28344	0.1764	0.087155	0.19005	0.25284	0.22198	0.20121	0.2199	0.049754	0.20999	0.21951	0.15509	0.1608	0.2107	0.12382	0.26808	0.24784	0.20093	0.20415	0.18009
0.25618	0.21909	0.41197	0.11707	1	0.1323	0.21461	0.080398	0.14047	0.31334	0.33031	0.1366	0.16925	0.37615	0.23764	0.14639	0.19674	0.2263	0.21083	0.29685	0.14999	0.34715	0.2619	0.20484	0.2994	0.27995	0.39184	0.24136	0.13848	0.39524	0.35103	0.36464	0.13477	0.19216	0.36735	0.30528	0.13712	0.39543	0.21546	0.25012	0.17171	0.27236	0.19307	0.16254	0.2192	0.21018	0.20352	0.19948	0.14279	0.28402	0.15046	0.31822	0.26912	0.25148	0.20188	0.28159	0.35147	0.2798	0.25673	0.27721	0.33676	0.31607	0.35973	0.26798	0.14624	0.30326	0.32647	0.29739	0.41992	0.23551	0.29879	0.25211	0.3998	0.30965	0.032969	0.34597	0.20839	0.23506	0.20065	0.18445	0.31905	0.26692	0.21765	0.21012	0.17335	0.28183	0.38434	0.33055	0.36193	0.26873	0.3336	0.3436	0.43351	0.15848	0.30687	0.29631	0.3111	0.35592	0.10289	0.2723	0.19902	0.24804	0.12391	0.15178	0.24441	0.42358	0.35507	0.30038	0.087507	0.45569	0.27209	0.32946	0.322	0.30381	0.3649	0.34064	0.094054	0.37959	0.28701	0.3159	0.33338	0.26097	0.3063	0.10859	0.19176	0.41511	0.154	0.30107	0.23444	0.3792	0.38805	0.23048	0.33423	0.26971	0.17479	0.18504	0.24487	0.38236	0.30018	0.30428	0.26519	0.42188	0.4057	0.24136	0.1424
0.18033	0.093641	0.27317	0.12391	0.1323	1	0.22708	-0.017291	0.12178	0.21553	0.19012	0.018778	0.23933	0.23318	0.075274	0.065953	0.1268	0.14694	0.1167	0.13944	0.046284	0.23341	0.18999	0.24448	0.1399	0.11775	0.16891	0.14557	0.078086	0.18209	0.19506	0.17031	0.060378	0.20423	0.14541	0.17638	0.11036	0.21412	0.10013	0.20829	0.071968	0.17773	0.19291	0.055039	0.10513	0.1889	0.072196	0.11798	0.1149	0.19441	0.19428	0.15635	0.12072	0.10901	0.16817	0.24478	0.29847	0.24048	0.22427	0.08376	0.20916	0.16734	0.24805	0.15887	0.13105	0.22579	0.083391	0.15276	0.16164	0.27813	0.14051	0.071453	0.18635	0.20929	0.05153	0.13136	0.034114	0.14949	0.18421	0.19427	0.17381	0.057477	0.17563	0.19679	0.13917	0.23483	0.15212	0.19303	0.28169	0.27859	0.18795	0.081326	0.15433	0.1429	0.12834	0.14201	0.098902	0.20388	0.063412	0.14929	0.1282	0.18912	0.18551	0.079213	0.12855	0.21569	0.2098	0.12781	0.22135	0.21826	0.14049	0.2135	0.053912	0.20416	0.20112	0.21718	0.11884	0.21294	0.31732	0.20831	0.18617	0.21116	0.15362	0.13192	0.16096	0.17456	0.17329	0.072213	0.15739	0.086397	0.15181	0.12593	0.19051	0.13254	0.15133	0.22088	0.17522	0.20391	0.24691	0.098985	0.080265	0.21499	0.16164	0.18965	0.18128
0.085616	0.27558	0.37531	0.13093	0.21461	0.22708	1	0.22246	0.25398	0.29946	0.27923	0.24875	0.17746	0.22101	0.091928	0.31716	0.26026	0.26927	0.32344	0.25229	0.22634	0.27083	0.3073	0.30757	0.2537	0.21777	0.27157	0.20657	0.17997	0.32264	0.13283	0.41238	0.12006	0.231	0.19796	0.22607	0.21428	0.26652	-0.050995	0.14523	0.21782	0.27363	0.13727	0.28429	0.30237	0.34323	0.018337	0.33439	0.105	0.23582	0.22855	0.22882	0.33788	0.34889	0.16983	0.31916	0.32635	0.31349	0.32644	0.22164	0.23303	0.16937	0.18327	0.20988	0.1067	0.34811	0.18989	0.23633	0.36081	0.27706	0.25382	0.14828	0.20242	0.13412	0.057557	0.20775	0.23878	0.20904	0.13999	0.2819	0.30731	0.20594	0.19125	0.3031	0.2298	0.19758	0.2647	0.23939	0.33205	0.25775	0.36645	0.21558	0.34964	0.13358	0.26687	0.20416	0.15772	0.21933	0.012165	0.079039	0.10143	0.33645	0.14104	0.22823	0.26202	0.3301	0.37213	0.2214	0.18456	0.20036	0.34614	0.35149	0.21901	0.29442	0.25961	0.26041	0.28424	0.31607	0.32761	0.26483	0.25869	0.27434	0.14054	0.13281	0.25747	0.21556	0.23018	0.096742	0.23132	0.21265	0.19219	0.28502	0.29763	0.16338	0.29527	0.27278	0.10832	0.28254	0.26556	0.14167	0.21166	0.28335	0.23859	0.31115	0.27649
0.1671	0.082631	0.17117	0.10286	0.080398	-0.017291	0.22246	1	0.24388	0.050627	0.051672	0.48499	0.0030147	0.10915	0.083275	0.29398	0.091826	0.16082	0.26566	0.15391	0.079329	0.11771	0.1981	0.20659	0.09949	0.1435	0.15596	0.10259	-0.071362	0.25467	0.052429	0.17389	0.017961	0.17173	0.071027	0.062574	0.060764	0.24001	0.090494	0.079496	-0.0304	0.081452	0.11965	0.17179	0.2123	0.19116	0.09666	0.1882	-0.037262	0.087273	0.13456	0.21434	0.2817	0.16869	0.039881	0.17699	0.18775	0.18118	0.16598	0.1521	0.058561	0.033829	0.13312	0.011751	0.16329	0.12854	0.11041	0.11177	0.15	0.11768	0.19722	0.30135	0.13782	0.03723	0.050813	0.12977	0.067497	0.12996	0.10021	0.076538	0.17865	0.37085	0.069385	0.27429	0.25622	0.062322	0.12808	0.066123	0.12477	0.1154	0.081997	0.02943	0.22673	0.068699	0.21053	0.21868	0.12945	0.10827	-0.028704	0.034836	0.017788	0.20476	0.056641	0.17607	0.24692	0.13891	0.25122	0.14275	0.028319	0.1833	0.30871	0.071277	0.20861	0.11451	0.034912	0.10646	0.26016	0.13473	0.23864	0.066043	0.11541	0.2031	0.16683	0.040194	0.19813	0.2133	0.086029	0.047427	0.23549	0.15081	0.037827	0.20521	0.22531	0.14571	0.16925	0.054894	0.064936	0.15736	0.060922	0.20809	0.18009	0.18798	0.051386	0.20065	0.2266
0.14001	0.13015	0.21621	0.11807	0.14047	0.12178	0.25398	0.24388	1	0.15477	0.082273	0.19176	0.13252	0.2124	0.18701	0.25477	0.072768	0.23274	0.28649	0.34891	0.077897	0.22885	0.29903	0.15177	0.20127	0.2359	0.23928	0.14552	0.033061	0.25426	0.17155	0.24036	0.05293	0.14491	0.15673	0.15518	0.18563	0.22252	0.11012	0.18711	0.13802	0.27081	0.18112	0.20835	0.28791	0.38677	0.046715	0.27103	0.06043	0.21967	0.13816	0.19536	0.18896	0.19333	0.12695	0.22414	0.24405	0.20611	0.32927	0.26834	0.20411	0.16011	0.1094	0.072013	0.15578	0.19415	0.28394	0.196	0.30595	0.24517	0.3075	0.47469	0.24547	0.11301	-0.0063842	0.14966	0.23995	0.19394	0.12879	0.18677	0.20426	0.23157	0.067099	0.22226	0.22327	0.15861	0.18541	0.17352	0.15567	0.27281	0.21455	0.099279	0.2388	0.13635	0.17379	0.29905	0.18581	0.20558	0.086582	0.043135	0.00090911	0.27626	0.098728	0.11909	0.26446	0.23895	0.30018	0.15008	0.076819	0.19068	0.24928	0.2262	0.27416	0.28073	0.15379	0.24937	0.36816	0.27027	0.27561	0.15177	0.20264	0.28988	0.19444	0.062294	0.29301	0.26613	0.14842	0.2296	0.20485	0.15417	0.13462	0.15376	0.28992	0.30395	0.19374	0.13124	0.11594	0.23361	0.11406	0.19068	0.14014	0.2134	0.20582	0.22091	0.18775
0.36521	0.38763	0.3106	0.32886	0.31334	0.21553	0.29946	0.050627	0.15477	1	0.45778	0.095525	0.096195	0.30371	0.21563	0.14355	0.23394	0.40244	0.20103	0.29973	0.26938	0.3717	0.32505	0.29222	0.36887	0.31581	0.42921	0.13046	0.20799	0.3441	0.32553	0.36064	0.081403	0.31983	0.24426	0.17522	0.18292	0.31384	0.02425	0.35877	0.31299	0.36992	0.24735	0.25104	0.40343	0.3197	0.10093	0.2532	0.20442	0.3541	0.1579	0.35587	0.31294	0.20684	0.28726	0.33472	0.41766	0.2652	0.42172	0.38437	0.3813	0.34122	0.42211	0.17378	0.25182	0.41292	0.28994	0.29901	0.33469	0.42517	0.23108	0.17456	0.39529	0.27998	0.10716	0.25234	0.20708	0.22587	0.22248	0.38417	0.29757	0.24372	0.174	0.18174	0.35274	0.28577	0.30652	0.34983	0.35898	0.30049	0.42085	0.37898	0.2492	0.21658	0.28659	0.25276	0.23082	0.29758	0.22166	0.33729	0.23067	0.33677	0.34287	0.223	0.21487	0.43891	0.32311	0.29313	0.23036	0.38444	0.26149	0.45422	0.17665	0.34365	0.38453	0.3952	0.27135	0.39484	0.35469	0.36117	0.40841	0.1916	0.19625	0.19104	0.25967	0.33043	0.35524	0.16317	0.30691	0.36723	0.42797	0.1426	0.27416	0.22497	0.25095	0.41236	0.24681	0.45082	0.32185	0.12633	0.25547	0.39479	0.32963	0.33113	0.24076
0.33998	0.35187	0.38368	0.16807	0.33031	0.19012	0.27923	0.051672	0.082273	0.45778	1	0.090381	0.12769	0.27463	0.13273	0.13448	0.31278	0.34687	0.24493	0.27735	0.16811	0.3136	0.16786	0.26682	0.46163	0.33331	0.34865	0.26177	0.15317	0.41494	0.34795	0.36482	0.11277	0.22597	0.36499	0.22999	0.11669	0.42922	0.016342	0.3672	0.41153	0.41681	0.20456	0.27388	0.37173	0.21242	0.071304	0.23981	0.23098	0.39598	0.16057	0.25409	0.34896	0.18072	0.15139	0.39223	0.35383	0.18733	0.4254	0.34228	0.50315	0.24769	0.42485	0.32425	0.22871	0.32417	0.26425	0.45669	0.36012	0.25834	0.13635	0.069676	0.35116	0.24726	0.057812	0.25215	0.20924	0.46151	0.23342	0.41686	0.27653	0.16051	0.19676	0.18747	0.34938	0.2694	0.31876	0.38282	0.3605	0.35233	0.44597	0.43081	0.30444	0.16355	0.28054	0.20272	0.22733	0.23296	0.20436	0.35129	0.13663	0.20947	0.45715	0.32689	0.25378	0.41803	0.37554	0.34511	0.043097	0.40111	0.21991	0.47616	0.1967	0.29178	0.40628	0.43551	0.22633	0.38772	0.28215	0.29832	0.44367	0.30118	0.19309	0.18389	0.14501	0.26345	0.37653	0.19853	0.23897	0.40763	0.49231	0.14623	0.3858	0.23026	0.20882	0.49959	0.23054	0.36127	0.26899	0.19831	0.29383	0.36886	0.23591	0.34702	0.2467
0.052501	0.11895	0.2117	0.075511	0.1366	0.018778	0.24875	0.48499	0.19176	0.095525	0.090381	1	0.065146	0.073098	0.077835	0.33584	0.17368	0.10051	0.25824	0.11663	0.18302	0.1632	0.17766	0.22561	0.18141	0.20505	0.14827	0.12915	-0.019687	0.25185	0.054125	0.21401	0.15322	0.19254	0.11538	0.10727	0.0034214	0.26851	0.058208	0.20924	0.026974	0.10338	0.10638	0.18364	0.2129	0.16292	0.033707	0.30621	-0.028709	0.044586	0.21688	0.17907	0.26483	0.14573	0.13697	0.22498	0.16597	0.21176	0.11107	0.094842	0.14108	0.13069	0.13094	0.017219	0.23233	0.16722	0.14963	0.1388	0.24346	0.076011	0.17379	0.32465	0.1358	0.070365	0.071314	0.11886	0.14238	0.17159	0.1061	0.096842	0.14274	0.34356	0.13194	0.23892	0.24954	0.15823	0.25087	0.13261	0.15744	0.27687	0.11299	0.090997	0.21213	-0.018765	0.20934	0.25382	0.10825	0.26547	-0.087396	0.043176	-0.021168	0.22887	0.065763	0.30359	0.22023	0.11441	0.23458	0.14079	0.15859	0.10572	0.35632	0.158	0.22668	0.19201	0.032343	0.093298	0.29474	0.18793	0.17719	0.1504	0.15762	0.17218	0.073497	0.046626	0.22643	0.22307	0.11855	0.12579	0.17847	0.18835	0.13421	0.19781	0.19245	0.080213	0.15579	0.16165	0.11621	0.15347	0.12722	0.19136	0.17328	0.20229	0.19396	0.20037	0.12744
0.10156	0.15113	0.17315	0.17178	0.16925	0.23933	0.17746	0.0030147	0.13252	0.096195	0.12769	0.065146	1	0.22014	0.11161	0.030587	-0.16998	0.18333	0.11629	0.13445	0.058989	0.16461	0.14799	0.1266	0.14904	0.19715	0.16609	0.10468	-0.069594	0.17557	0.074155	0.15346	0.11715	0.16676	0.031068	0.18551	0.070407	0.24719	0.10447	0.15108	0.18064	0.1618	0.16057	0.172	0.18574	0.060855	0.15144	0.1608	0.06468	0.24236	0.10784	0.060764	0.18335	0.13175	0.11584	0.18313	0.15508	0.23314	0.25848	0.18825	0.16403	0.18535	0.2958	0.18561	0.11367	0.15178	0.20446	0.19838	0.23448	0.19577	0.065138	0.049863	0.19312	0.21628	0.022951	0.080473	0.13381	0.15199	0.2139	0.15171	0.1807	0.066435	0.076334	0.080426	0.087293	0.13935	0.13819	0.17775	0.21134	0.20736	0.2812	0.072524	0.19372	0.14182	0.098769	0.17768	0.10109	0.2607	0.079439	0.064543	0.09724	-0.0011582	0.20412	0.073743	0.18104	0.14477	0.19655	0.11906	0.13146	0.13434	0.10355	0.21342	0.009591	0.19632	0.16353	0.20134	0.037581	0.17505	0.23197	0.17828	0.21575	0.072618	0.025331	0.083741	0.1374	0.29219	0.14875	0.046081	0.11513	0.11884	0.13778	0.073986	0.11733	0.09794	0.16773	0.14818	0.08831	0.14969	0.11692	0.12827	0.12143	0.20864	0.14827	0.23954	0.12268
0.34326	0.23553	0.35746	0.30932	0.37615	0.23318	0.22101	0.10915	0.2124	0.30371	0.27463	0.073098	0.22014	1	0.17107	0.20807	0.25897	0.25589	0.17658	0.15489	0.12707	0.34496	0.26739	0.17082	0.32697	0.28419	0.32581	0.21583	0.078423	0.32512	0.3831	0.35805	0.20878	0.25641	0.31414	0.41325	0.1654	0.37421	0.17761	0.27416	0.21488	0.32661	0.20049	0.1662	0.21273	0.19081	0.18897	0.19244	0.12777	0.32132	0.17459	0.25944	0.24156	0.25484	0.32821	0.31027	0.34939	0.19526	0.29855	0.3432	0.29336	0.31459	0.32674	0.29893	0.14356	0.32627	0.27104	0.24926	0.3887	0.33593	0.1846	0.10962	0.27546	0.22309	0.098618	0.2388	0.18871	0.23552	0.24035	0.31934	0.3728	0.16073	0.2124	0.19551	0.178	0.31009	0.27859	0.31582	0.38287	0.26732	0.32036	0.26829	0.33479	0.218	0.24302	0.13914	0.18157	0.23087	0.019249	0.17613	0.11927	0.16647	0.20967	0.14862	0.24522	0.37944	0.36285	0.34382	0.0065198	0.37709	0.23724	0.39889	0.17245	0.28163	0.31362	0.28613	0.090384	0.32301	0.36555	0.29489	0.3407	0.26485	0.23554	0.23985	0.23552	0.39651	0.21686	0.12314	0.21731	0.32427	0.28687	0.15246	0.37929	0.22965	0.15044	0.28194	0.21145	0.27338	0.32436	0.14867	0.34358	0.35307	0.33305	0.23901	0.14442
0.15913	0.11497	0.2146	0.15057	0.23764	0.075274	0.091928	0.083275	0.18701	0.21563	0.13273	0.077835	0.11161	0.17107	1	0.095566	0.01088	0.16054	0.13697	0.13962	0.096258	0.11379	0.14818	0.15398	0.077486	0.20367	0.1723	0.20085	0.046617	0.20159	0.16374	0.14568	-0.092453	0.12156	0.14331	0.11482	0.103	0.12721	0.037295	0.18414	0.050587	0.21457	0.1623	0.1804	0.18267	0.17899	0.15593	0.083822	0.025538	0.078663	0.099075	0.14368	0.18795	0.20615	0.21477	0.16657	0.27451	0.18882	0.13809	0.12171	0.10715	0.16852	0.26611	0.0089623	0.11675	0.18835	0.12751	0.10556	0.2924	0.14559	0.22306	0.22251	0.18852	0.14651	0.099953	0.23695	0.23308	0.056056	0.11602	-0.04971	0.24758	0.15105	0.10233	0.11564	0.17923	0.13166	0.17368	0.11438	0.26494	0.2584	0.15943	0.1072	0.20997	0.25078	0.19105	0.15176	0.19347	0.16686	0.13982	0.14162	0.077347	0.21792	0.11311	0.27125	0.13777	0.14398	0.10592	0.12518	0.16253	0.13118	0.13516	0.17776	0.17129	0.17712	0.18813	0.13331	0.11613	0.16027	0.2472	0.18845	0.21101	0.24458	0.20166	0.07465	0.047166	0.21626	0.10039	0.13146	0.2346	0.15676	0.10436	0.15587	0.19392	0.14414	0.11545	0.16213	0.23234	0.22362	0.09459	0.19923	0.099118	0.20734	0.19494	0.13766	0.07166
0.094815	0.14992	0.1435	0.10097	0.14639	0.065953	0.31716	0.29398	0.25477	0.14355	0.13448	0.33584	0.030587	0.20807	0.095566	1	0.18359	0.23736	0.23868	0.22508	0.19684	0.18505	0.32329	0.20457	0.25453	0.23417	0.29491	0.175	-0.046926	0.31243	0.10412	0.32971	0.15958	0.25233	0.19036	0.09718	0.062017	0.28573	-0.031126	0.20261	0.10055	0.15834	0.14197	0.31388	0.25353	0.29253	-0.010144	0.3725	0.12725	0.13157	0.16493	0.20638	0.28113	0.30193	0.1593	0.19052	0.24224	0.21984	0.21187	0.16905	0.19653	0.24469	0.067831	0.13694	0.21633	0.25816	0.362	0.20432	0.42587	0.1414	0.25111	0.31053	0.26238	0.17591	0.022412	0.16029	0.10918	0.24884	0.22354	0.21278	0.2133	0.27588	0.27905	0.27931	0.16579	0.15904	0.33902	0.1565	0.15938	0.27466	0.21663	0.18072	0.28332	0.13279	0.30171	0.33163	0.19565	0.31273	0.012278	0.0134	0.18189	0.3618	0.18707	0.18063	0.35215	0.24673	0.38498	0.18448	0.037235	0.28004	0.26866	0.13958	0.36491	0.23569	0.16527	0.16573	0.3433	0.29439	0.31541	0.18481	0.33117	0.33332	0.17068	0.11906	0.41002	0.25642	0.18931	0.27483	0.26697	0.22378	0.16426	0.21701	0.24408	0.34335	0.25477	0.15304	0.14722	0.30973	0.2355	0.13106	0.22094	0.2909	0.19469	0.19864	0.18982
0.21542	0.19738	0.26591	0.20202	0.19674	0.1268	0.26026	0.091826	0.072768	0.23394	0.31278	0.17368	-0.16998	0.25897	0.01088	0.18359	1	0.20497	0.17504	0.11296	0.22173	0.24308	0.16066	0.23277	0.27877	0.17143	0.19326	0.20365	0.10375	0.17462	0.21303	0.22174	0.10433	0.15225	0.15277	0.25863	0.14334	0.13699	0.10442	0.20553	0.16803	0.22947	0.046347	0.080779	0.17249	0.19088	0.17218	0.1132	0.047598	0.18045	0.11947	0.20966	0.29347	0.17648	0.050341	0.17314	0.24824	0.16516	0.14843	0.17672	0.17832	0.16105	0.21651	0.081967	0.17283	0.25194	0.20943	0.16403	0.18853	0.20066	0.13569	0.13179	0.22103	0.072455	0.1434	0.065479	0.092541	0.18494	0.12128	0.11588	0.15531	0.12614	0.20111	0.24651	0.26798	0.20303	0.20287	0.21878	0.1907	0.18925	0.16504	0.1727	0.19555	0.14605	0.22355	0.16619	0.11056	0.15327	0.00094408	0.17867	0.14678	0.2184	0.13035	0.14993	0.22891	0.22877	0.21979	0.097353	0.0027749	0.24121	0.13242	0.2321	0.094704	0.14815	0.089082	0.1161	0.23288	0.25408	0.24775	0.045492	0.23368	0.18985	0.21846	0.12229	0.16844	0.17483	0.25806	0.10165	0.22238	0.25365	0.24001	0.13771	0.23617	0.10118	0.19294	0.2799	0.19685	0.24751	0.16528	0.10337	0.20431	0.16302	0.26317	0.25329	0.1535
0.33463	0.38869	0.32553	0.16132	0.2263	0.14694	0.26927	0.16082	0.23274	0.40244	0.34687	0.10051	0.18333	0.25589	0.16054	0.23736	0.20497	1	0.20886	0.37717	0.18801	0.30602	0.28365	0.17881	0.4092	0.29207	0.39157	0.28634	0.099545	0.40515	0.14303	0.33618	0.1536	0.25459	0.23408	0.20859	0.17622	0.3628	0.092167	0.22243	0.27124	0.38648	0.17227	0.20849	0.37437	0.24869	0.14815	0.34761	0.12724	0.33801	0.12793	0.30755	0.33992	0.20043	0.21849	0.23129	0.40989	0.30768	0.41698	0.41273	0.34301	0.27914	0.46701	0.27065	0.16488	0.45234	0.24212	0.33446	0.29606	0.31066	0.16419	0.206	0.36497	0.19274	0.048836	0.15111	0.21595	0.28615	0.19728	0.28558	0.33241	0.23417	0.14093	0.21997	0.35555	0.28977	0.30031	0.34956	0.29681	0.3282	0.41378	0.32931	0.29408	0.15765	0.29442	0.23093	0.29403	0.21775	0.11423	0.17242	0.13298	0.23726	0.33625	0.3137	0.37698	0.34905	0.40231	0.26336	0.14527	0.32283	0.28801	0.43398	0.262	0.46853	0.38404	0.34251	0.23375	0.4411	0.36706	0.26617	0.36474	0.25544	0.24529	0.12097	0.20255	0.22651	0.41499	0.24794	0.25546	0.32481	0.39788	0.24107	0.25917	0.24206	0.31114	0.35464	0.33764	0.33787	0.23615	0.28251	0.17941	0.40674	0.17953	0.38174	0.31083
0.2895	0.20843	0.26469	0.15806	0.21083	0.1167	0.32344	0.26566	0.28649	0.20103	0.24493	0.25824	0.11629	0.17658	0.13697	0.23868	0.17504	0.20886	1	0.35694	0.22118	0.21849	0.26816	0.24161	0.29278	0.26685	0.3306	0.26324	0.062553	0.40768	0.09727	0.22556	0.07349	0.20428	0.23259	0.13956	0.043778	0.31328	0.06969	0.26157	0.10507	0.26041	0.14945	0.19841	0.32778	0.30758	0.10874	0.30268	0.097116	0.15951	0.096039	0.18488	0.30477	0.16159	0.1967	0.32618	0.31637	0.21976	0.27531	0.15924	0.21509	0.28408	0.22445	0.062717	0.1468	0.29512	0.26741	0.24901	0.3051	0.2411	0.18595	0.22397	0.27776	0.11006	0.15331	0.23871	0.16256	0.28105	0.18357	0.15342	0.25945	0.20379	0.18402	0.25051	0.18459	0.20632	0.18138	0.15225	0.28209	0.26877	0.30327	0.1282	0.37486	0.10681	0.19503	0.25087	0.20788	0.26253	0.17075	0.043014	0.049428	0.30561	0.15317	0.21294	0.25147	0.31814	0.40364	0.29629	0.15513	0.2286	0.28823	0.21901	0.25007	0.35072	0.12825	0.29466	0.26868	0.34457	0.26229	0.24409	0.25766	0.27835	0.21069	0.1258	0.23396	0.32181	0.29361	0.20233	0.21235	0.2027	0.23562	0.11657	0.29479	0.18696	0.34519	0.16925	0.12786	0.22931	0.18449	0.26593	0.16811	0.32911	0.21796	0.30481	0.19877
0.22431	0.27822	0.33224	0.22795	0.29685	0.13944	0.25229	0.15391	0.34891	0.29973	0.27735	0.11663	0.13445	0.15489	0.13962	0.22508	0.11296	0.37717	0.35694	1	0.18159	0.31123	0.30325	0.26488	0.33963	0.31171	0.36213	0.31032	0.045766	0.36721	0.21084	0.33308	0.15039	0.2589	0.21542	0.13203	0.029014	0.31025	0.039711	0.34531	0.17889	0.35081	0.17512	0.22019	0.42661	0.37694	0.055432	0.35791	0.047076	0.23025	0.14584	0.20911	0.37136	0.1984	0.13566	0.31138	0.30914	0.23936	0.2844	0.21349	0.25725	0.22851	0.23886	0.20045	0.19757	0.32491	0.29715	0.27565	0.32734	0.24389	0.24363	0.30141	0.33781	0.2256	0.054054	0.25085	0.14446	0.23134	0.17085	0.21602	0.25426	0.25836	0.21793	0.227	0.41741	0.26373	0.29963	0.29904	0.17768	0.38875	0.24847	0.23965	0.34279	0.14614	0.29042	0.27537	0.26307	0.2646	0.12171	0.13809	0.14725	0.34023	0.23883	0.19096	0.43333	0.33897	0.35419	0.2531	0.11555	0.3173	0.30703	0.24714	0.30511	0.29892	0.19699	0.29924	0.3443	0.38306	0.27596	0.23537	0.24331	0.25346	0.19819	0.056619	0.27317	0.22722	0.2826	0.33008	0.25197	0.25602	0.28958	0.17833	0.35878	0.34654	0.28505	0.20574	0.23888	0.39854	0.18597	0.34484	0.11227	0.40589	0.26283	0.34095	0.42281
0.13569	0.25234	0.103	0.15467	0.14999	0.046284	0.22634	0.079329	0.077897	0.26938	0.16811	0.18302	0.058989	0.12707	0.096258	0.19684	0.22173	0.18801	0.22118	0.18159	1	0.26813	0.10588	0.14574	0.26808	0.21915	0.23683	0.13836	0.12752	0.16715	0.078688	0.15135	0.071286	0.16559	0.15852	0.14605	0.048573	0.15296	-0.038003	0.12461	0.14862	0.13753	0.095826	0.19875	0.11017	0.17987	0.12702	0.20345	0.04217	0.13925	0.10522	0.16458	0.20639	0.18948	0.15048	0.16237	0.21451	0.23754	0.18369	0.029879	0.13762	0.26302	0.1462	0.12894	0.13382	0.2	0.10174	0.14352	0.16212	0.082912	0.12666	0.16447	0.12628	0.29059	0.14741	0.15398	0.15823	0.155	0.082469	0.095528	0.19732	0.12132	0.066991	0.1713	0.14447	0.30472	0.14223	0.094738	0.10745	0.14802	0.14223	0.050063	0.2282	0.082511	0.19289	0.20158	0.1789	0.17013	0.13934	0.096014	0.13913	0.32287	0.16449	0.16617	0.17885	0.19994	0.25196	0.16942	0.22902	0.13768	0.12226	0.23682	0.1648	0.27446	0.12166	0.080291	0.18146	0.18795	0.22991	0.10852	0.14121	0.10135	0.20642	0.067495	0.092107	0.15893	0.24026	0.15308	0.16622	0.11853	0.23106	0.094365	0.17739	0.051751	0.19871	0.19554	0.068435	0.2749	0.13541	0.062735	0.202	0.17973	0.17018	0.10217	0.022874
0.34411	0.37871	0.33778	0.31946	0.34715	0.23341	0.27083	0.11771	0.22885	0.3717	0.3136	0.1632	0.16461	0.34496	0.11379	0.18505	0.24308	0.30602	0.21849	0.31123	0.26813	1	0.26475	0.40007	0.44521	0.32314	0.42924	0.27601	0.17485	0.44082	0.29133	0.4567	0.18564	0.28759	0.30277	0.30051	0.26424	0.38359	0.12714	0.26017	0.1997	0.36725	0.27081	0.26098	0.30926	0.38655	0.15767	0.28716	0.12906	0.38462	0.27031	0.26412	0.29675	0.34175	0.29786	0.40634	0.4423	0.28511	0.35263	0.33775	0.43871	0.41394	0.32462	0.28863	0.20177	0.31835	0.30955	0.3632	0.41904	0.39284	0.15629	0.18036	0.36422	0.26682	0.19432	0.3218	0.35383	0.30427	0.11653	0.28618	0.29307	0.18684	0.25226	0.28987	0.27341	0.36981	0.363	0.426	0.42644	0.34011	0.3973	0.30259	0.40562	0.13847	0.26552	0.20612	0.27131	0.28234	0.17732	0.25976	0.24928	0.33495	0.24425	0.27825	0.26118	0.50248	0.31134	0.25079	0.19693	0.35314	0.19855	0.30778	0.22999	0.37034	0.32309	0.41358	0.27256	0.40264	0.36569	0.28683	0.44369	0.31512	0.30262	0.16452	0.22584	0.49599	0.3072	0.23304	0.27358	0.44233	0.36638	0.20422	0.36801	0.19476	0.23047	0.31637	0.26429	0.48727	0.36739	0.23069	0.30754	0.42577	0.27894	0.33419	0.22646
0.14977	0.27439	0.25765	0.1331	0.2619	0.18999	0.3073	0.1981	0.29903	0.32505	0.16786	0.17766	0.14799	0.26739	0.14818	0.32329	0.16066	0.28365	0.26816	0.30325	0.10588	0.26475	1	0.30577	0.18268	0.18404	0.3723	0.059774	0.092046	0.29741	0.25101	0.27505	0.062684	0.36567	0.31675	0.24877	0.026855	0.31564	0.093267	0.22291	0.10897	0.24367	0.21591	0.29202	0.31081	0.33838	0.056663	0.32029	0.16484	0.23931	0.29039	0.37173	0.29409	0.2628	0.14764	0.25303	0.29496	0.19806	0.24331	0.24094	0.27055	0.25553	0.17873	0.13126	0.3283	0.39088	0.28535	0.24681	0.35661	0.2963	0.28178	0.28639	0.31937	0.21177	-0.034288	0.24406	0.21032	0.15954	0.23744	0.32559	0.20464	0.33547	0.14511	0.33323	0.23985	0.21266	0.31821	0.22584	0.27694	0.2948	0.2712	0.19086	0.29857	0.14385	0.31758	0.31731	0.26024	0.23	-0.015288	0.15218	0.1692	0.32025	0.18131	0.11943	0.33274	0.22164	0.40635	0.29919	0.13032	0.20087	0.31543	0.21812	0.34485	0.21968	0.19275	0.37068	0.31794	0.35941	0.28345	0.21286	0.17563	0.38508	0.2373	0.12539	0.31491	0.32873	0.23028	0.27752	0.26525	0.27068	0.19953	0.20978	0.2552	0.32745	0.35196	0.14934	0.10771	0.31746	0.33525	0.2554	0.21874	0.39639	0.19523	0.3425	0.30596
0.22861	0.25585	0.35033	0.21189	0.20484	0.24448	0.30757	0.20659	0.15177	0.29222	0.26682	0.22561	0.1266	0.17082	0.15398	0.20457	0.23277	0.17881	0.24161	0.26488	0.14574	0.40007	0.30577	1	0.34728	0.27568	0.33317	0.22733	0.11055	0.32555	0.19427	0.30231	0.15237	0.29339	0.30049	0.18002	0.19363	0.29564	0.084097	0.31058	0.16667	0.29691	0.19429	0.29813	0.38963	0.36251	0.15541	0.34896	0.066155	0.21522	0.18874	0.23003	0.40108	0.30258	0.18578	0.37153	0.31195	0.35019	0.29824	0.25569	0.2257	0.20033	0.25489	0.12359	0.253	0.36912	0.27097	0.25405	0.39718	0.3124	0.18629	0.18467	0.30337	0.28076	0.16534	0.32567	0.20424	0.21993	0.14201	0.24785	0.22112	0.2533	0.21696	0.25064	0.31023	0.27441	0.28273	0.24615	0.30226	0.28988	0.28208	0.17484	0.33816	0.16861	0.35585	0.25123	0.18057	0.19485	0.10882	0.32614	0.22313	0.31335	0.1546	0.19858	0.25657	0.30111	0.32094	0.21958	0.14591	0.27293	0.32062	0.31309	0.16847	0.16088	0.16356	0.30292	0.2287	0.30326	0.2298	0.21096	0.26701	0.25504	0.24248	0.1505	0.27479	0.31867	0.22747	0.1671	0.28043	0.28923	0.20923	0.21998	0.33889	0.28037	0.36735	0.24707	0.14255	0.31639	0.30676	0.21421	0.32559	0.36413	0.26247	0.38013	0.24297
0.30991	0.66968	0.34855	0.29978	0.2994	0.1399	0.2537	0.09949	0.20127	0.36887	0.46163	0.18141	0.14904	0.32697	0.077486	0.25453	0.27877	0.4092	0.29278	0.33963	0.26808	0.44521	0.18268	0.34728	1	0.35369	0.41396	0.36788	0.12835	0.4285	0.29531	0.37756	0.18398	0.20177	0.30304	0.29691	0.11815	0.44128	0.052587	0.37074	0.37985	0.4796	0.20088	0.22474	0.4037	0.24626	0.13201	0.36288	0.18879	0.3834	0.24495	0.19115	0.34444	0.25073	0.21325	0.39761	0.3753	0.25291	0.47207	0.47457	0.45849	0.32046	0.39691	0.33545	0.19181	0.46691	0.30618	0.52398	0.32082	0.30789	0.18983	0.17299	0.37268	0.26703	0.093739	0.31381	0.23323	0.48965	0.16549	0.30303	0.25645	0.19455	0.26924	0.33445	0.32755	0.32032	0.27994	0.38971	0.291	0.33041	0.44158	0.32423	0.39926	0.16504	0.15587	0.22534	0.21238	0.31475	0.10811	0.24773	0.13805	0.24926	0.35944	0.26097	0.291	0.40421	0.398	0.30894	0.11245	0.35831	0.26912	0.44412	0.13025	0.37399	0.33221	0.44526	0.27241	0.49301	0.30846	0.24223	0.33837	0.2747	0.2	0.19295	0.26753	0.38689	0.39216	0.14935	0.26091	0.44906	0.44557	0.16919	0.34427	0.2661	0.25777	0.4688	0.2778	0.34959	0.27234	0.25408	0.31885	0.4448	0.35346	0.3443	0.24075
0.19726	0.28769	0.34266	0.30427	0.27995	0.11775	0.21777	0.1435	0.2359	0.31581	0.33331	0.20505	0.19715	0.28419	0.20367	0.23417	0.17143	0.29207	0.26685	0.31171	0.21915	0.32314	0.18404	0.27568	0.35369	1	0.44419	0.2753	0.068436	0.43013	0.21223	0.38886	0.16925	0.16763	0.31837	0.24617	0.038174	0.27925	0.094542	0.28087	0.27578	0.36655	0.232	0.3172	0.31053	0.33463	0.049517	0.25688	0.06031	0.2431	0.088555	0.21109	0.31209	0.32297	0.21761	0.34454	0.37494	0.22236	0.35398	0.23852	0.25411	0.28184	0.30414	0.15925	0.25808	0.31839	0.28399	0.19651	0.43849	0.28262	0.21283	0.14505	0.41524	0.21554	0.096151	0.31279	0.30167	0.24389	0.2443	0.26947	0.24834	0.17375	0.1999	0.16086	0.23749	0.21342	0.18411	0.29592	0.26923	0.34408	0.36981	0.26928	0.3234	0.15898	0.25422	0.16577	0.23851	0.35898	0.13804	0.16663	0.13691	0.27901	0.25298	0.33295	0.33716	0.41057	0.28032	0.13626	0.01425	0.41712	0.26771	0.36572	0.19111	0.34947	0.32661	0.27946	0.19524	0.41684	0.31203	0.26455	0.34601	0.17225	0.16183	0.090019	0.18708	0.30799	0.25627	0.14791	0.21709	0.335	0.38653	0.2141	0.2947	0.25111	0.23589	0.32504	0.22102	0.41628	0.24955	0.13941	0.2521	0.41443	0.32293	0.32716	0.26828
0.29417	0.36621	0.32097	0.28042	0.39184	0.16891	0.27157	0.15596	0.23928	0.42921	0.34865	0.14827	0.16609	0.32581	0.1723	0.29491	0.19326	0.39157	0.3306	0.36213	0.23683	0.42924	0.3723	0.33317	0.41396	0.44419	1	0.33412	0.15798	0.78811	0.34746	0.56833	0.16053	0.3046	0.29737	0.21969	0.092882	0.39088	0.098271	0.28815	0.15273	0.42853	0.26218	0.21401	0.33977	0.38155	0.17295	0.33616	0.13774	0.38419	0.16418	0.35901	0.29283	0.2908	0.28275	0.37747	0.46898	0.28028	0.37209	0.36435	0.34749	0.42226	0.30585	0.30703	0.31929	0.47804	0.33629	0.32667	0.43658	0.46987	0.29545	0.28843	0.83691	0.28216	0.060733	0.34124	0.3097	0.23696	0.23998	0.35817	0.37604	0.26206	0.24493	0.25788	0.32748	0.31183	0.27867	0.35962	0.39666	0.381	0.43986	0.34926	0.37593	0.12895	0.30878	0.25369	0.39731	0.33833	0.20045	0.21491	0.12575	0.31899	0.28558	0.21089	0.30475	0.46704	0.39845	0.40161	0.060049	0.41575	0.29876	0.39268	0.36772	0.4266	0.3462	0.47803	0.28109	0.77963	0.38686	0.38789	0.35712	0.33043	0.35774	0.12117	0.27773	0.4383	0.31823	0.37085	0.31038	0.67863	0.37871	0.1736	0.35535	0.29651	0.26967	0.3626	0.14138	0.51841	0.23783	0.20869	0.26896	0.874	0.38512	0.34953	0.22426
0.185	0.25898	0.32085	0.24579	0.24136	0.14557	0.20657	0.10259	0.14552	0.13046	0.26177	0.12915	0.10468	0.21583	0.20085	0.175	0.20365	0.28634	0.26324	0.31032	0.13836	0.27601	0.059774	0.22733	0.36788	0.2753	0.33412	1	0.12586	0.36889	0.25369	0.30136	0.1209	0.066497	0.20126	0.21224	0.091232	0.2595	-0.0049407	0.23949	0.14671	0.31814	0.19204	0.18468	0.31974	0.1772	0.12354	0.26109	0.12622	0.22125	0.14792	0.17477	0.15158	0.27045	0.13169	0.27727	0.26914	0.29323	0.15858	0.24568	0.22731	0.23214	0.28972	0.18105	0.1726	0.24398	0.14916	0.20633	0.2071	0.24582	0.12485	0.14128	0.2835	0.21746	0.21803	0.19516	0.19892	0.21864	0.22348	0.20807	0.24745	0.15826	0.26638	0.19285	0.14674	0.26607	0.16966	0.18618	0.22295	0.29217	0.29639	0.21067	0.26893	0.13811	0.18609	0.051048	0.22817	0.19816	-0.012116	0.14151	0.084514	0.26041	0.23385	0.27835	0.28664	0.24557	0.22504	0.26826	0.10937	0.29447	0.2486	0.27326	0.18123	0.25456	0.24449	0.26422	0.12532	0.32069	0.25061	0.24773	0.14919	0.20762	0.11598	0.038461	0.14598	0.21362	0.30588	0.19455	0.22061	0.32096	0.24328	0.23536	0.21776	0.15556	0.1442	0.28715	0.16088	0.28025	0.10732	0.20229	0.23044	0.34115	0.24597	0.3008	0.24941
0.083498	0.12425	0.18943	0.10818	0.13848	0.078086	0.17997	-0.071362	0.033061	0.20799	0.15317	-0.019687	-0.069594	0.078423	0.046617	-0.046926	0.10375	0.099545	0.062553	0.045766	0.12752	0.17485	0.092046	0.11055	0.12835	0.068436	0.15798	0.12586	1	0.1156	0.050289	0.075392	0.11737	0.059177	0.094164	0.22317	0.071255	0.10951	-0.087142	0.27912	0.021433	0.063255	0.022119	0.01423	0.036009	0.082586	0.021154	0.046252	-0.018432	0.041752	0.034239	-0.014046	-0.00040994	0.10699	0.031663	0.072013	0.11503	0.14281	0.080907	0.16853	0.079749	0.11118	0.095949	0.089311	-0.0071982	0.15168	-0.082016	0.11996	0.1175	0.03944	0.016465	-0.07882	0.089014	0.052856	0.090707	0.035066	0.11743	0.041061	0.11634	0.13079	0.1994	-0.03197	0.028384	0.13675	0.016491	0.14421	-0.025388	0.077118	0.21962	0.11764	0.13656	0.11591	0.10772	0.12794	0.070371	-0.040075	0.13625	-0.028782	0.027712	0.075995	0.024783	0.019878	-0.019305	0.041418	0.0012774	0.1143	0.017916	0.039006	0.084934	0.11339	0.0062356	0.11264	-0.015252	0.074877	0.10965	0.20052	0.059224	0.2224	0.096093	0.16458	0.14654	0.03517	0.084016	0.19542	-0.023291	0.13344	0.072866	0.018702	-0.033353	0.091868	0.10859	0.009044	0.11231	-0.036025	0.046408	0.11572	0.084106	0.081255	0.075908	-0.046557	0.094282	0.12902	0.15191	0.033642	-0.0038257
0.27739	0.379	0.3666	0.23736	0.39524	0.18209	0.32264	0.25467	0.25426	0.3441	0.41494	0.25185	0.17557	0.32512	0.20159	0.31243	0.17462	0.40515	0.40768	0.36721	0.16715	0.44082	0.29741	0.32555	0.4285	0.43013	0.78811	0.36889	0.1156	1	0.34422	0.54161	0.099569	0.27922	0.30189	0.28135	0.13028	0.41605	0.039029	0.29925	0.19444	0.42817	0.24335	0.2603	0.38276	0.34649	0.21369	0.37952	0.1286	0.40759	0.15789	0.37138	0.32798	0.31967	0.28694	0.4108	0.50122	0.3015	0.38266	0.41429	0.37225	0.40551	0.35884	0.28123	0.18849	0.43393	0.33943	0.32356	0.42412	0.41646	0.29537	0.28055	0.71604	0.25256	0.093868	0.34918	0.3305	0.25797	0.21171	0.33212	0.38112	0.26783	0.2453	0.2763	0.30352	0.31708	0.32309	0.35322	0.39647	0.38314	0.45778	0.38664	0.41457	0.094091	0.31022	0.24232	0.39957	0.32377	0.22666	0.20458	0.13343	0.29855	0.29127	0.27208	0.33829	0.44727	0.42397	0.43456	0.073317	0.40062	0.36905	0.39444	0.3174	0.37222	0.357	0.46222	0.29274	0.73203	0.29846	0.36865	0.37953	0.35682	0.34575	0.11199	0.32101	0.41921	0.37638	0.32398	0.28912	0.64819	0.40914	0.20512	0.35063	0.26305	0.29473	0.41194	0.21511	0.47719	0.27995	0.27405	0.28004	0.80541	0.33916	0.40451	0.24152
0.29666	0.21369	0.29689	0.16417	0.35103	0.19506	0.13283	0.052429	0.17155	0.32553	0.34795	0.054125	0.074155	0.3831	0.16374	0.10412	0.21303	0.14303	0.09727	0.21084	0.078688	0.29133	0.25101	0.19427	0.29531	0.21223	0.34746	0.25369	0.050289	0.34422	1	0.31732	0.11416	0.20641	0.33519	0.29342	0.18095	0.31	0.099431	0.2475	0.24486	0.32242	0.17341	0.12118	0.15198	0.19674	0.07191	0.22456	0.22351	0.37776	0.19572	0.29897	0.23045	0.16217	0.12295	0.3074	0.25553	0.13194	0.2463	0.3957	0.34586	0.29426	0.30143	0.30504	0.16335	0.25885	0.28399	0.27526	0.36135	0.2839	0.12995	0.14075	0.3559	0.30401	0.041749	0.12501	0.14728	0.24223	0.13576	0.31234	0.29355	0.084057	0.072147	0.096575	0.23663	0.25718	0.25388	0.36303	0.26821	0.30637	0.30593	0.33191	0.23101	0.13586	0.21338	0.23116	0.18619	0.25749	0.11465	0.23154	0.17987	0.25014	0.24537	0.09091	0.30222	0.33184	0.23027	0.33918	-0.029327	0.38841	0.20878	0.3548	0.12887	0.19601	0.36369	0.43974	0.13087	0.36326	0.35063	0.21367	0.30023	0.22024	0.21501	0.096102	0.20968	0.34733	0.18966	0.12443	0.19628	0.34869	0.44636	0.085099	0.31703	0.17385	0.23747	0.29754	0.066157	0.30681	0.25164	0.16792	0.17196	0.38455	0.22484	0.25615	0.12421
0.25492	0.30514	0.32089	0.3537	0.36464	0.17031	0.41238	0.17389	0.24036	0.36064	0.36482	0.21401	0.15346	0.35805	0.14568	0.32971	0.22174	0.33618	0.22556	0.33308	0.15135	0.4567	0.27505	0.30231	0.37756	0.38886	0.56833	0.30136	0.075392	0.54161	0.31732	1	0.17581	0.27609	0.35848	0.25166	0.11555	0.42587	0.15005	0.27113	0.28223	0.41624	0.21511	0.21485	0.38071	0.35539	0.056404	0.28494	0.12648	0.39941	0.21492	0.25167	0.29999	0.35941	0.299	0.35472	0.45023	0.24579	0.38214	0.33143	0.40657	0.37752	0.34243	0.23701	0.19001	0.3806	0.35143	0.33362	0.42245	0.40552	0.27326	0.2141	0.5098	0.28427	0.08614	0.27196	0.22821	0.26675	0.17262	0.26862	0.33987	0.20956	0.28176	0.23204	0.28464	0.27142	0.32233	0.33066	0.36627	0.33658	0.46716	0.3275	0.42109	0.13059	0.26386	0.24077	0.35909	0.3451	0.15028	0.2328	0.077484	0.30721	0.27469	0.3116	0.33348	0.4706	0.34361	0.29556	0.12977	0.39096	0.31243	0.41958	0.29549	0.35796	0.3897	0.42312	0.26744	0.56183	0.35511	0.32174	0.3507	0.30298	0.26667	0.10921	0.24035	0.4576	0.27117	0.26507	0.27028	0.48166	0.31801	0.23797	0.38344	0.23009	0.2684	0.38395	0.12075	0.46242	0.2617	0.24732	0.26261	0.59294	0.2596	0.35233	0.29808
0.1089	0.048938	0.13383	0.17598	0.13477	0.060378	0.12006	0.017961	0.05293	0.081403	0.11277	0.15322	0.11715	0.20878	-0.092453	0.15958	0.10433	0.1536	0.07349	0.15039	0.071286	0.18564	0.062684	0.15237	0.18398	0.16925	0.16053	0.1209	0.11737	0.099569	0.11416	0.17581	1	0.07076	0.13143	0.15779	0.049885	0.098833	0.1782	0.14023	0.062436	0.0091086	0.021391	0.065393	0.068508	0.16647	0.148	0.16825	0.041021	0.026454	0.13257	0.10272	0.19025	0.15962	0.071952	0.041652	0.019076	0.055764	0.097524	0.086057	0.070976	0.093992	0.11791	0.1497	0.032238	0.14731	0.078588	0.12239	0.1836	0.062918	0.01005	0.078485	0.12135	0.10071	0.10314	0.019813	0.068124	0.15455	0.082204	0.16466	0.12864	0.12144	0.074092	0.048733	0.19974	0.085499	0.12802	0.2035	0.0088291	0.10666	0.10303	0.13626	0.17244	0.037345	0.082539	0.14031	-0.022858	0.04875	0.11836	0.018683	-0.02238	0.11112	0.1056	0.048408	0.1295	0.14481	0.081551	0.11999	-0.025395	0.16159	0.13108	0.10137	0.023839	0.17466	0.096486	0.19053	0.053812	0.12704	0.079687	0.14512	0.17396	0.057212	0.014773	0.085101	0.084454	0.090769	0.11036	0.077942	-0.0038609	0.049134	0.13601	0.12691	0.15598	0.1366	0.083418	0.034866	0.10867	0.097377	0.14434	0.058862	0.11162	0.15314	0.15585	0.20908	0.0012898
0.19302	0.13957	0.30232	0.19977	0.19216	0.20423	0.231	0.17173	0.14491	0.31983	0.22597	0.19254	0.16676	0.25641	0.12156	0.25233	0.15225	0.25459	0.20428	0.2589	0.16559	0.28759	0.36567	0.29339	0.20177	0.16763	0.3046	0.066497	0.059177	0.27922	0.20641	0.27609	0.07076	1	0.31748	0.16371	0.14767	0.28056	0.040679	0.23118	0.14023	0.16765	0.17819	0.29717	0.19396	0.24679	0.040289	0.25038	0.1106	0.18776	0.057472	0.17182	0.27966	0.24866	0.17254	0.29312	0.28303	0.18481	0.27381	0.20185	0.30165	0.2102	0.2358	0.18631	0.086609	0.28874	0.17365	0.24703	0.32271	0.1822	0.20134	0.16149	0.32143	0.18991	0.024985	0.30776	0.15149	0.19972	0.21213	0.22047	0.23126	0.26971	0.1672	0.2339	0.20592	0.27459	0.24769	0.2117	0.32081	0.31739	0.12993	0.11962	0.28027	0.16266	0.35255	0.26147	0.24965	0.13773	0.045826	0.1643	0.19866	0.21841	0.21063	0.20629	0.26731	0.22976	0.31316	0.23425	0.17379	0.29188	0.2203	0.20964	0.37766	0.25199	0.20918	0.29641	0.20057	0.3213	0.31318	0.17626	0.31736	0.2797	0.28237	0.21167	0.23854	0.2367	0.15934	0.36783	0.2666	0.2746	0.14373	0.023695	0.19631	0.17879	0.2306	0.13101	0.11935	0.29216	0.22171	0.20826	0.239	0.35135	0.21682	0.2413	0.18098
