1	0.20396	0.078043	0.092792	0.39172	-0.010978	0.13363	0.26439	0.32513	0.33695	0.29792	0.24698	0.30798	0.2489	0.23084	0.24657	0.28376	0.29691	0.24638	0.087556	0.109	0.15624	0.29278	0.12833	0.096543	0.21309	0.45466	0.23259	0.25007	0.50557	0.23378	0.23211	0.20629	0.40072	0.33069	0.23082	0.2015	0.22878	0.30265	0.20243	0.25214	0.20201	0.31357	0.043326	0.078624	0.16083	0.16633	0.067904	0.26948	0.2796	0.18319	0.26573	0.12408	0.29841	0.16179	0.36492	0.36822	0.31281	0.19635	0.33017	0.24713	0.31006	0.25861	0.14142	0.11097	0.18879	0.30656	0.29124	0.24418	0.25936	0.37536	0.36953	0.43283	0.28471	0.18201	0.30325	0.062703	0.27599	0.24004	-0.013816	0.40254	0.0819	0.032198	0.3613	0.11567	0.15578	0.078589	0.33416	0.32237	0.22114	0.19868	0.18857	0.22255	0.14694	0.16292	0.24579	0.26256	0.30442	0.19273	0.29197	0.20115	0.05665	0.18231	0.12874	0.18912	0.3186	0.33042	0.2408	0.24476	0.068998	0.18603	0.39978	0.36295	0.38595	0.35701	0.34754	0.34646	0.46893	0.40487	0.15611	0.17234	0.38424	0.35764	0.1459	0.22853	0.29096	0.3569	0.26419	0.1513	0.29695	0.25434	0.10298	0.28659	0.14513	0.12567	0.31281	0.14057	0.34093	0.1096	0.12783	0.19196	0.40076	0.088605	0.066636	0.09235
0.20396	1	-0.044617	0.18768	0.31322	0.033186	0.15131	0.29432	0.46636	0.3315	0.15571	0.2141	0.22196	0.29207	0.22338	0.33389	0.30904	0.34191	0.24639	0.21128	0.026759	0.13607	0.20657	0.17198	0.43532	0.37299	0.42214	0.22105	0.33848	0.43867	0.2324	0.28854	0.16581	0.43263	0.29737	0.26102	0.26095	0.11759	0.3473	0.12384	0.30913	0.20066	0.20822	0.040088	0.1768	0.18683	0.21026	0.23093	0.36551	0.20861	0.091642	0.20315	0.17971	0.21441	0.2622	0.26235	0.40857	0.1863	0.15787	0.27603	0.28511	0.22294	0.26527	0.17736	0.12642	0.2936	0.13189	0.39476	0.37339	0.23577	0.37786	0.3813	0.39825	0.34463	0.029475	0.25823	0.00034097	0.16225	0.32003	0.048075	0.37489	0.20604	0.16906	0.3038	0.27521	0.12502	0.11574	0.27317	0.27147	0.23534	0.14657	0.073313	0.27955	0.090874	0.29021	0.30003	0.28262	0.33229	0.26663	0.29176	0.1088	0.11801	0.27082	0.27952	0.33728	0.29692	0.2551	0.24551	0.23462	0.17932	0.30066	0.36654	0.35077	0.27185	0.41884	0.35366	0.28106	0.44365	0.36292	0.21513	0.2344	0.18441	0.43275	0.14117	0.24535	0.2833	0.25545	0.2077	0.010751	0.27115	0.14905	0.10111	0.39706	0.25935	0.043015	0.362	0.24302	0.19265	0.026363	0.28238	0.25727	0.36453	0.27086	0.032077	0.17554
0.078043	-0.044617	1	-0.010094	0.047329	-0.015874	0.062534	0.067745	0.084478	0.063093	0.096552	0.15646	0.14263	-0.02228	0.066569	-0.00063196	0.014108	0.003177	0.098447	0.027095	0.045351	0.0063518	0.088946	-0.023056	-0.030739	0.015396	0.017805	0.093624	0.061252	0.08972	0.014304	-0.02188	0.046806	0.054049	0.042411	-0.086734	0.012709	0.014521	0.033991	0.058189	-0.02418	0.039346	0.068612	0.17958	0.19704	0.052344	0.062971	-0.064532	-0.074734	0.060794	0.032795	0.0070191	0.045487	0.058976	0.073757	0.092209	0.01384	0.033292	-0.0092802	0.026387	-0.018951	0.060214	-0.0078718	0.13208	-0.066755	0.044878	0.01343	0.0067518	0.062052	-0.016607	0.047373	0.15749	0.052926	0.025193	0.060645	0.07863	0.039598	-0.083731	0.055919	0.093486	0.093141	0.07328	0.071634	0.094821	-0.052007	0.10126	-0.062352	0.091589	0.10065	0.1103	0.078482	-0.027844	0.0075972	0.054057	0.0062367	-0.052079	0.040835	0.13067	0.0080404	0.06116	-0.018361	0.043181	0.06593	0.11734	0.049395	0.09687	0.2102	0.037951	0.097028	0.0098587	-0.07866	0.15643	0.16647	0.12695	0.06674	0.028769	0.12351	0.11494	0.024617	0.040757	0.0041293	0.14323	0.073231	-0.0071522	0.055502	0.066556	0.15947	0.025993	0.0053693	0.061106	0.077615	0.14602	0.10638	-0.1013	-0.030165	0.090674	0.059449	0.042101	0.06809	0.049723	-0.0043286	0.12203	-0.021981	0.085786	-0.01909
0.092792	0.18768	-0.010094	1	0.20566	0.011841	0.047036	0.17293	0.21855	0.18343	0.087922	0.1313	0.10918	0.21601	0.14002	0.21164	0.16979	0.23821	0.10779	0.55048	0.15153	0.074221	0.10417	0.16142	0.18715	0.20612	0.28168	0.23435	0.12508	0.29409	0.14796	0.22363	0.17861	0.19995	0.11669	0.22309	0.20571	0.052567	0.27148	0.29516	0.23475	0.16061	0.17357	0.092777	0.10839	0.043113	0.15793	0.088919	0.20898	0.10078	0.098109	0.081495	0.073663	0.10972	0.21426	0.16082	0.21305	0.1606	0.098582	0.1597	0.18208	0.28005	0.23023	0.16345	0.068319	0.1237	0.11402	0.14548	0.079295	0.057071	0.14566	0.1846	0.24486	0.22489	0.12283	0.21317	-0.058868	0.0011318	0.12811	0.12983	0.30255	0.08498	0.16452	0.26872	0.077041	0.03606	0.085265	0.08851	0.21537	0.13614	0.20623	0.13125	0.48725	0.090831	0.15258	0.17084	0.16306	0.2027	0.03739	0.18126	0.063355	0.080834	0.19052	0.089677	0.12031	0.14681	0.013095	0.21406	0.18892	-0.024312	0.14457	0.18154	0.22759	0.21636	0.18198	0.1412	0.24101	0.24296	0.20615	0.1173	0.012579	0.19508	0.22843	0.03136	0.09494	0.1658	0.16385	0.20673	-0.016604	0.20152	0.21945	0.047508	0.11796	0.069759	0.089872	0.18594	0.12733	0.046187	-0.11916	0.2742	0.18955	0.22283	0.17021	-0.082059	0.30108
0.39172	0.31322	0.047329	0.20566	1	0.070003	0.18186	0.38162	0.4193	0.43506	0.35213	0.29555	0.31625	0.25316	0.35692	0.31833	0.39248	0.44532	0.3044	0.20419	0.023368	0.31742	0.39576	0.32352	0.22119	0.2291	0.51524	0.31902	0.4013	0.55223	0.31683	0.28572	0.27982	0.52102	0.52501	0.25415	0.38693	0.32098	0.24137	0.2398	0.31585	0.25954	0.31805	0.19377	0.2001	0.16672	-0.031527	0.24235	0.30928	0.31408	0.15165	0.31242	0.22168	0.31036	0.2944	0.34073	0.47849	0.28631	0.30646	0.34918	0.37421	0.23362	0.39941	0.10893	0.18047	0.38996	0.19317	0.41711	0.36724	0.34589	0.41098	0.46694	0.48475	0.43154	0.057874	0.34543	0.011231	0.32774	0.2803	0.22131	0.47173	0.21985	0.20116	0.46702	0.22623	0.17932	0.091632	0.31958	0.45453	0.26538	0.32667	0.22882	0.28925	0.015329	0.24842	0.37691	0.37344	0.34617	0.26612	0.36498	0.26012	0.18245	0.31235	0.20455	0.35183	0.43252	0.39742	0.43651	0.37045	0.12038	0.27957	0.54341	0.41406	0.45947	0.47535	0.38828	0.38548	0.50074	0.44934	0.19894	0.15204	0.36993	0.5196	0.22424	0.3027	0.42949	0.45464	0.38375	0.17613	0.36794	0.34692	0.11064	0.4449	0.22546	0.10298	0.4762	0.20448	0.28416	0.019293	0.2801	0.29503	0.40303	0.26145	0.12176	0.29283
-0.010978	0.033186	-0.015874	0.011841	0.070003	1	0.020585	-0.02058	0.076205	0.016086	-0.012964	-0.1418	-0.074592	-0.077964	0.038272	0.018415	0.10897	0.045226	0.052568	0.06159	-0.0085483	0.079414	0.017768	0.11429	0.038048	0.0093945	-0.0076309	0.043443	0.017431	0.039918	0.057879	-0.028788	-0.015892	-0.084794	0.13678	-0.014295	0.031589	0.051136	-0.039254	-0.036184	0.046656	0.045064	-0.029256	-0.034675	0.037719	0.062799	0.010844	0.046128	0.057879	0.088269	0.032651	0.080388	0.089607	0.012548	-0.017906	-0.01178	-0.008962	-0.0052379	0.023972	0.11729	0.077282	0.028838	-0.016463	-0.035583	0.036819	-0.094323	0.006431	0.0096011	0.1191	0.087549	0.0094597	-0.032733	0.01704	-0.099703	0.068036	-0.11704	-0.085893	0.056176	-0.03221	-0.020855	0.053482	0.077509	0.061012	-0.038799	0.12765	-0.038661	0.045281	0.038821	0.00077836	0.037295	-0.0069651	0.0027258	0.046817	-0.081871	0.073807	0.042421	-0.044238	-0.063274	0.092152	-0.0069007	-0.029042	0.083947	0.068604	0.081979	-0.038145	-0.05011	-0.018071	-0.047719	0.0058202	-0.0229	0.027888	0.12453	-0.0001974	-0.055395	0.07923	0.08614	0.013628	0.039122	0.072714	0.0583	0.075718	-0.023841	0.0096807	-0.009937	0.049062	0.093599	-0.031551	0.1048	-0.010497	0.0049149	0.036535	0.0089399	0.064311	-0.014966	-0.12085	0.052135	-0.0060721	0.044285	0.097619	0.028953	0.054484	0.0066214	-0.069758	0.10534	0.06467
0.13363	0.15131	0.062534	0.047036	0.18186	0.020585	1	0.38044	0.19686	0.11645	0.07676	0.24664	0.17118	0.17226	0.31656	0.19144	0.15561	0.15846	0.11594	0.091298	0.1208	0.013509	0.15447	0.094684	0.089929	0.11064	0.17844	0.07545	0.15322	0.18553	0.16561	0.03919	0.11179	0.20967	0.22861	0.14404	0.10158	0.2638	0.21485	0.099079	0.21596	0.061054	0.14155	0.12519	0.076872	0.20493	0.034293	0.21161	0.24908	0.23609	0.057184	0.17593	0.22245	0.17452	0.039628	0.12497	0.16008	0.13751	0.17135	0.1707	0.11721	0.029501	0.15703	0.020696	0.17389	0.087975	0.08007	0.20389	0.2599	0.074457	0.17924	0.21328	0.197	0.10731	-0.035197	0.18784	-0.039364	0.083414	0.19759	0.16491	0.14522	0.23604	0.21501	0.19559	0.4075	0.055254	0.18107	0.1744	0.24015	0.1479	0.12663	0.11957	0.07299	0.010543	0.091423	0.17689	0.17652	0.13528	0.0064279	0.18754	0.1689	0.13166	0.19118	0.16839	0.10173	0.21833	0.2658	0.10385	0.047248	-0.076968	0.40242	0.15429	0.30018	0.18498	0.20907	0.21572	0.21999	0.18603	0.15261	0.18269	0.0822	0.20364	0.20179	0.023966	0.097833	0.14374	0.18964	0.1195	-0.058743	-0.00181	0.12232	0.083327	0.074036	0.23421	0.094037	0.3201	0.043493	0.08782	0.094697	0.053291	-0.01627	0.13594	0.14687	-0.062961	0.21539
0.26439	0.29432	0.067745	0.17293	0.38162	-0.02058	0.38044	1	0.40146	0.32281	0.21228	0.47686	0.2287	0.30846	0.31438	0.21039	0.34709	0.43276	0.18126	0.20536	-0.0087627	0.18003	0.3036	0.22489	0.19889	0.22952	0.43619	0.22691	0.27063	0.43654	0.27274	0.23879	0.14979	0.41488	0.29427	0.22782	0.33913	0.23437	0.30556	0.16779	0.37915	0.26474	0.2109	0.1238	0.10015	0.37766	0.13421	0.2761	0.37984	0.28234	0.076769	0.25158	0.26197	0.37904	0.16132	0.26476	0.451	0.30839	0.21176	0.22628	0.26383	0.17724	0.2878	0.071563	0.16806	0.26725	0.10682	0.40962	0.40767	0.19561	0.35651	0.43206	0.41077	0.3575	0.087404	0.39166	0.0642	0.16255	0.29804	0.15404	0.3496	0.32736	0.29385	0.37918	0.35535	0.031693	0.08147	0.29544	0.33556	0.23557	0.17906	0.1476	0.25704	0.051873	0.053115	0.20182	0.37118	0.33845	0.20159	0.36733	0.19985	0.17184	0.32383	0.21995	0.22447	0.3358	0.32443	0.31462	0.23977	0.032743	0.45266	0.37613	0.54604	0.40896	0.39999	0.34756	0.44391	0.43042	0.41113	0.27013	0.13001	0.30769	0.44759	0.1165	0.34174	0.25543	0.32193	0.34821	-0.0282	0.2172	0.2492	0.090603	0.28973	0.24093	0.16464	0.38931	0.21287	0.1812	-0.024408	0.25826	0.2681	0.37434	0.28989	0.0026311	0.20269
0.32513	0.46636	0.084478	0.21855	0.4193	0.076205	0.19686	0.40146	1	0.48143	0.27728	0.34523	0.27095	0.33162	0.34349	0.35348	0.30438	0.47753	0.35422	0.27278	0.056178	0.2322	0.41636	0.32022	0.28032	0.35233	0.60009	0.30168	0.45338	0.62064	0.42828	0.32619	0.24439	0.51251	0.50255	0.29548	0.43213	0.21915	0.43426	0.27118	0.40101	0.22203	0.3091	0.077421	0.32724	0.28672	0.15662	0.25529	0.48146	0.39951	0.20079	0.29131	0.19982	0.27039	0.30964	0.22396	0.54535	0.30004	0.28364	0.37735	0.39875	0.31661	0.40195	0.21352	0.2108	0.31938	0.22674	0.48406	0.40565	0.24093	0.63658	0.73288	0.5706	0.41156	0.14138	0.44371	0.0067399	0.27572	0.35954	0.17546	0.49707	0.32195	0.32028	0.49632	0.25689	0.14068	0.1774	0.3916	0.46678	0.33939	0.28772	0.20126	0.31662	0.1508	0.13461	0.31503	0.40401	0.41078	0.14351	0.36231	0.24155	0.19661	0.39379	0.25939	0.36566	0.38143	0.36723	0.37123	0.35841	0.17007	0.35052	0.63497	0.56128	0.51132	0.51452	0.48876	0.45336	0.638	0.49442	0.24498	0.23116	0.46454	0.51116	0.18733	0.34337	0.45652	0.33027	0.41728	-0.022446	0.39201	0.30522	0.1844	0.46092	0.22693	0.11974	0.42729	0.21299	0.34446	0.03876	0.34224	0.28687	0.51919	0.24127	0.061044	0.22085
0.33695	0.3315	0.063093	0.18343	0.43506	0.016086	0.11645	0.32281	0.48143	1	0.30057	0.28186	0.22217	0.34291	0.28769	0.27784	0.30391	0.39083	0.23736	0.24217	0.10229	0.16789	0.28941	0.28345	0.25111	0.30169	0.54134	0.24087	0.40238	0.53689	0.25673	0.16845	0.32562	0.42443	0.36862	0.28289	0.35279	0.19928	0.3519	0.28826	0.35733	0.18356	0.27094	0.13402	0.23208	0.17639	0.1055	0.22613	0.37884	0.34591	0.17325	0.22609	0.18475	0.30741	0.29796	0.27855	0.43774	0.26647	0.33264	0.39801	0.41279	0.29415	0.41657	0.12919	0.084019	0.29926	0.23181	0.37124	0.32219	0.24845	0.53189	0.49496	0.45271	0.42506	0.085078	0.32591	0.030353	0.26186	0.24464	0.083993	0.40339	0.13461	0.18338	0.43569	0.12766	0.15998	0.11924	0.2563	0.43244	0.39734	0.2788	0.2271	0.23792	0.19423	0.16815	0.33601	0.33232	0.35541	0.10207	0.29908	0.27104	0.14075	0.23642	0.11516	0.39538	0.28845	0.3127	0.43166	0.35717	0.1412	0.22322	0.55447	0.40617	0.46065	0.43295	0.39574	0.45703	0.55502	0.42713	0.26011	0.15013	0.43231	0.40139	0.17347	0.20067	0.36151	0.43369	0.2224	0.031677	0.34785	0.26817	0.16673	0.45064	0.18458	0.18618	0.33777	0.16578	0.2978	0.05795	0.25039	0.26996	0.48189	0.30173	0.059123	0.19348
0.29792	0.15571	0.096552	0.087922	0.35213	-0.012964	0.07676	0.21228	0.27728	0.30057	1	0.21878	0.21813	0.094814	0.18268	0.18037	0.18891	0.26356	0.15663	0.18967	0.088867	0.091814	0.19383	0.13331	0.1237	0.074859	0.43444	0.054941	0.19591	0.44585	0.23457	0.082432	0.14885	0.23139	0.27877	0.10087	0.12658	0.099541	0.29171	0.10642	0.21056	0.064626	0.27363	0.1028	0.06018	0.11733	0.018174	0.10494	0.2256	0.28595	0.11854	0.18553	0.10288	0.27428	0.21335	0.30654	0.34053	0.24658	0.28031	0.29251	0.25984	0.054827	0.17962	0.10724	-0.0018122	0.19822	0.17754	0.27108	0.18556	0.35804	0.26579	0.31877	0.36618	0.36188	0.14321	0.26124	-0.094829	0.083822	0.16787	0.11588	0.42393	0.12152	0.049584	0.3806	0.071096	0.10414	0.060697	0.25043	0.32741	0.27825	0.25207	0.19543	0.18111	0.026435	0.12796	0.23308	0.27814	0.21391	0.12796	0.22233	0.067745	0.063519	0.19936	0.099126	0.18942	0.34821	0.15707	0.21434	0.24969	0.068986	0.12424	0.3292	0.27929	0.35578	0.33569	0.33201	0.23014	0.41593	0.38115	0.1331	0.11223	0.30811	0.35398	0.21178	0.12942	0.30149	0.42358	0.21977	0.063089	0.2674	0.35949	0.11861	0.33532	0.10462	0.07026	0.20729	0.082313	0.17666	0.092066	0.041978	0.14115	0.40431	0.2517	0.12656	0.14446
0.24698	0.2141	0.15646	0.1313	0.29555	-0.1418	0.24664	0.47686	0.34523	0.28186	0.21878	1	0.29767	0.28084	0.30491	0.21824	0.25311	0.30894	0.26205	0.1432	0.11304	0.15762	0.28271	0.13733	0.15789	0.17211	0.37829	0.26637	0.28281	0.35225	0.25023	0.23908	0.089433	0.37416	0.32412	0.21741	0.33269	0.15911	0.35402	0.22899	0.31126	0.13265	0.15953	0.096786	0.13026	0.18491	0.081216	0.2446	0.23487	0.26524	0.076138	0.089443	0.14482	0.1648	0.32297	0.28034	0.32369	0.27858	0.2265	0.22274	0.18499	0.18821	0.26565	0.20849	0.13092	0.27095	0.12901	0.24423	0.19068	0.14348	0.24999	0.35596	0.30843	0.32868	0.090484	0.30056	-0.0074366	0.1448	0.14639	0.1975	0.40104	0.19975	0.20997	0.33066	0.18166	0.098249	0.17725	0.28575	0.26506	0.21074	0.18168	0.082501	0.2675	0.069143	0.16117	0.18732	0.33016	0.26822	0.11239	0.2902	0.17944	0.080393	0.21162	0.087477	0.17444	0.28411	0.36591	0.26649	0.18153	0.084913	0.29503	0.34909	0.41149	0.39115	0.36453	0.31821	0.39861	0.38027	0.27965	0.19767	0.092016	0.32004	0.38407	0.072483	0.26243	0.27701	0.31972	0.30836	0.035799	0.32159	0.34328	0.060794	0.31467	0.12072	0.18984	0.38631	0.21643	0.17649	0.062596	0.13698	0.26746	0.34181	0.14234	0.053445	0.21001
0.30798	0.22196	0.14263	0.10918	0.31625	-0.074592	0.17118	0.2287	0.27095	0.22217	0.21813	0.29767	1	0.29002	0.32545	0.36332	0.17698	0.34167	0.17764	0.12705	0.081811	0.12212	0.27266	0.2737	0.14537	0.14076	0.42943	0.27663	0.27753	0.42069	0.24342	0.21945	0.24733	0.32015	0.26804	0.22578	0.2714	0.19266	0.20165	0.26109	0.3157	0.20224	0.24728	0.14499	0.1272	0.17879	0.11627	0.04025	0.27852	0.16129	0.093642	0.16649	0.012365	0.21204	0.23161	0.23889	0.29584	0.18137	0.1957	0.27026	0.22194	0.20508	0.26866	0.25445	0.16818	0.23556	0.16831	0.26471	0.14592	0.25279	0.32641	0.38134	0.38992	0.31218	-0.011342	0.30742	0.057189	0.21372	0.24354	0.14353	0.45832	0.16279	0.18139	0.28965	0.18363	0.1923	0.08287	0.32833	0.30515	0.21603	0.29197	0.26484	0.33209	0.038104	0.2631	0.4034	0.38787	0.20814	0.063987	0.31102	0.21436	0.19955	0.1212	0.1786	0.22645	0.2423	0.30966	0.27223	0.24288	0.081473	0.23021	0.41224	0.37922	0.34817	0.34555	0.29088	0.31166	0.38157	0.32252	0.28653	0.16541	0.26184	0.45997	0.20837	0.17827	0.33034	0.27544	0.41811	0.1257	0.27194	0.17872	0.11451	0.31081	0.13225	0.12756	0.30505	0.13388	0.2926	-0.04072	0.13453	0.25418	0.29638	0.10285	0.082766	0.11964
0.2489	0.29207	-0.02228	0.21601	0.25316	-0.077964	0.17226	0.30846	0.33162	0.34291	0.094814	0.28084	0.29002	1	0.28457	0.29082	0.30984	0.2551	0.25052	0.17605	0.051527	0.075911	0.16974	0.25044	0.14932	0.26857	0.3639	0.21418	0.30132	0.35114	0.18693	0.24821	0.17346	0.3566	0.21851	0.26671	0.27482	0.15245	0.32468	0.22989	0.33295	0.18604	0.23149	0.016304	0.17126	0.12576	0.13073	0.045819	0.31776	0.11175	0.075183	0.14543	0.049045	0.2563	0.34094	0.15092	0.31107	0.30898	0.18296	0.24409	0.25659	0.20265	0.30578	0.13457	0.042596	0.21899	0.15457	0.20915	0.2197	0.1578	0.26452	0.28745	0.33741	0.28255	0.071357	0.2613	0.034819	0.12025	0.17149	0.1667	0.24968	0.13529	0.24733	0.27604	0.10396	0.10532	0.077374	0.28515	0.29972	0.22159	0.17182	0.037837	0.27661	0.099542	0.18751	0.27546	0.30632	0.25332	0.039118	0.31618	0.13921	0.096536	0.24748	0.13331	0.2869	0.23898	0.30277	0.28077	0.25804	0.027044	0.16435	0.29489	0.28362	0.30801	0.27047	0.22728	0.26604	0.33108	0.23851	0.16362	0.2873	0.23841	0.36174	0.16121	0.13894	0.13814	0.21515	0.27086	0.0099681	0.16776	0.093054	0.10835	0.30044	0.11815	0.24208	0.30056	0.16475	0.2397	0.037947	0.12529	0.17455	0.28278	0.16757	0.040976	0.13638
0.23084	0.22338	0.066569	0.14002	0.35692	0.038272	0.31656	0.31438	0.34349	0.28769	0.18268	0.30491	0.32545	0.28457	1	0.33181	0.36101	0.28146	0.21703	0.057257	0.14817	0.23705	0.24877	0.19196	0.18423	0.21799	0.37034	0.23039	0.33032	0.40594	0.35176	0.29081	0.17983	0.35913	0.29827	0.2316	0.29904	0.20349	0.29075	0.27914	0.34088	0.1373	0.27853	0.1274	0.21102	0.14864	0.17513	0.2174	0.29653	0.29882	0.085646	0.12508	0.13223	0.30011	0.15184	0.17594	0.3399	0.28169	0.16457	0.29715	0.25217	0.20697	0.28834	0.10656	0.069818	0.21034	0.16845	0.25424	0.25677	0.23917	0.24795	0.36325	0.32551	0.41952	0.033841	0.31983	-0.06466	0.16655	0.22983	0.18969	0.3493	0.16747	0.15915	0.24564	0.20062	0.083498	0.32096	0.31163	0.34616	0.1648	0.14217	0.077673	0.2436	0.0046916	0.22802	0.25523	0.27467	0.30256	0.14157	0.25368	0.15721	0.16849	0.21431	0.1253	0.27757	0.24392	0.32648	0.38002	0.19131	0.071006	0.3179	0.35901	0.34856	0.24707	0.32515	0.27571	0.36879	0.37476	0.27406	0.2697	0.25516	0.18267	0.35392	0.07145	0.25428	0.3708	0.28317	0.29373	0.103	0.26287	0.24049	0.09751	0.36205	0.21001	0.12405	0.41391	0.079935	0.17571	0.14827	0.094284	0.21288	0.24951	0.15316	0.10486	0.24228
0.24657	0.33389	-0.00063196	0.21164	0.31833	0.018415	0.19144	0.21039	0.35348	0.27784	0.18037	0.21824	0.36332	0.29082	0.33181	1	0.32676	0.30268	0.23615	0.17325	0.18267	0.17116	0.23843	0.24688	0.18405	0.28133	0.40238	0.23421	0.33065	0.36336	0.22657	0.21289	0.12489	0.38852	0.29452	0.22152	0.23879	0.18352	0.34957	0.17849	0.40079	0.15279	0.31821	0.1476	0.10511	0.24875	0.13877	0.17149	0.27617	0.25196	0.048562	0.14594	0.18173	0.16168	0.27208	0.16267	0.37875	0.28471	0.18715	0.2214	0.30411	0.22445	0.30895	0.083239	0.24644	0.16411	0.10271	0.30836	0.23944	0.33661	0.28826	0.3465	0.37478	0.4247	0.049406	0.31858	0.082762	0.13651	0.33695	0.15903	0.35192	0.16475	0.13157	0.38067	0.20609	0.080064	0.15034	0.24128	0.35552	0.22886	0.23339	0.11254	0.27982	0.12105	0.26193	0.39275	0.36681	0.37604	0.17557	0.30331	0.23319	0.13579	0.19453	0.21108	0.31224	0.26921	0.20471	0.27745	0.2337	0.15811	0.28527	0.35092	0.32207	0.30986	0.28938	0.35894	0.24943	0.3629	0.33725	0.24772	0.27231	0.27885	0.34465	0.21049	0.1905	0.31812	0.24577	0.3012	0.028035	0.19324	0.13456	0.014707	0.28628	0.25291	0.18107	0.42314	0.12488	0.29219	0.0061641	0.21782	0.33511	0.28494	0.20927	-0.0021422	0.17335
0.28376	0.30904	0.014108	0.16979	0.39248	0.10897	0.15561	0.34709	0.30438	0.30391	0.18891	0.25311	0.17698	0.30984	0.36101	0.32676	1	0.35802	0.21332	0.16923	0.013162	0.23152	0.24595	0.18604	0.22955	0.15601	0.41173	0.23044	0.35521	0.36449	0.26489	0.26578	0.1364	0.34246	0.31663	0.22866	0.26155	0.19043	0.2104	0.15702	0.39692	0.17915	0.21825	0.0064585	0.098864	0.20962	0.18324	0.16475	0.21104	0.26361	0.069853	0.10235	0.16752	0.2251	0.1462	0.31253	0.39907	0.30906	0.26384	0.31107	0.28476	0.22355	0.33885	0.16396	0.084844	0.21102	0.1481	0.3387	0.33754	0.26688	0.27937	0.36433	0.34788	0.39833	-0.088412	0.32336	0.0070265	0.21548	0.2729	0.15476	0.34656	0.14417	0.24549	0.27896	0.20109	0.098132	0.16708	0.26702	0.36127	0.22213	0.2302	0.1582	0.25982	0.0071175	0.27758	0.22193	0.32612	0.29244	0.21606	0.28372	0.29497	-0.013841	0.22216	0.21224	0.24379	0.33161	0.27496	0.37978	0.21033	0.11759	0.31549	0.2875	0.41568	0.29363	0.35329	0.25651	0.32043	0.36006	0.39371	0.22962	0.1355	0.23548	0.42881	0.20969	0.2214	0.26106	0.25835	0.34453	0.12818	0.26266	0.19122	-0.023645	0.36774	0.13285	0.17959	0.30669	0.22094	0.13582	-0.030285	0.21745	0.29713	0.28014	0.1676	0.1261	0.15952
0.29691	0.34191	0.003177	0.23821	0.44532	0.045226	0.15846	0.43276	0.47753	0.39083	0.26356	0.30894	0.34167	0.2551	0.28146	0.30268	0.35802	1	0.29731	0.18402	0.084772	0.24374	0.44976	0.24703	0.36777	0.29627	0.56993	0.28298	0.31095	0.55841	0.3301	0.27482	0.2391	0.41733	0.39079	0.27272	0.28823	0.28185	0.28183	0.13117	0.3229	0.26342	0.25779	0.14748	0.14148	0.27888	0.17605	0.25158	0.33794	0.34813	0.15684	0.27143	0.17391	0.24438	0.35409	0.33067	0.4568	0.25836	0.32451	0.39587	0.25661	0.31392	0.37559	0.11489	0.22437	0.32062	0.20936	0.37267	0.31252	0.30612	0.5483	0.53521	0.45153	0.46813	0.12176	0.4476	0.042411	0.21119	0.3376	0.15732	0.48038	0.22604	0.2939	0.46856	0.17818	0.2069	0.11054	0.35552	0.40607	0.3421	0.23409	0.214	0.33245	0.074588	0.14422	0.31938	0.39076	0.30704	0.17063	0.40702	0.2329	0.13792	0.32042	0.266	0.25875	0.41984	0.43018	0.34805	0.33199	0.089876	0.32026	0.50698	0.53081	0.463	0.56529	0.45465	0.47345	0.56063	0.48835	0.24447	0.16611	0.40719	0.50397	0.14332	0.37335	0.39508	0.33696	0.35711	0.054472	0.36888	0.31735	0.13923	0.35115	0.21647	0.13129	0.4009	0.13869	0.31086	-0.085711	0.22519	0.27887	0.42048	0.32874	0.079932	0.17369
0.24638	0.24639	0.098447	0.10779	0.3044	0.052568	0.11594	0.18126	0.35422	0.23736	0.15663	0.26205	0.17764	0.25052	0.21703	0.23615	0.21332	0.29731	1	0.15993	0.041919	0.10375	0.37577	0.20018	0.20288	0.23346	0.34155	0.22918	0.22136	0.37453	0.26931	0.2212	0.17216	0.36359	0.30255	0.28357	0.16173	0.1804	0.21419	0.1698	0.26588	0.13221	0.16503	0.15606	0.19115	0.18201	0.018966	0.14554	0.23408	0.12598	0.12178	0.20989	0.13438	0.055623	0.23167	0.21433	0.25139	0.27831	0.19185	0.22331	0.28246	0.17091	0.20982	0.13926	0.1656	0.24072	0.16397	0.3067	0.2416	0.19326	0.21923	0.34045	0.29889	0.30337	0.06187	0.23761	-0.031372	0.20333	0.17383	0.060305	0.33603	0.19956	0.19833	0.32007	0.046851	0.12338	0.093499	0.26525	0.16708	0.10597	0.19322	0.11903	0.25128	0.12363	0.30664	0.27463	0.26416	0.22528	0.16018	0.19485	0.14863	0.1176	0.114	0.18014	0.20848	0.14758	0.3206	0.21483	0.17835	0.084325	0.19948	0.35591	0.30438	0.37693	0.3911	0.29236	0.30501	0.37902	0.34604	0.26875	0.09555	0.26242	0.26832	0.080232	0.10226	0.21207	0.10602	0.22495	-0.0053033	0.16451	0.10415	0.10924	0.27484	0.15404	0.060935	0.21743	0.046279	0.22265	0.02178	0.23937	0.15174	0.22515	0.1293	0.043741	0.16876
0.087556	0.21128	0.027095	0.55048	0.20419	0.06159	0.091298	0.20536	0.27278	0.24217	0.18967	0.1432	0.12705	0.17605	0.057257	0.17325	0.16923	0.18402	0.15993	1	0.039225	0.01553	0.096563	0.21806	0.1742	0.14606	0.26607	0.15487	0.1162	0.27949	0.20135	0.21664	0.17267	0.16235	0.1672	0.18729	0.10515	0.074793	0.18583	0.17797	0.17011	0.16156	0.1469	0.10875	0.1372	0.090351	0.1563	0.13878	0.17742	0.17463	0.12137	0.058956	0.10917	0.13726	0.15883	0.12673	0.21765	0.074567	0.22408	0.2555	0.21132	0.16693	0.26902	0.1413	0.04444	0.11835	0.17571	0.20396	0.13281	0.13059	0.19572	0.21795	0.27688	0.14997	0.029004	0.18063	-0.035461	0.11132	0.072355	0.051487	0.28722	0.083561	0.12757	0.31973	0.13139	0.10496	0.046222	0.15961	0.24655	0.15873	0.2527	0.20728	0.34831	-0.018544	0.071284	0.12828	0.20007	0.14371	0.064482	0.15133	0.019818	0.036961	0.26933	0.045526	0.19306	0.19123	0.10544	0.2192	0.1754	0.027623	0.14081	0.2154	0.25093	0.23701	0.24171	0.12923	0.19951	0.24328	0.25355	0.097846	0.062797	0.21364	0.25467	0.035736	0.11374	0.11046	0.20235	0.19878	-0.0041805	0.15636	0.22825	0.081228	0.1917	0.098259	0.044946	0.16081	0.12325	0.10094	-0.0060807	0.22103	0.07698	0.22475	0.090413	0.038195	0.26866
0.109	0.026759	0.045351	0.15153	0.023368	-0.0085483	0.1208	-0.0087627	0.056178	0.10229	0.088867	0.11304	0.081811	0.051527	0.14817	0.18267	0.013162	0.084772	0.041919	0.039225	1	0.064523	0.041266	0.070208	0.081061	0.052032	0.018354	-0.011103	0.016297	0.075062	-0.054976	0.10399	0.050924	0.15911	0.048601	0.040645	-0.0073832	-0.021849	0.18122	0.098248	0.19927	-0.067336	0.1528	0.013868	-0.0041096	0.027128	0.022585	0.093151	0.082137	0.076141	0.080555	0.002242	0.012085	0.087544	0.036472	0.087423	0.056215	0.084488	0.085848	0.037877	0.0064682	0.099821	0.043146	0.041956	-0.0057456	-0.012804	0.12338	0.023804	0.035974	0.087242	0.1275	0.14297	0.041726	0.082982	-0.014545	0.0029118	-0.12907	0.0019664	0.1367	0.053847	0.085732	-0.079203	0.048477	0.13008	-0.03866	0.091015	0.082749	0.11249	0.056517	0.10919	0.14632	0.053045	0.10152	0.031656	0.083456	0.056521	0.062535	0.1457	-0.0053144	0.16203	0.12834	0.080043	0.12982	0.131	0.016692	0.028294	0.15017	0.11063	0.11664	0.029319	0.068589	0.11034	0.14276	0.11426	0.058296	0.10851	0.067614	0.085939	0.072467	0.16291	0.14176	0.098275	0.094279	0.045594	0.022253	0.09554	0.19745	0.047643	-0.021563	0.028692	0.12494	-0.032351	0.070015	-0.012556	0.055125	0.12969	-0.13785	0.18076	-0.024627	0.061721	0.042182	0.028923	-0.00023135	-0.079966	0.016235
0.15624	0.13607	0.0063518	0.074221	0.31742	0.079414	0.013509	0.18003	0.2322	0.16789	0.091814	0.15762	0.12212	0.075911	0.23705	0.17116	0.23152	0.24374	0.10375	0.01553	0.064523	1	0.18236	0.036115	0.12731	0.12233	0.25141	0.080273	0.18224	0.23198	0.13791	0.15657	0.23831	0.33389	0.23074	0.10679	0.22372	0.084454	0.11705	0.087432	0.24427	0.18746	0.10587	0.15296	0.056915	0.11048	-0.08819	0.081974	0.19494	0.13892	0.033703	0.18868	0.13162	0.12815	0.11223	0.17443	0.25096	0.12399	0.10818	0.20308	0.10026	0.23664	0.17617	0.024144	0.11212	0.23204	0.080732	0.08872	0.19371	0.12391	0.32784	0.31995	0.19208	0.22519	0.035228	0.19182	0.082842	0.13749	0.15156	0.074633	0.18044	0.20687	0.14796	0.23835	0.023691	0.038328	0.13343	0.17948	0.22366	0.089593	0.18968	0.060378	0.065713	0.0070791	0.14203	0.13163	0.15169	0.10073	0.10092	0.1645	0.13533	-0.018721	0.16372	0.058922	0.10985	0.23345	0.21103	0.17692	0.24943	-0.0051339	0.09716	0.26614	0.21394	0.19408	0.15491	0.12936	0.27065	0.20625	0.23423	0.1667	0.0373	0.19775	0.17465	0.16184	0.15026	0.18402	0.14487	0.1817	-0.058141	0.21877	0.097961	-0.021318	0.18595	0.072471	0.10866	0.24214	0.19199	0.14992	0.03166	0.17706	0.19122	0.18143	0.17717	0.070807	0.069876
0.29278	0.20657	0.088946	0.10417	0.39576	0.017768	0.15447	0.3036	0.41636	0.28941	0.19383	0.28271	0.27266	0.16974	0.24877	0.23843	0.24595	0.44976	0.37577	0.096563	0.041266	0.18236	1	0.22864	0.24029	0.15442	0.52044	0.21312	0.26578	0.4776	0.26592	0.29622	0.29336	0.38991	0.37259	0.29956	0.32868	0.15506	0.19006	0.14874	0.25643	0.08893	0.20527	0.20203	0.078047	0.23708	0.12848	0.27632	0.15357	0.15671	0.12415	0.25715	0.087649	0.28696	0.24102	0.30274	0.35563	0.22019	0.2541	0.32078	0.29219	0.24784	0.24794	0.098812	0.17868	0.30251	0.13491	0.35029	0.26348	0.17891	0.42882	0.44761	0.48536	0.41906	0.014735	0.33185	0.042768	0.21067	0.13167	0.12464	0.44091	0.16242	0.18364	0.43572	0.13811	0.13207	0.10848	0.29272	0.34804	0.24	0.2033	0.1779	0.20552	0.13571	0.2249	0.27271	0.4431	0.27146	0.15797	0.33678	0.248	0.11931	0.22263	0.26183	0.17779	0.33516	0.37071	0.31614	0.20804	0.11396	0.25743	0.43742	0.42979	0.52804	0.44253	0.38954	0.36513	0.45682	0.34706	0.2334	0.15335	0.37181	0.43095	0.11455	0.32721	0.39333	0.28357	0.3156	0.068874	0.2568	0.25093	0.074569	0.30815	0.09284	0.079915	0.28145	0.16964	0.14132	0.014216	0.16934	0.24038	0.40187	0.19533	0.025192	0.12679
0.12833	0.17198	-0.023056	0.16142	0.32352	0.11429	0.094684	0.22489	0.32022	0.28345	0.13331	0.13733	0.2737	0.25044	0.19196	0.24688	0.18604	0.24703	0.20018	0.21806	0.070208	0.036115	0.22864	1	0.17947	0.16791	0.2588	0.14343	0.27384	0.26431	0.18223	0.36343	0.14669	0.25287	0.18248	0.28227	0.21893	0.16475	0.20517	0.20701	0.17914	0.20634	0.17461	0.079694	0.13098	0.031723	0.091172	0.15072	0.12782	0.25024	0.092486	0.010846	0.1163	0.18592	0.14772	0.26622	0.26213	0.14544	0.10317	0.26969	0.17227	0.12512	0.28989	0.17865	0.1166	0.1164	0.1117	0.19832	0.22574	0.19737	0.34133	0.31773	0.27309	0.25522	0.018929	0.24139	0.047224	0.13795	0.17668	0.10469	0.28974	0.080494	0.10984	0.20829	0.11725	0.17692	0.03544	0.20441	0.30386	0.30573	0.14049	0.063253	0.19036	0.013621	0.17235	0.21466	0.21745	0.22758	0.065665	0.29019	0.1556	0.13367	0.14186	0.11469	0.30638	0.2333	0.26747	0.19118	0.27179	0.01782	0.05081	0.3662	0.3102	0.22469	0.26631	0.24136	0.25433	0.24602	0.23855	0.24025	0.15418	0.1912	0.345	0.15056	0.14905	0.18484	0.20379	0.19136	0.099947	0.20123	0.11871	0.057137	0.29767	0.11642	0.18099	0.17742	0.17243	0.16238	-0.12194	0.10033	0.24944	0.21662	0.12801	0.1195	0.20143
0.096543	0.43532	-0.030739	0.18715	0.22119	0.038048	0.089929	0.19889	0.28032	0.25111	0.1237	0.15789	0.14537	0.14932	0.18423	0.18405	0.22955	0.36777	0.20288	0.1742	0.081061	0.12731	0.24029	0.17947	1	0.2561	0.28089	0.13649	0.18375	0.28508	0.22995	0.17945	0.065815	0.21685	0.21575	0.23166	0.16363	0.17406	0.20257	0.21066	0.27798	0.14072	0.14056	0.049509	0.12272	0.11382	0.050674	0.21224	0.16825	0.19435	0.029505	0.075323	0.072197	0.15346	0.15295	0.15836	0.25824	0.12034	0.15487	0.19667	0.29674	0.077697	0.16337	0.12924	0.064474	0.18942	0.068539	0.30382	0.38377	0.25486	0.28768	0.26286	0.32307	0.26979	0.034639	0.25861	-0.041637	0.16805	0.1283	0.067545	0.22955	0.048822	0.11429	0.30859	0.13067	0.12377	0.14535	0.17367	0.2606	0.28196	0.059906	0.12287	0.25397	0.046931	0.10733	0.20009	0.19072	0.1335	0.039789	0.22353	0.11356	0.074249	0.25712	0.19542	0.15041	0.21705	0.25179	0.17829	0.20304	0.13001	0.17752	0.24965	0.31657	0.22264	0.30881	0.24971	0.25664	0.32169	0.22501	0.12619	0.14281	0.17688	0.29993	0.16573	0.11982	0.25978	0.17977	0.11334	0.034055	0.16034	0.19057	0.16527	0.25931	0.21848	0.0069712	0.16184	0.15997	0.14143	-0.023153	0.17001	0.092911	0.26003	0.21726	0.056539	0.16339
0.21309	0.37299	0.015396	0.20612	0.2291	0.0093945	0.11064	0.22952	0.35233	0.30169	0.074859	0.17211	0.14076	0.26857	0.21799	0.28133	0.15601	0.29627	0.23346	0.14606	0.052032	0.12233	0.15442	0.16791	0.2561	1	0.33652	0.30071	0.15124	0.39604	0.26172	0.21652	0.1978	0.32904	0.17109	0.18373	0.2276	0.20921	0.30126	0.12938	0.18869	0.18785	0.21874	0.096094	0.21079	0.090808	0.13548	0.14539	0.27391	0.13937	0.1471	0.13101	0.123	0.14806	0.27874	0.22537	0.32061	0.2151	0.14548	0.13191	0.27534	0.18492	0.21289	0.14888	0.28308	0.22727	0.1474	0.21932	0.2269	0.19689	0.31064	0.36081	0.32172	0.28731	0.11533	0.27304	0.09471	0.10773	0.2939	0.12821	0.27867	0.010468	0.1686	0.22171	0.18826	0.16644	0.1265	0.2907	0.33635	0.19894	0.099237	0.091252	0.26236	0.1543	0.16735	0.15673	0.25271	0.28523	0.26707	0.28719	0.094644	0.12701	0.23825	0.20081	0.26227	0.29831	0.2255	0.26616	0.18738	0.082738	0.14568	0.32478	0.30246	0.29835	0.38081	0.21315	0.33525	0.37957	0.26061	0.12291	0.18517	0.2951	0.29124	0.20388	0.18465	0.26979	0.25488	0.15744	0.048353	0.25396	0.19733	0.058194	0.30269	0.23776	0.14425	0.29188	0.051716	0.24436	0.057	0.23456	0.29613	0.31754	0.20135	-0.00044381	0.17522
0.45466	0.42214	0.017805	0.28168	0.51524	-0.0076309	0.17844	0.43619	0.60009	0.54134	0.43444	0.37829	0.42943	0.3639	0.37034	0.40238	0.41173	0.56993	0.34155	0.26607	0.018354	0.25141	0.52044	0.2588	0.28089	0.33652	1	0.32145	0.35058	0.84218	0.45264	0.37083	0.37128	0.51949	0.52789	0.31815	0.47078	0.25686	0.41105	0.28847	0.46219	0.31237	0.33901	0.19501	0.22564	0.2759	0.15691	0.2445	0.44489	0.3929	0.14292	0.31906	0.1791	0.37613	0.39184	0.39265	0.56582	0.35303	0.3758	0.46739	0.4389	0.33135	0.48752	0.22611	0.24244	0.3386	0.27934	0.54029	0.3616	0.33887	0.62857	0.67588	0.85238	0.50383	0.086008	0.52659	0.048718	0.30708	0.34523	0.25405	0.63047	0.26453	0.28322	0.6571	0.26387	0.1638	0.23687	0.40514	0.5934	0.37121	0.33811	0.24371	0.3659	0.1021	0.2863	0.41786	0.60788	0.41625	0.23578	0.46062	0.22683	0.20113	0.32696	0.18144	0.35809	0.50043	0.349	0.46353	0.39917	0.19248	0.37564	0.64134	0.58645	0.68787	0.61525	0.52095	0.51427	0.83055	0.58424	0.35232	0.21063	0.56081	0.67131	0.22492	0.36439	0.52579	0.45477	0.47789	0.091275	0.62289	0.40164	0.13618	0.52199	0.29746	0.13858	0.38498	0.26861	0.39705	0.0043166	0.25903	0.35595	0.77456	0.3509	0.059656	0.22017
0.23259	0.22105	0.093624	0.23435	0.31902	0.043443	0.07545	0.22691	0.30168	0.24087	0.054941	0.26637	0.27663	0.21418	0.23039	0.23421	0.23044	0.28298	0.22918	0.15487	-0.011103	0.080273	0.21312	0.14343	0.13649	0.30071	0.32145	1	0.23379	0.35149	0.24492	0.25616	0.13371	0.28749	0.3329	0.30176	0.20244	0.22984	0.23326	0.29637	0.13933	0.24979	0.22153	0.090051	0.22105	0.21275	0.024508	0.23658	0.2504	0.24673	0.080935	0.1694	0.16066	0.10767	0.24499	0.14495	0.28564	0.22599	0.23952	0.12376	0.29576	0.21603	0.3226	0.19446	0.063505	0.25319	0.14304	0.2918	0.23341	0.19445	0.28586	0.31008	0.26486	0.28727	-0.0044448	0.26984	0.019772	0.1679	0.2385	0.093148	0.28727	0.080856	0.28066	0.27134	0.12028	0.15557	0.068846	0.29813	0.28853	0.2268	0.13629	0.038724	0.45834	0.11806	0.23549	0.31418	0.28236	0.24681	0.23163	0.26758	0.042055	-0.015003	0.21996	0.27818	0.15522	0.23818	0.20896	0.23916	0.24248	0.086772	0.089046	0.26413	0.27273	0.30718	0.2647	0.24999	0.27482	0.30009	0.25776	0.17724	0.16357	0.25797	0.34029	0.277	0.27702	0.23048	0.3495	0.30621	0.091159	0.27884	0.22868	-0.061989	0.27834	0.10242	0.11197	0.32612	0.16263	0.1629	0.094995	0.22153	0.27977	0.2849	0.19833	-0.035065	0.29954
0.25007	0.33848	0.061252	0.12508	0.4013	0.017431	0.15322	0.27063	0.45338	0.40238	0.19591	0.28281	0.27753	0.30132	0.33032	0.33065	0.35521	0.31095	0.22136	0.1162	0.016297	0.18224	0.26578	0.27384	0.18375	0.15124	0.35058	0.23379	1	0.38122	0.2413	0.29651	0.34636	0.3818	0.34951	0.2515	0.27442	0.18675	0.2589	0.16748	0.36912	0.13282	0.33029	0.044332	0.16073	0.1724	0.090319	0.28096	0.38144	0.31776	0.14484	0.12485	0.11571	0.22737	0.20337	0.26585	0.35861	0.31863	0.26822	0.33385	0.29598	0.34388	0.30486	0.076674	0.15163	0.32953	0.19419	0.29662	0.30143	0.31051	0.35479	0.3916	0.33685	0.33208	0.014519	0.33373	-0.0056034	0.26912	0.26133	0.13343	0.3023	0.18849	0.14074	0.23822	0.17045	0.02328	0.13032	0.2518	0.38894	0.31368	0.21254	0.12037	0.25601	0.063017	0.16803	0.27269	0.32813	0.31965	0.20472	0.32473	0.2742	0.077525	0.15937	0.17142	0.27668	0.35743	0.28846	0.3692	0.29797	0.14419	0.25898	0.40082	0.35813	0.29747	0.36548	0.3271	0.3093	0.3854	0.33375	0.16514	0.18813	0.2931	0.39391	0.12391	0.24073	0.33262	0.26051	0.28287	0.07595	0.18892	0.20966	0.1097	0.33789	0.20174	0.1889	0.37847	0.1904	0.12603	0.13113	0.26682	0.21952	0.29744	0.26143	0.10739	0.2866
0.50557	0.43867	0.08972	0.29409	0.55223	0.039918	0.18553	0.43654	0.62064	0.53689	0.44585	0.35225	0.42069	0.35114	0.40594	0.36336	0.36449	0.55841	0.37453	0.27949	0.075062	0.23198	0.4776	0.26431	0.28508	0.39604	0.84218	0.35149	0.38122	1	0.42007	0.39	0.36234	0.59226	0.54273	0.29915	0.48198	0.3621	0.40895	0.30528	0.42009	0.29323	0.39272	0.18219	0.23482	0.29728	0.17246	0.25513	0.47265	0.35064	0.16682	0.33196	0.19291	0.44136	0.43942	0.42093	0.59702	0.36864	0.33008	0.47752	0.4054	0.33694	0.49916	0.25173	0.17802	0.35171	0.26518	0.53871	0.36759	0.31017	0.61802	0.69864	0.79069	0.51425	0.11342	0.54633	0.10287	0.30026	0.38126	0.19069	0.60904	0.27529	0.29746	0.60018	0.24904	0.16873	0.24971	0.44333	0.52211	0.36997	0.36272	0.22782	0.38773	0.085205	0.24487	0.41959	0.58587	0.42678	0.23316	0.44914	0.20398	0.20542	0.35927	0.29371	0.37511	0.49698	0.40112	0.41229	0.40511	0.17188	0.34429	0.64982	0.63141	0.70978	0.61052	0.52782	0.58048	0.8971	0.63279	0.31502	0.18011	0.51866	0.67846	0.21186	0.3858	0.55978	0.44905	0.46438	0.085801	0.51494	0.4019	0.15398	0.57184	0.27724	0.14758	0.40766	0.23013	0.32516	0.028134	0.2367	0.39407	0.82224	0.34186	0.12847	0.27793
0.23378	0.2324	0.014304	0.14796	0.31683	0.057879	0.16561	0.27274	0.42828	0.25673	0.23457	0.25023	0.24342	0.18693	0.35176	0.22657	0.26489	0.3301	0.26931	0.20135	-0.054976	0.13791	0.26592	0.18223	0.22995	0.26172	0.45264	0.24492	0.2413	0.42007	1	0.16939	0.20598	0.33259	0.35143	0.24525	0.25356	0.19522	0.31493	0.15674	0.32657	0.078266	0.1593	0.0015524	0.23489	0.17704	0.10675	0.23969	0.2728	0.25428	0.064753	0.17895	0.022456	0.18729	0.22041	0.22964	0.29198	0.26826	0.23615	0.33633	0.30528	0.21069	0.34128	0.22585	0.076055	0.25626	0.25102	0.28413	0.25096	0.16843	0.38961	0.39487	0.434	0.28552	0.061283	0.33556	0.0019934	0.21271	0.23645	0.17757	0.37822	0.1542	0.21481	0.31354	0.15667	0.15336	0.16029	0.29924	0.28212	0.18151	0.16709	0.19298	0.23101	0.058492	0.17575	0.22627	0.28736	0.23121	0.17263	0.24943	0.11832	0.12295	0.19656	0.12125	0.26743	0.34416	0.30851	0.38416	0.23375	-0.0070912	0.27908	0.42066	0.38316	0.30689	0.36001	0.27667	0.43144	0.41483	0.39007	0.11405	0.080918	0.32151	0.34554	0.14917	0.2044	0.44535	0.313	0.31465	0.0056682	0.23984	0.2902	0.18302	0.32221	0.237	0.086738	0.22776	0.11909	0.25341	0.034637	0.23221	0.092905	0.33509	0.1974	0.040811	0.21732
0.23211	0.28854	-0.02188	0.22363	0.28572	-0.028788	0.03919	0.23879	0.32619	0.16845	0.082432	0.23908	0.21945	0.24821	0.29081	0.21289	0.26578	0.27482	0.2212	0.21664	0.10399	0.15657	0.29622	0.36343	0.17945	0.21652	0.37083	0.25616	0.29651	0.39	0.16939	1	0.18646	0.27172	0.16748	0.25082	0.27226	0.044255	0.21194	0.1971	0.25639	0.20723	0.18085	0.18988	0.22696	0.1486	0.067432	0.16657	0.17514	0.059487	0.073536	0.048637	0.086793	0.1873	0.26901	0.22473	0.33233	0.17054	0.053876	0.25024	0.27619	0.32657	0.29373	0.18901	0.048964	0.18797	0.28815	0.1786	0.063559	0.18237	0.32571	0.30902	0.39101	0.35505	0.048643	0.30478	-0.046414	0.11269	0.16847	0.12278	0.34726	0.078938	0.1449	0.26067	0.11273	0.18945	0.082187	0.14077	0.37365	0.1861	0.16595	0.070177	0.2979	-0.013361	0.14515	0.24047	0.34466	0.28383	0.20508	0.33533	0.10683	-0.028347	0.11664	0.15918	0.20894	0.20663	0.22741	0.17851	0.26956	0.064987	0.11023	0.25248	0.2537	0.29492	0.30752	0.19628	0.26086	0.37445	0.29449	0.14024	0.16137	0.17168	0.37475	0.047018	0.21782	0.14739	0.26336	0.30382	0.16036	0.27679	0.22574	0.039787	0.25376	0.027889	0.084628	0.24914	0.26455	0.2179	-0.034342	0.067771	0.20436	0.32107	0.068595	0.12332	0.20648
0.20629	0.16581	0.046806	0.17861	0.27982	-0.015892	0.11179	0.14979	0.24439	0.32562	0.14885	0.089433	0.24733	0.17346	0.17983	0.12489	0.1364	0.2391	0.17216	0.17267	0.050924	0.23831	0.29336	0.14669	0.065815	0.1978	0.37128	0.13371	0.34636	0.36234	0.20598	0.18646	1	0.27566	0.2202	0.21192	0.19847	0.10783	0.09009	0.126	0.13384	0.12511	0.22745	0.22466	0.014412	0.087937	0.063162	0.17642	0.22326	0.17492	0.092895	0.13939	0.049646	0.17438	0.27235	0.1697	0.25588	0.090237	0.13485	0.23382	0.20336	0.25428	0.14203	0.18838	0.21861	0.26454	0.26124	0.18703	0.11249	0.13473	0.26344	0.27069	0.31945	0.2347	0.045145	0.1975	0.051399	0.12108	0.11117	0.11525	0.21465	0.11371	0.15264	0.23923	0.075854	0.057647	0.064408	0.20286	0.3259	0.18691	0.14653	0.13225	0.15377	0.029613	0.056686	0.18299	0.2507	0.21746	0.099447	0.20583	0.11533	0.0023963	0.19417	0.056525	0.16789	0.21578	0.16159	0.28688	0.25606	0.045084	0.10773	0.29566	0.25908	0.28418	0.27485	0.22766	0.19831	0.34194	0.23687	0.17102	0.087445	0.2712	0.28554	0.13409	0.12319	0.26962	0.17968	0.20239	-0.018194	0.22159	0.16267	0.12228	0.20822	0.2163	0.14728	0.1685	0.137	0.13199	0.098893	0.1618	0.10079	0.3281	0.14156	0.0022753	0.10317
0.40072	0.43263	0.054049	0.19995	0.52102	-0.084794	0.20967	0.41488	0.51251	0.42443	0.23139	0.37416	0.32015	0.3566	0.35913	0.38852	0.34246	0.41733	0.36359	0.16235	0.15911	0.33389	0.38991	0.25287	0.21685	0.32904	0.51949	0.28749	0.3818	0.59226	0.33259	0.27172	0.27566	1	0.36662	0.37627	0.336	0.31211	0.37713	0.26223	0.34709	0.32888	0.32722	0.13733	0.17005	0.24146	0.13894	0.25274	0.39337	0.26202	0.13912	0.23975	0.20669	0.37724	0.44049	0.33162	0.46693	0.38463	0.24849	0.33096	0.31302	0.28447	0.33913	0.25049	0.24338	0.33686	0.27539	0.41158	0.44	0.23468	0.47306	0.56737	0.46915	0.46785	0.067453	0.42857	0.11037	0.23595	0.32031	0.16572	0.48086	0.20942	0.28039	0.4451	0.19707	0.2078	0.18527	0.37913	0.40728	0.27661	0.33002	0.19869	0.30034	0.083039	0.32184	0.35854	0.4272	0.38024	0.22406	0.46336	0.33357	0.17195	0.34637	0.32733	0.27786	0.33992	0.3803	0.3467	0.37543	0.16469	0.37894	0.47984	0.48212	0.4492	0.46274	0.32995	0.42998	0.56031	0.47454	0.30921	0.20765	0.37999	0.49802	0.2729	0.30707	0.43251	0.40252	0.33521	0.042035	0.4076	0.28301	0.10699	0.4528	0.24784	0.21785	0.47639	0.20698	0.35509	0.032082	0.31586	0.26685	0.52093	0.26369	0.028274	0.24424
