1	0.081069	0.058336	-0.011093	0.14946	0.10669	-0.012224	0.15645	0.12483	0.16459	0.08696	0.15854	0.089362	0.068403	-0.0055934	0.10691	0.014336	0.045222	0.21924	0.015575	-0.070373	0.11373	0.1309	0.16497	0.099936	0.11903	0.1827	0.066208	0.20142	0.1075	0.071928	0.11088	0.034938	0.057643	0.098028	0.12479	0.0098472	0.12342	0.089099	0.05517	0.16903	-0.00637	-0.017052	0.10768	0.052718	0.023678	-0.056386	0.15366	0.078346	0.10217	0.0066146	0.048912	0.15126	-0.022591	0.069298	0.13567	0.10741	-0.061784	0.061431	0.049651	0.068495	0.10021	0.059942	0.11488	0.15844	0.060643	0.073466	0.090639	0.1263	0.11638	0.15539	0.13796	0.15584	0.11768	0.074308	0.11557	0.11083	0.049552	0.11556	0.17506	0.032972	0.17788	0.068144	0.16793	0.12518	0.093383	0.039161	0.059822	0.16254	0.079982	0.092825	0.11396	-0.016526	0.12701	0.14892	0.10203	0.16027	0.0951	0.12204	0.049049	0.066101	0.13337	0.13359	0.17701	0.14693	0.074877	0.18671	0.052991	-0.090983	0.07926	0.054339	0.14098	0.16418	0.092626	0.14485	0.012894	0.10961	0.17978	0.11273	0.11572	0.032033	0.14882	0.1605	0.093873	0.069553	0.16723	0.10896	0.066343	0.086834	-0.010217	0.068728	0.070122	0.07334	0.029446	0.044637	0.14046	0.080498	0.072296	0.14938	0.050402	0.063047	0.031144	0.13472	-0.022561	0.21913
0.081069	1	0.061834	0.12723	0.35554	-0.012344	0.12545	0.32407	0.26395	0.3012	0.26482	0.34809	0.097909	0.077878	0.22057	0.25748	0.13165	0.39665	0.32541	0.025244	0.18123	0.17538	0.30955	0.16168	0.35836	0.26531	0.29605	0.14712	0.069337	0.3475	0.23922	0.15393	0.12429	0.16225	0.22516	0.072318	0.11956	0.17469	-0.0079556	0.1237	0.33081	0.14365	0.13835	0.13249	0.067798	0.30919	0.26992	0.26444	0.30055	0.26041	0.066086	0.32298	0.19943	0.24609	0.081346	0.17147	0.29411	0.032838	0.2365	0.27691	0.26267	0.17166	0.18393	0.22117	0.16713	0.47437	0.082173	0.26925	0.2415	0.13878	0.31507	0.34015	0.31187	0.29606	0.044727	0.1813	-0.0077635	0.34721	0.25118	0.11433	0.17865	0.27988	0.24979	0.35925	0.30851	0.12589	0.10216	0.20087	0.33095	0.08536	0.19131	0.14837	0.10797	0.10548	0.09773	0.29143	0.17147	0.20924	0.12054	0.13225	0.2736	0.25769	0.26694	0.22494	0.24223	0.22281	0.28472	0.30785	0.014785	0.051816	0.27734	0.34579	0.411	0.33451	0.35148	0.21662	0.34361	0.37177	0.25455	0.11467	0.27501	0.43383	0.24028	0.14454	0.2352	0.26764	0.1715	0.15222	-0.070785	0.14736	0.28733	0.23519	0.28691	0.15415	0.11857	0.22169	0.068938	0.12236	0.099003	0.091789	-0.029544	0.23708	0.20379	0.095078	0.32636
0.058336	0.061834	1	0.10814	0.097475	-0.013231	-0.084647	0.088893	0.14126	0.10894	0.19795	0.043254	0.019033	-0.012693	0.14736	0.035483	0.0028993	0.17342	0.12653	0.012165	0.026385	0.061774	0.14726	0.033201	0.04733	-0.00020077	0.1695	0.08148	-0.098249	0.12054	-0.031947	0.021707	-0.050018	0.055436	0.1593	0.087372	0.084697	0.051743	0.014609	0.1532	0.090608	0.043808	0.16076	-0.086194	0.055834	0.034562	0.12182	-0.038265	0.0064913	0.047663	-0.031148	-0.013894	-0.016409	-0.0048119	0.053215	0.12364	0.029958	-0.052675	0.064489	0.14717	0.16584	-0.011523	0.099163	0.046631	-0.018651	-0.016166	-0.016657	0.14266	0.04963	0.11556	0.029356	0.040913	0.088364	-0.00037102	-0.02548	0.027789	-0.067863	0.015759	0.11968	0.048891	0.045618	0.046002	0.12387	0.16094	0.10431	0.027917	0.042234	0.19526	0.012338	0.02522	0.10242	0.11926	0.024443	-0.025445	0.13608	0.20693	0.096064	0.095014	0.005188	0.24443	0.045688	0.047475	0.098309	0.11012	0.047697	0.073125	0.12343	0.0057285	-0.050743	0.10592	0.0035427	0.020316	0.064043	0.10178	0.13121	0.063878	0.10398	0.11792	0.10064	0.015079	-0.043302	0.12044	0.11199	0.03173	0.024275	0.026157	0.13093	0.089112	0.011382	-0.040667	0.090017	0.066395	0.099237	-0.062156	-0.020489	-0.037044	-0.029707	0.13023	-0.035791	0.0054611	0.062304	0.036079	-0.050902	-0.069371	0.070474
-0.011093	0.12723	0.10814	1	0.14076	-0.042288	-0.078869	0.087236	0.13198	0.07546	0.10842	0.031725	0.038043	0.042683	0.027693	0.11539	0.049319	0.21555	0.15226	0.55728	0.097268	0.088886	0.15447	0.10384	0.028868	0.21234	0.17629	0.27046	-0.0092751	0.17522	0.16426	0.16916	0.015947	0.041645	0.21876	0.1403	0.072323	0.15544	-0.018821	0.43977	0.10421	0.036286	0.029443	0.023886	0.026598	0.043782	0.22626	0.20871	0.24945	0.16708	0.053211	0.15787	0.03387	-0.012731	-0.1354	0.11165	0.14467	0.3596	0.24479	0.23651	0.033216	0.21774	0.038792	0.15109	0.027789	0.083314	0.083954	0.16509	0.087203	0.10402	0.088453	0.12225	0.15523	0.15163	0.017908	0.098439	0.040031	0.15319	0.17922	0.047423	0.14704	0.037189	0.13567	0.16665	0.050503	0.14928	0.070761	0.03697	0.11157	0.12592	0.1073	0.092812	0.53048	-0.046818	0.10836	0.19531	0.21821	0.13463	-0.012737	0.18042	0.039999	0.066565	0.05971	0.16186	0.092133	0.14345	0.10573	0.15741	-0.026292	0.036986	0.23542	0.14026	0.18551	0.12116	0.11947	0.13212	0.16043	0.20353	0.23299	0.12027	0.139	0.20884	0.14881	0.11317	0.11731	0.20405	0.052486	0.10156	-0.0048156	0.08088	0.2153	0.13584	0.11124	0.055031	0.12053	0.089249	0.11336	0.1294	0.093576	0.10458	0.066692	0.13674	0.11553	-0.070167	0.18975
0.14946	0.35554	0.097475	0.14076	1	-0.03797	0.011418	0.32059	0.24881	0.30698	0.23907	0.20053	0.059308	0.073903	0.16424	0.33184	0.1517	0.27864	0.38248	0.057386	0.067631	0.25508	0.25456	0.28374	0.16612	0.25501	0.31121	0.25004	0.19446	0.30814	0.23028	0.32469	0.22576	0.35549	0.26533	0.12314	0.24787	0.28814	0.15143	0.12871	0.2712	0.055951	0.14536	0.22451	0.0082584	0.16759	0.16241	0.16695	0.30546	0.25571	0.21599	0.29122	0.21345	0.30761	0.12842	0.22889	0.38002	0.039328	0.30494	0.36117	0.21035	0.30276	0.2284	0.25789	0.14633	0.414	0.18758	0.20451	0.40224	0.16279	0.23232	0.21802	0.38024	0.27631	0.082621	0.13143	0.025327	0.22148	0.29352	0.20327	0.11491	0.30774	0.22069	0.29002	0.25892	0.11601	0.25334	0.2616	0.37903	0.21471	0.2256	0.19637	0.17429	0.148	0.064249	0.3097	0.26374	0.2598	0.16475	0.21749	0.24614	0.17995	0.22673	0.27135	0.23776	0.27885	0.26085	0.3164	-0.014002	0.11359	0.23243	0.25814	0.3082	0.27132	0.33858	0.1933	0.25507	0.31053	0.21846	0.26628	0.32157	0.34634	0.28527	0.15846	0.31662	0.34242	0.2988	0.14981	0.09211	0.11275	0.28594	0.21416	0.35305	0.20866	0.044347	0.37073	0.10617	0.26127	0.13062	0.22568	0.053988	0.20819	0.29399	0.15523	0.23478
0.10669	-0.012344	-0.013231	-0.042288	-0.03797	1	-0.053743	0.050629	0.11123	0.054208	0.097479	0.039238	-0.023863	0.052726	-0.01385	0.025229	0.038229	0.14391	0.047915	0.046267	0.042584	0.052053	0.059946	0.038171	0.033893	0.080076	0.058841	0.024683	0.0025932	0.079063	0.17885	0.019302	-0.019121	-0.019539	0.041006	-5.169e-005	-0.064913	0.030634	0.042489	-0.036276	0.0035888	0.055407	0.10112	0.042747	0.025789	0.032547	0.11812	-0.070407	0.086135	0.11151	0.078187	-0.089075	-0.037457	-0.023536	0.083413	0.082654	0.073865	-0.053754	0.10886	0.14638	0.12891	0.020502	0.1213	0.041896	-0.042212	0.053356	0.074093	0.13855	0.041678	0.15283	0.010482	0.078131	0.030919	0.13676	0.062329	0.013596	0.11797	-0.0049612	-0.094837	-0.047174	0.10461	0.023083	-0.1215	0.08431	-0.013074	0.038541	0.0073403	0.10414	-0.044861	-0.019494	0.078651	0.0034979	0.044054	0.12495	0.0513	0.053948	0.01574	-0.066518	-0.0050107	0.094497	-0.12106	0.14366	-0.0006344	0.12656	0.037863	0.077014	-0.018427	0.080435	0.015272	-0.033524	0.093352	0.088179	0.125	0.023079	0.13813	0.13235	0.10718	0.11633	0.034818	0.01939	0.10235	0.10871	0.071955	0.13342	-0.041693	0.10519	0.19369	0.097112	0.16036	0.01569	0.05907	0.10435	0.0056805	-0.10428	0.042152	-0.031133	-0.016731	0.14194	0.20646	-0.12513	0.063293	0.064956	-0.016324	0.016236	0.11815
-0.012224	0.12545	-0.084647	-0.078869	0.011418	-0.053743	1	0.34486	0.1544	0.19652	0.14797	0.38813	0.031537	-0.027251	9.4812e-005	0.059826	0.078481	0.045708	0.071797	-0.013436	0.04257	-0.10895	0.09368	0.037631	0.062062	0.13546	0.16508	-0.013196	0.071815	0.085372	-0.044331	0.04794	0.18378	0.09341	0.021913	0.039125	0.071758	0.00129	0.060475	0.10953	0.17542	-0.0086371	0.024709	0.083607	0.055282	0.26346	0.0062642	0.15433	0.085795	0.048474	0.025607	0.14029	0.22975	0.21503	0.16313	0.10431	0.073527	0.025929	-0.0052309	-0.04367	0.073527	0.11348	0.1017	0.098101	0.225	0.068427	0.094345	0.11962	0.18574	-0.06295	0.075951	0.097977	0.18949	0.014711	0.12324	0.15578	0.01235	0.15337	0.078984	-0.0057639	-0.1205	0.35405	0.21323	0.1509	0.25639	-0.027907	0.12669	0.069392	0.064437	0.1661	-0.088225	-0.048931	-0.0065592	0.14795	0.10815	0.023146	0.063076	0.013632	0.095577	-0.029726	0.092711	0.12138	0.2602	0.063603	0.083748	0.1211	0.13392	0.0070941	0.00079792	-0.0011639	0.22607	0.15141	0.11777	0.13461	0.14744	0.19641	0.085953	0.10247	0.027724	0.12084	0.17268	0.13661	0.026598	0.1987	0.22926	0.055681	0.00066838	0.0089803	-0.0052626	0.084083	0.097984	0.0093517	0.12603	0.15945	-0.077459	0.1436	0.0342	-0.019565	-0.039355	0.1799	0.048816	0.11525	0.033771	-0.032602	0.18265
0.15645	0.32407	0.088893	0.087236	0.32059	0.050629	0.34486	1	0.33146	0.313	0.25378	0.55146	0.11956	0.093	0.14551	0.19971	0.11428	0.34286	0.2697	0.098965	0.077181	0.013024	0.29879	0.11306	0.25508	0.19466	0.31634	0.23932	0.25333	0.36366	0.15494	0.19986	0.15522	0.21475	0.24792	0.058293	0.12834	0.15992	0.021809	0.17259	0.31594	0.05471	0.11186	0.057344	0.1262	0.39585	0.16737	0.38473	0.2746	0.2152	0.078129	0.30823	0.38118	0.25986	0.19068	0.23886	0.25433	-0.0021364	0.14753	0.24697	0.21092	0.169	0.28807	0.19312	0.29894	0.35464	0.20383	0.2655	0.37586	0.095809	0.32087	0.28676	0.40824	0.25402	0.13779	0.22511	0.022557	0.31276	0.29296	0.20915	0.063671	0.43661	0.28829	0.40259	0.41045	0.16288	0.19602	0.25442	0.2597	0.19951	0.11989	0.12122	0.076476	0.092167	0.21617	0.29126	0.27673	0.22289	-0.021235	0.12193	0.12756	0.26678	0.30172	0.28969	0.17504	0.2691	0.34803	0.14626	-0.13168	0.10465	0.35467	0.25429	0.39332	0.29585	0.4537	0.27239	0.32338	0.39095	0.26636	0.17946	0.19926	0.37464	0.29971	0.19913	0.45146	0.29928	0.13062	0.10583	-0.018218	0.14318	0.26299	0.11637	0.27745	0.22369	0.13782	0.25299	0.045547	0.14618	0.095823	0.13399	0.11388	0.22362	0.1194	0.069649	0.34182
0.12483	0.26395	0.14126	0.13198	0.24881	0.11123	0.1544	0.33146	1	0.3095	0.34566	0.35455	0.16768	0.17066	0.065185	0.19463	0.048262	0.4764	0.30074	0.10183	0.10675	0.15317	0.21838	0.17654	0.39948	0.22353	0.32019	0.17824	0.12871	0.41921	0.22395	0.35753	0.18867	0.16259	0.25563	0.10637	0.16177	0.26704	0.026139	0.090033	0.35366	0.017517	0.24556	0.12752	0.047813	0.2845	0.21379	0.3061	0.2973	0.26341	0.1189	0.24278	0.2359	0.13339	0.019539	0.36548	0.29463	0.015152	0.27831	0.38107	0.27531	0.18887	0.26999	0.31206	0.29896	0.24584	0.039218	0.41734	0.32626	0.2096	0.46511	0.56803	0.33003	0.2187	0.026181	0.26619	0.098478	0.31187	0.27213	0.16617	0.23073	0.26246	0.29356	0.38273	0.29409	0.2294	0.12707	0.3216	0.17767	0.16349	0.25479	0.22249	0.096011	0.14822	0.23973	0.31674	0.36001	0.15092	0.066148	0.29579	0.19223	0.21801	0.24737	0.23884	0.23307	0.28652	0.41877	0.30513	-0.031455	0.13834	0.28108	0.36913	0.47886	0.42315	0.41297	0.31967	0.45594	0.37545	0.36261	0.16755	0.22443	0.41522	0.34882	0.32599	0.29112	0.29533	0.18837	0.28104	0.10751	0.13271	0.33547	0.32718	0.29026	0.1788	0.01249	0.22342	0.031927	0.19835	0.14834	0.072414	0.15408	0.31497	0.18913	0.074027	0.22807
0.16459	0.3012	0.10894	0.07546	0.30698	0.054208	0.19652	0.313	0.3095	1	0.40504	0.29666	0.25332	0.042665	0.23588	0.39672	0.12282	0.44189	0.45462	0.14008	0.13371	0.096492	0.39659	0.20269	0.26752	0.26012	0.37197	0.11283	0.0483	0.33357	0.29556	0.23548	0.16373	0.18756	0.25578	0.2172	0.090967	0.33255	0.099413	0.11762	0.30505	0.14935	0.26924	0.074179	0.052015	0.24137	0.22909	0.28766	0.38433	0.35265	0.098104	0.36537	0.22554	0.18003	0.2396	0.43649	0.43664	0.036238	0.38171	0.36223	0.42276	0.251	0.38194	0.4141	0.15596	0.31925	0.099096	0.27706	0.31323	0.23954	0.3484	0.38579	0.38245	0.23404	0.076031	0.2341	0.11781	0.3887	0.43053	0.080901	0.30165	0.18367	0.25128	0.31929	0.21617	0.089721	0.15651	0.28761	0.27124	0.39209	0.23743	0.31636	0.099434	0.1196	0.11547	0.45061	0.39489	0.21807	0.025205	0.29453	0.3667	0.22241	0.13319	0.3323	0.24414	0.36744	0.36451	0.31926	0.077204	0.077565	0.24236	0.39294	0.4576	0.45619	0.46281	0.27413	0.4732	0.34215	0.47938	0.24189	0.29817	0.40559	0.42979	0.25824	0.32475	0.30784	0.28688	0.29074	0.12973	0.17646	0.37213	0.35494	0.34177	0.23814	0.084989	0.30985	0.094414	0.26802	0.16111	0.11441	-0.001794	0.30234	0.33266	0.041363	0.29533
0.08696	0.26482	0.19795	0.10842	0.23907	0.097479	0.14797	0.25378	0.34566	0.40504	1	0.30556	0.18775	0.072188	0.19177	0.34147	0.19391	0.43099	0.51616	0.077638	0.16846	0.1615	0.34351	0.29107	0.22602	0.19842	0.33584	0.19914	0.015456	0.38838	0.22331	0.26808	0.091823	0.15054	0.27167	0.11282	0.058636	0.31449	0.073641	0.1541	0.37998	0.11192	0.25747	0.084071	0.0042607	0.27224	0.26157	0.21507	0.37034	0.38475	0.057907	0.21802	0.22857	0.26585	0.13171	0.42153	0.40586	0.06684	0.32441	0.32569	0.43531	0.134	0.25097	0.33614	0.24001	0.252	0.066143	0.29971	0.25184	0.34809	0.28688	0.39683	0.31848	0.17753	0.024883	0.18667	0.068334	0.24832	0.34579	0.11754	0.29712	0.18603	0.21183	0.37441	0.2316	0.22843	0.14561	0.29651	0.23329	0.27213	0.16388	0.26697	0.12565	0.0973	0.17877	0.4681	0.34123	0.20215	0.021805	0.26152	0.2578	0.17628	0.24921	0.23076	0.26594	0.27134	0.31301	0.28714	0.016298	0.038207	0.26482	0.31765	0.41496	0.43532	0.40582	0.38153	0.44318	0.37824	0.36655	0.14265	0.32833	0.35809	0.39289	0.21345	0.34374	0.30133	0.31558	0.29473	0.17296	0.20697	0.39624	0.2733	0.30315	0.16616	0.033608	0.27709	0.16101	0.22738	0.18583	0.14767	0.19577	0.21435	0.27423	0.014691	0.28906
0.15854	0.34809	0.043254	0.031725	0.20053	0.039238	0.38813	0.55146	0.35455	0.29666	0.30556	1	0.07798	0.094486	0.068824	0.17626	0.030133	0.29367	0.27131	-0.0038402	0.16001	0.02769	0.23509	0.11701	0.29259	0.22843	0.38144	0.035384	0.15539	0.36219	0.14659	0.17797	0.24575	0.1997	0.11403	-0.022397	0.080372	0.16594	-0.048558	0.12511	0.29107	-0.016056	0.077587	0.081555	0.1052	0.42474	0.050413	0.30929	0.20555	0.26683	-0.008743	0.27054	0.32005	0.28489	0.21366	0.26828	0.21502	-0.00022872	0.11703	0.22498	0.2982	0.15691	0.18305	0.1972	0.33225	0.30638	0.18993	0.32344	0.17792	0.17527	0.36398	0.36013	0.39956	0.19351	0.12878	0.21953	0.016884	0.28805	0.22267	0.085772	0.081709	0.40143	0.32585	0.33687	0.33088	0.1281	0.20767	0.20864	0.25037	0.17032	0.1285	0.13641	0.016583	0.14392	0.18807	0.24659	0.26409	0.26353	0.11989	0.23679	0.099452	0.22173	0.29089	0.22126	0.17418	0.26091	0.32031	0.1616	-0.011724	-0.033796	0.33845	0.2824	0.39192	0.3189	0.37831	0.2137	0.31493	0.35154	0.29439	0.12669	0.23136	0.31258	0.28058	0.23618	0.46364	0.24492	0.15608	0.19258	0.055183	0.16554	0.27379	0.19965	0.25249	0.17927	0.087179	0.2692	0.046712	0.13575	0.085753	0.083613	0.076394	0.28131	0.12945	0.18537	0.32027
0.089362	0.097909	0.019033	0.038043	0.059308	-0.023863	0.031537	0.11956	0.16768	0.25332	0.18775	0.07798	1	0.13977	0.017826	0.16003	-0.0061123	0.21853	0.21411	-0.052762	0.10333	0.14008	0.15314	0.10766	0.14325	0.19105	0.20827	0.037978	0.094662	0.1655	0.11627	0.13803	0.15295	0.10037	0.16358	0.091549	0.047342	0.22598	0.1875	0.052353	0.14715	0.056351	0.1429	0.012508	-0.036701	0.11835	0.067033	0.19336	0.19492	0.15626	0.076155	0.13526	0.22451	0.057151	0.080402	0.16315	0.19556	0.053588	0.16154	0.19538	0.11036	0.13151	0.11179	0.12199	0.063941	0.075972	0.096497	0.1013	0.13606	0.11086	0.1191	0.22325	0.17456	0.1196	0.023226	0.081732	0.10451	0.20713	0.10103	0.16611	0.12389	0.13179	0.08174	0.22909	0.14145	0.15359	0.12864	0.11668	0.13123	0.15431	0.037625	0.12506	0.11587	-0.0017237	0.15164	0.18269	0.17488	0.10461	-0.03509	0.098243	0.13424	0.09723	0.076908	0.15698	0.13333	0.068065	0.13557	0.16347	0.077722	-0.037645	0.14779	0.15274	0.21319	0.20618	0.20314	0.22203	0.18012	0.14013	0.28645	0.093359	0.099533	0.23799	0.10638	0.18723	0.09115	0.2384	0.083041	0.086911	0.052147	0.12183	0.15246	0.1815	0.021839	0.13612	-0.0316	0.10446	-0.044443	0.16526	0.11959	0.078773	0.00047493	0.078777	0.096188	0.076211	0.073187
0.068403	0.077878	-0.012693	0.042683	0.073903	0.052726	-0.027251	0.093	0.17066	0.042665	0.072188	0.094486	0.13977	1	-0.02766	0.089113	-0.020821	0.016166	0.22719	0.048014	0.092864	0.12039	0.0059506	0.039838	0.15356	0.092378	0.14111	0.090952	0.11351	0.031739	0.068152	0.09212	0.11637	0.13381	0.10247	0.17104	0.0060829	0.13939	-0.035312	0.15993	0.14593	0.1331	0.19518	0.034551	0.22738	0.016902	0.05675	0.094652	0.19422	0.098626	0.010385	0.14656	0.13907	0.08841	0.047674	0.18224	0.14274	0.034218	0.17339	0.2306	0.072244	0.18781	0.10805	0.14988	0.075869	0.0046814	0.16421	0.10421	0.14068	0.069032	0.1008	0.15049	0.24312	0.11127	0.046773	0.06255	0.013611	0.0099413	0.018655	0.16263	0.22762	0.0035602	0.15451	0.20692	0.072283	0.095765	0.02806	0.17339	0.15409	0.053293	0.094424	0.090527	0.12751	-0.015517	0.022285	0.16603	0.099261	0.15625	0.11332	0.16035	0.14838	0.10095	0.17544	0.17212	-0.03896	0.17135	0.10458	0.081859	0.10502	0.059023	0.14457	0.19198	0.16598	0.077348	0.12927	0.12736	0.15228	0.1466	0.13124	0.10501	0.17034	0.1947	0.09442	0.17707	0.13144	0.25582	0.12202	0.10687	-0.078871	0.047031	0.11905	0.15208	0.040329	0.055035	0.068422	0.23144	-0.058131	0.146	0.13389	0.12434	0.11712	0.12017	0.024724	-0.029333	0.154
-0.0055934	0.22057	0.14736	0.027693	0.16424	-0.01385	9.4812e-005	0.14551	0.065185	0.23588	0.19177	0.068824	0.017826	-0.02766	1	0.20871	0.058938	0.20169	0.17929	0.090453	0.10463	0.098613	0.18556	0.11511	0.069548	0.12922	0.18597	0.18764	0.06049	0.1785	0.3498	0.20111	0.094036	0.010489	0.23659	0.10715	0.12198	0.16659	0.077229	0.11902	0.12181	0.051448	0.18265	0.023322	-0.097612	0.081637	0.073198	0.20128	0.20458	0.22172	0.068284	0.25064	-0.028613	0.09679	0.045186	0.26947	0.28582	-0.073126	0.18445	0.20996	0.25959	0.16044	0.18455	0.15341	0.0070224	0.16188	0.013335	0.21235	0.10085	0.22606	0.19565	0.22577	0.098841	0.15919	0.0043087	0.14863	0.11882	0.13442	0.23503	0.027462	0.16898	0.0088321	0.12465	0.20992	0.0091755	0.051744	0.031307	0.20494	0.24317	0.13702	0.18348	0.24877	0.050654	-0.0851	0.015552	0.16261	0.20409	0.15956	0.04128	0.15708	0.25723	0.086512	0.12847	0.2472	0.25253	0.16677	0.2007	0.26459	0.031861	-0.0059422	0.058686	0.11697	0.15136	0.237	0.2001	0.17519	0.21612	0.23118	0.20876	0.065141	0.043533	0.21541	0.27793	0.079098	0.087288	0.20444	0.30551	0.22546	0.089708	0.079679	0.20659	0.21196	0.13827	0.037547	-0.00023607	0.1751	0.13121	0.2115	0.042255	0.064248	-0.013462	0.17019	0.21625	0.05681	0.12323
0.10691	0.25748	0.035483	0.11539	0.33184	0.025229	0.059826	0.19971	0.19463	0.39672	0.34147	0.17626	0.16003	0.089113	0.20871	1	0.059255	0.33631	0.40372	0.17197	0.14419	0.14666	0.32484	0.27948	0.24889	0.26008	0.22485	0.1096	0.024203	0.30536	0.37116	0.25153	0.092264	0.1406	0.21825	0.13943	0.19362	0.29609	0.077994	0.11877	0.29981	0.05729	0.2066	0.22942	0.03551	0.22921	0.18838	0.29599	0.21829	0.34067	0.038509	0.28348	0.18377	0.17612	0.18324	0.45458	0.43306	0.052539	0.33828	0.39571	0.35882	0.30363	0.27407	0.36483	0.093699	0.19554	0.18478	0.12386	0.24527	0.19626	0.35779	0.33111	0.21362	0.20598	0.17226	0.17258	0.18631	0.25855	0.36772	0.19389	0.22964	0.10484	0.21462	0.25895	0.13144	0.14525	0.24643	0.34434	0.30794	0.18631	0.18585	0.15231	0.16571	0.012412	0.12549	0.56273	0.29452	0.21069	0.088699	0.30927	0.30244	0.13794	0.16112	0.29435	0.24084	0.24396	0.33109	0.34964	0.065523	0.18255	0.20524	0.33531	0.31087	0.41493	0.29118	0.21225	0.36893	0.28787	0.3471	0.19384	0.28215	0.26888	0.36213	0.17026	0.27885	0.33546	0.22896	0.26243	0.14749	0.16178	0.28733	0.25745	0.40026	0.10447	0.024662	0.24861	0.050568	0.21596	0.10851	0.096712	0.12149	0.22953	0.24038	0.1453	0.21479
0.014336	0.13165	0.0028993	0.049319	0.1517	0.038229	0.078481	0.11428	0.048262	0.12282	0.19391	0.030133	-0.0061123	-0.020821	0.058938	0.059255	1	0.078526	0.10776	0.067087	0.042223	-0.016524	0.092305	0.12544	-0.012371	0.15188	0.029213	0.12501	0.029473	0.034668	0.060514	0.066535	0.05667	0.14464	0.17766	0.067296	0.041115	0.087501	0.060871	0.018406	0.14515	0.16207	0.11841	0.059175	0.018707	0.021367	0.16114	-0.051502	0.10062	0.096012	0.046721	0.083828	0.071866	0.061276	-0.061773	0.053667	0.19956	0.024105	0.063044	0.12468	0.17742	0.1162	0.070892	0.097488	-0.029401	0.10349	0.047775	0.059335	0.11545	0.016562	0.02108	0.073486	0.028645	0.1527	0.10003	0.088065	0.053156	0.077912	0.13462	-0.037641	-0.012866	0.067305	0.13475	0.080577	0.1607	0.024614	0.044509	0.085945	0.11653	0.040747	-0.068782	-0.03125	0.046472	0.065428	0.056743	0.15076	0.12157	0.12574	0.0081427	0.0016155	0.069942	0.20957	0.080019	0.072685	0.10937	0.039458	0.019109	0.10094	-0.080979	0.020166	0.073398	0.056854	0.10862	0.074775	0.11024	0.099877	0.07536	0.035322	0.002481	0.051582	0.035387	0.012614	0.092769	0.1265	0.12184	0.061389	0.17552	0.040748	-0.053832	0.023269	0.10345	0.081062	0.088006	0.030733	-0.039936	0.044618	0.046221	0.10633	0.068966	0.049999	0.022196	0.0031874	0.14113	0.0128	0.23616
0.045222	0.39665	0.17342	0.21555	0.27864	0.14391	0.045708	0.34286	0.4764	0.44189	0.43099	0.29367	0.21853	0.016166	0.20169	0.33631	0.078526	1	0.47501	0.16747	0.16009	0.19549	0.45994	0.19658	0.25469	0.36486	0.40199	0.23752	0.058554	0.51086	0.37583	0.38141	0.22357	0.22933	0.41958	0.053165	0.085878	0.37594	0.070632	0.135	0.38505	0.070186	0.18608	0.06321	0.030692	0.27252	0.30374	0.28875	0.48054	0.49758	0.063909	0.35467	0.24401	0.17818	0.063619	0.42298	0.48754	-0.0068537	0.45361	0.51423	0.42523	0.21723	0.34329	0.36068	0.16755	0.361	0.080166	0.38863	0.33596	0.37893	0.51804	0.51282	0.36874	0.2619	0.10572	0.15804	0.13277	0.33427	0.40356	0.12001	0.31232	0.13453	0.18548	0.39813	0.21	0.22972	0.20026	0.318	0.25191	0.32163	0.31397	0.29988	0.21273	0.077911	0.22125	0.44151	0.39599	0.2739	0.14575	0.30453	0.29189	0.25449	0.29558	0.28893	0.23084	0.29446	0.50675	0.42397	-0.021528	0.12602	0.37991	0.47175	0.50726	0.51052	0.52537	0.40155	0.53564	0.45496	0.47523	0.20781	0.25056	0.49013	0.45682	0.26418	0.30309	0.37704	0.25072	0.32592	0.19228	0.27353	0.48506	0.36114	0.33302	0.20678	0.09487	0.22852	0.0048089	0.30739	0.19261	0.1536	0.065137	0.32105	0.23997	0.10576	0.28458
0.21924	0.32541	0.12653	0.15226	0.38248	0.047915	0.071797	0.2697	0.30074	0.45462	0.51616	0.27131	0.21411	0.22719	0.17929	0.40372	0.10776	0.47501	1	0.15741	0.090861	0.20704	0.41555	0.19319	0.31587	0.28871	0.49653	0.20227	0.050494	0.50305	0.35192	0.30464	0.22583	0.15255	0.27753	0.24088	0.17187	0.33363	0.092281	0.19203	0.32872	0.13115	0.29128	0.096408	-0.027993	0.24087	0.25405	0.29098	0.38513	0.45582	0.0244	0.35494	0.17452	0.22436	0.093231	0.50355	0.49583	0.019033	0.42469	0.43516	0.3689	0.21972	0.35064	0.39634	0.17429	0.33623	0.18854	0.3476	0.32845	0.31559	0.42347	0.40538	0.43604	0.25821	0.038529	0.20912	0.11889	0.2989	0.36616	0.22783	0.33984	0.17515	0.26056	0.44509	0.21086	0.18428	0.17196	0.33443	0.37685	0.31261	0.25901	0.29237	0.20614	0.14079	0.18774	0.46794	0.35158	0.2836	0.13553	0.38872	0.27361	0.31695	0.24597	0.30385	0.22991	0.36205	0.36021	0.3875	-0.039487	0.11351	0.31001	0.45921	0.51471	0.49267	0.42765	0.33981	0.48999	0.51283	0.44474	0.26958	0.21381	0.48456	0.45291	0.29257	0.36346	0.39747	0.24947	0.31197	0.1375	0.23623	0.37377	0.39214	0.3802	0.10581	0.077614	0.37103	0.11126	0.37274	0.14481	0.12577	0.13928	0.39918	0.29892	0.092838	0.30303
0.015575	0.025244	0.012165	0.55728	0.057386	0.046267	-0.013436	0.098965	0.10183	0.14008	0.077638	-0.0038402	-0.052762	0.048014	0.090453	0.17197	0.067087	0.16747	0.15741	1	0.051089	0.085064	0.05784	0.085741	-0.0010461	0.17326	0.09699	0.1728	0.017388	0.14715	0.13425	0.12693	0.05768	-0.020123	0.16407	0.070764	0.094563	0.19431	-0.0026994	0.30924	0.09748	0.053102	0.022688	-0.012421	-0.042689	0.10929	0.14808	0.1936	0.27133	0.088516	-0.018409	0.12825	0.091651	-0.019078	-0.14051	0.12581	0.14641	0.20551	0.13256	0.15672	0.024464	0.18817	0.08016	0.07099	0.071842	0.049171	0.049859	0.10195	0.21195	0.095364	0.081718	0.086321	0.10782	0.15481	0.038158	0.068978	0.0061415	0.065045	0.17164	0.032752	0.14063	0.039817	0.1191	0.073462	0.022475	0.15457	0.15411	0.1044	0.08884	0.092836	0.081081	0.0168	0.42522	0.010653	0.047991	0.18116	0.17838	0.12087	-0.045838	0.16515	-0.0024048	0.020473	0.051803	0.16787	0.085451	0.19019	0.10999	0.11638	-0.063908	0.067643	0.1935	0.095959	0.13091	0.072	0.12963	0.10556	0.18476	0.135	0.12877	0.11533	0.069244	0.18476	0.12401	0.090185	0.15051	0.10844	0.096787	0.14799	0.10968	-0.016156	0.12648	0.15237	0.14822	0.10815	0.19289	0.046726	0.19167	0.1422	0.04931	0.14974	0.031286	0.081161	0.11766	-0.083029	0.17663
-0.070373	0.18123	0.026385	0.097268	0.067631	0.042584	0.04257	0.077181	0.10675	0.13371	0.16846	0.16001	0.10333	0.092864	0.10463	0.14419	0.042223	0.16009	0.090861	0.051089	1	0.094526	0.039901	0.021325	0.19576	0.1001	0.089952	-0.093022	-0.058884	0.14245	0.094446	0.069661	0.053319	0.15638	0.20178	-0.002794	0.041965	0.24634	-0.052232	0.0021914	0.1147	0.1916	0.11498	-0.084953	0.039587	0.10594	0.056292	0.10059	0.12106	0.14612	0.0052459	0.1989	-0.022149	0.042492	0.070578	0.18245	0.14584	0.036847	0.09705	0.20986	0.075534	0.12291	0.037496	0.12228	0.16364	0.15153	0.040226	0.088599	0.048791	0.13312	0.10396	0.15985	0.15828	0.17114	0.079096	0.05539	0.051535	0.1077	0.079598	0.064343	0.10737	0.027158	0.097587	0.2073	0.097289	0.061634	0.069372	0.090392	0.092111	0.059424	0.023701	0.10654	0.010244	0.1116	0.12862	0.088664	0.051337	0.19108	0.06498	0.16698	0.14954	0.13034	0.040961	0.10509	0.03556	-0.067338	0.13481	0.17148	0.04318	-0.036141	0.20681	0.075352	0.078608	0.1159	0.088413	0.11149	0.1664	0.093435	0.20678	0.091212	0.062453	0.096644	0.11942	0.14373	0.085315	0.13213	0.10884	0.1766	0.057586	0.026843	0.13269	0.065388	0.19127	0.09195	0.0060082	0.0707	0.087321	0.11525	0.043329	0.079985	0.12608	0.084606	-0.017793	0.10199	0.097816
0.11373	0.17538	0.061774	0.088886	0.25508	0.052053	-0.10895	0.013024	0.15317	0.096492	0.1615	0.02769	0.14008	0.12039	0.098613	0.14666	-0.016524	0.19549	0.20704	0.085064	0.094526	1	0.12697	0.20232	0.0024138	0.096092	0.10426	0.096391	0.16524	0.097412	0.11779	0.23536	0.015082	0.056534	0.16162	0.11644	0.10328	0.18738	0.075414	0.096712	0.10351	0.062941	0.054832	0.0060086	-0.019339	0.057356	0.10174	-0.034315	0.24295	0.12708	0.082905	0.096662	0.028407	0.055433	0.046764	0.15527	0.18656	0.015645	0.075523	0.11123	0.099537	0.15908	0.12631	0.23061	-0.013172	0.1207	0.047387	0.1053	0.13051	0.13775	0.022455	0.035629	0.17857	0.18397	0.054387	0.07757	-0.012943	0.092962	0.1255	0.076461	0.14484	0.13738	0.041133	0.10772	0.076972	0.099338	0.038753	0.14797	0.12408	0.15623	0.2173	0.1379	0.17657	0.089707	0.16824	0.11124	0.1803	0.11424	0.066694	0.024052	0.16105	-0.038996	0.082707	0.13642	0.021473	0.06613	0.11423	0.21516	-0.064795	0.14966	0.040845	0.11825	0.1463	0.10772	0.13132	0.17298	0.21474	0.1397	0.13705	0.059294	0.19838	0.16443	0.17872	0.08848	0.078493	0.24633	0.1161	0.14383	0.077519	0.0096585	0.20166	0.19664	0.10113	-0.020886	0.012111	0.21202	0.0053435	0.062623	0.17833	0.053499	0.043786	0.00099326	0.15209	0.11704	0.099175
0.1309	0.30955	0.14726	0.15447	0.25456	0.059946	0.09368	0.29879	0.21838	0.39659	0.34351	0.23509	0.15314	0.0059506	0.18556	0.32484	0.092305	0.45994	0.41555	0.05784	0.039901	0.12697	1	0.20147	0.24136	0.30717	0.4206	0.23227	0.024306	0.43299	0.31173	0.26497	0.15144	0.23164	0.28553	0.17866	0.18914	0.28101	0.098824	0.16342	0.16269	0.011008	0.22879	0.15811	0.085067	0.17899	0.26821	0.17963	0.22816	0.38316	0.13848	0.34749	0.094177	0.25872	0.11456	0.41979	0.46508	0.10503	0.39262	0.37957	0.35907	0.1325	0.35664	0.30942	0.042593	0.22889	0.20552	0.25741	0.23795	0.25942	0.39169	0.32329	0.35068	0.256	0.082755	0.29829	0.13601	0.30128	0.37775	0.13371	0.30092	0.16314	0.22462	0.3759	0.18585	0.10676	0.19862	0.30618	0.39874	0.28807	0.26952	0.1952	0.14905	-0.039171	0.11817	0.3998	0.43806	0.26298	0.12088	0.3058	0.2465	0.21201	0.24766	0.23813	0.25948	0.29635	0.39462	0.31878	0.0096749	0.17137	0.19579	0.39895	0.55052	0.45621	0.4421	0.29532	0.46138	0.43627	0.48496	0.1808	0.24279	0.4385	0.45682	0.15051	0.27874	0.4002	0.19178	0.36332	0.10598	0.26229	0.36201	0.38507	0.36486	0.1738	0.10181	0.23342	0.093481	0.23365	0.19742	0.14723	0.008227	0.35998	0.28783	0.07981	0.27085
0.16497	0.16168	0.033201	0.10384	0.28374	0.038171	0.037631	0.11306	0.17654	0.20269	0.29107	0.11701	0.10766	0.039838	0.11511	0.27948	0.12544	0.19658	0.19319	0.085741	0.021325	0.20232	0.20147	1	0.12044	0.078771	0.13134	0.21233	0.1143	0.22544	0.22403	0.2467	0.19059	0.15519	0.20886	0.10843	0.056998	0.18634	0.11641	0.080542	0.20042	0.063462	0.21559	0.18264	-0.063471	0.083728	0.19079	0.14208	0.19074	0.18976	0.13191	0.2311	0.27293	0.081683	0.066823	0.18144	0.24828	0.011561	0.2077	0.26318	0.18256	0.23414	0.23813	0.21232	0.15148	0.16192	0.051695	0.17554	0.19536	0.16387	0.20206	0.21581	0.1827	0.13462	0.068055	0.11789	0.079131	0.095114	0.20583	0.026843	0.13204	0.18393	0.13449	0.21723	0.039	0.090818	0.20512	0.20533	0.24686	0.20997	0.22202	0.20007	0.059939	0.019895	0.086065	0.24049	0.19784	0.15264	0.025374	0.078316	0.11765	0.096742	0.16434	0.26358	0.26296	0.28726	0.17773	0.19685	-0.043035	0.17265	0.13726	0.21419	0.17041	0.19958	0.26105	0.20078	0.18837	0.17428	0.15425	0.044574	0.29359	0.19178	0.19756	0.10036	0.27028	0.26287	0.23289	0.19288	0.050382	0.090536	0.22718	0.18726	0.2581	0.14925	0.20405	0.18397	0.020479	0.16646	0.12538	0.11444	-0.037715	0.059224	0.16749	-0.00068729	0.22174
0.099936	0.35836	0.04733	0.028868	0.16612	0.033893	0.062062	0.25508	0.39948	0.26752	0.22602	0.29259	0.14325	0.15356	0.069548	0.24889	-0.012371	0.25469	0.31587	-0.0010461	0.19576	0.0024138	0.24136	0.12044	1	0.20058	0.30649	0.11651	0.061701	0.32869	0.19042	0.20149	0.23214	0.11163	0.19355	0.078254	0.10047	0.18709	0.067099	0.093408	0.24501	0.047191	0.23561	0.13582	0.085267	0.26436	0.13528	0.22317	0.22365	0.18173	-0.025332	0.23266	0.14103	0.10795	0.10364	0.28548	0.29612	0.038964	0.33984	0.26527	0.23879	0.14852	0.24147	0.23192	0.20108	0.36977	0.051908	0.20892	0.20951	0.16456	0.36049	0.33461	0.26287	0.2132	-0.011152	0.22572	0.079755	0.23299	0.24729	0.055135	0.12131	0.22999	0.19924	0.33128	0.23499	0.051645	0.18439	0.21586	0.22063	0.095897	0.20478	0.26115	-0.019627	0.098943	0.10455	0.25454	0.19204	0.15723	0.12298	0.20094	0.25335	0.31129	0.22717	0.19535	0.19157	0.19998	0.21056	0.22061	0.029287	0.1015	0.24557	0.31852	0.36599	0.32635	0.34026	0.17516	0.38066	0.33398	0.32969	0.10681	0.21745	0.33588	0.28023	0.13188	0.19929	0.29011	0.10296	0.20943	0.087774	0.19072	0.20672	0.19183	0.33467	0.11454	0.079105	0.21355	0.12322	0.23479	0.026438	0.076406	0.13368	0.30927	0.095621	0.10899	0.27428
0.11903	0.26531	-0.00020077	0.21234	0.25501	0.080076	0.13546	0.19466	0.22353	0.26012	0.19842	0.22843	0.19105	0.092378	0.12922	0.26008	0.15188	0.36486	0.28871	0.17326	0.1001	0.096092	0.30717	0.078771	0.20058	1	0.2874	0.16745	0.072024	0.30796	0.22497	0.32318	0.26344	0.12409	0.26477	0.092548	0.15907	0.35781	0.052397	0.2076	0.30276	0.019798	0.16645	0.11943	0.090849	0.16924	0.21843	0.22842	0.21995	0.3118	-0.030544	0.20153	0.1414	0.19549	0.070893	0.34711	0.27074	0.12994	0.37072	0.33656	0.30183	0.15534	0.11574	0.26447	0.1606	0.15073	0.18527	0.16848	0.26494	0.18134	0.31085	0.2437	0.36617	0.28425	0.084142	0.12601	0.15818	0.26324	0.3245	0.17741	0.24379	0.14322	0.12852	0.24729	0.14994	0.22293	0.24161	0.14319	0.28089	0.23621	0.21404	0.15602	0.25135	0.087046	0.17782	0.30067	0.2653	0.17936	0.22498	0.23905	0.19654	0.1728	0.17498	0.248	0.20823	0.31339	0.24532	0.32145	-0.0080986	0.10031	0.19526	0.26945	0.32418	0.28278	0.29229	0.1377	0.24198	0.26279	0.31454	0.1688	0.30958	0.29448	0.27749	0.23745	0.16407	0.31956	0.19158	0.15776	0.10401	0.19763	0.24751	0.24649	0.25449	0.15001	0.12553	0.24557	0.052799	0.29983	0.1858	0.21234	0.15451	0.27553	0.22407	0.08302	0.21806
0.1827	0.29605	0.1695	0.17629	0.31121	0.058841	0.16508	0.31634	0.32019	0.37197	0.33584	0.38144	0.20827	0.14111	0.18597	0.22485	0.029213	0.40199	0.49653	0.09699	0.089952	0.10426	0.4206	0.13134	0.30649	0.2874	1	0.13157	0.084415	0.69355	0.30234	0.34097	0.30035	0.21216	0.25813	0.1449	0.17751	0.23192	0.074849	0.11516	0.33349	0.13222	0.2543	0.14366	0.12537	0.33856	0.16183	0.31553	0.32049	0.36457	0.00842	0.35984	0.21193	0.22702	0.087947	0.44359	0.40789	-0.0024206	0.41923	0.41346	0.33585	0.18342	0.33886	0.26323	0.18025	0.29018	0.16963	0.36335	0.23723	0.29847	0.32742	0.41766	0.69668	0.19901	0.12088	0.23395	0.13977	0.28348	0.38833	0.15884	0.33059	0.28434	0.23506	0.41541	0.15798	0.084718	0.23112	0.22791	0.37098	0.34369	0.23664	0.25607	0.1782	0.14587	0.29789	0.35292	0.47134	0.24923	0.063506	0.35717	0.33495	0.23602	0.26056	0.25592	0.18777	0.37602	0.33689	0.29006	0.10001	0.079446	0.24579	0.41065	0.4982	0.38155	0.41345	0.36234	0.44455	0.73217	0.47	0.14815	0.20574	0.45392	0.44583	0.18174	0.32892	0.35789	0.25368	0.31921	0.17298	0.51872	0.40124	0.27462	0.33153	0.19117	0.13141	0.35452	0.092794	0.33357	0.1734	0.064961	0.22086	0.58866	0.16938	0.08401	0.24961
0.066208	0.14712	0.08148	0.27046	0.25004	0.024683	-0.013196	0.23932	0.17824	0.11283	0.19914	0.035384	0.037978	0.090952	0.18764	0.1096	0.12501	0.23752	0.20227	0.1728	-0.093022	0.096391	0.23227	0.21233	0.11651	0.16745	0.13157	1	0.074406	0.12136	0.20847	0.16781	0.14331	0.1458	0.15693	0.1086	0.057706	0.10786	0.027877	0.3501	0.10634	0.091909	0.054943	0.071028	-0.0039948	0.076163	0.22863	0.16857	0.22354	0.15899	0.18406	0.088151	0.087476	0.11189	-0.020023	0.11447	0.22759	0.12659	0.14748	0.18101	0.18987	0.1502	0.16342	0.11428	0.071111	0.14604	0.054106	0.083378	0.14913	0.09869	0.1543	0.2102	0.077741	0.18897	-0.075724	0.11351	0.091639	0.17052	0.16141	0.077425	0.1683	0.15542	0.1032	0.17942	0.13055	0.043879	0.12832	0.088374	0.15729	0.095807	0.12428	0.093551	0.23349	-0.034845	0.024278	0.17457	0.14201	0.16173	0.036251	0.18453	0.073414	0.077588	0.1124	0.14272	0.11511	0.20818	0.11467	0.14566	-0.023651	0.060099	0.15378	0.10688	0.13289	0.070893	0.20809	0.090231	0.17517	0.16279	0.1239	0.11953	0.16106	0.23232	0.1261	0.14393	0.12874	0.26551	0.1387	0.082067	0.02284	0.042302	0.1411	0.19618	0.10077	0.15893	0.12254	0.18854	0.1267	0.19752	0.0063783	0.094289	0.031065	0.10215	0.13108	0.018491	0.21364
0.20142	0.069337	-0.098249	-0.0092751	0.19446	0.0025932	0.071815	0.25333	0.12871	0.0483	0.015456	0.15539	0.094662	0.11351	0.06049	0.024203	0.029473	0.058554	0.050494	0.017388	-0.058884	0.16524	0.024306	0.1143	0.061701	0.072024	0.084415	0.074406	1	0.064608	0.10732	0.11293	0.060069	0.097398	0.066874	-0.056514	0.0741	0.061464	0.12854	-0.022474	0.16672	0.017967	0.013822	0.035876	-0.021729	0.11097	-0.055664	0.087915	0.1231	-0.0067562	0.11913	0.01937	0.090985	0.10654	0.11085	0.056298	0.072128	0.014633	0.059636	0.16185	0.037726	0.04623	0.04088	0.028473	0.10419	0.15289	0.13271	0.039492	0.20157	0.019084	0.051685	0.051803	0.11021	0.056831	0.037032	0.034483	-0.076791	0.040047	0.060944	0.10953	0.030973	0.18382	0.0036221	0.099828	0.14448	0.031669	0.16749	0.056705	0.1999	0.0594	0.030471	0.086606	0.045017	-0.048038	0.029231	-0.037905	0.070701	0.17865	0.10787	0.058999	0.044622	0.053153	0.04547	0.12053	0.19277	0.16493	0.040601	0.061954	0.0038459	-0.06338	-0.047665	0.030236	0.11554	-0.016321	0.10577	-0.0038296	0.045251	0.050702	-0.02156	0.058947	-0.00097262	0.11289	0.038258	0.11938	0.19759	0.13141	-0.0068141	-0.0052102	0.030204	0.013432	0.07819	-0.047253	-0.011408	0.071037	0.082623	0.2085	0.01482	0.024161	0.022414	0.13562	0.069643	0.010523	0.10486	-0.015952	0.066304
0.1075	0.3475	0.12054	0.17522	0.30814	0.079063	0.085372	0.36366	0.41921	0.33357	0.38838	0.36219	0.1655	0.031739	0.1785	0.30536	0.034668	0.51086	0.50305	0.14715	0.14245	0.097412	0.43299	0.22544	0.32869	0.30796	0.69355	0.12136	0.064608	1	0.33586	0.37686	0.23272	0.18032	0.29638	0.019197	0.21269	0.23307	0.06917	0.078139	0.33282	0.12833	0.21032	0.12119	0.11419	0.29961	0.25945	0.33799	0.36909	0.40661	0.035995	0.38557	0.21642	0.2214	0.12562	0.47482	0.41497	-0.0054873	0.46911	0.46313	0.3538	0.21745	0.3686	0.27718	0.18765	0.35638	0.060838	0.37359	0.29625	0.32595	0.4572	0.49128	0.63416	0.28984	0.15855	0.2969	0.13988	0.30863	0.47856	0.17384	0.40113	0.2318	0.20502	0.44686	0.21414	0.18227	0.16325	0.24993	0.37002	0.29406	0.30078	0.22839	0.1831	0.12611	0.23695	0.3656	0.44738	0.30178	0.060683	0.33128	0.3263	0.19071	0.2629	0.31309	0.25124	0.33179	0.43356	0.34967	-0.01999	0.058898	0.25001	0.45608	0.59218	0.48078	0.47193	0.369	0.51746	0.76158	0.52443	0.13071	0.21787	0.52987	0.45535	0.19674	0.36352	0.36777	0.21774	0.30296	0.16358	0.39372	0.40824	0.24293	0.42638	0.14502	0.09514	0.24423	0.069667	0.3635	0.167	0.031587	0.14475	0.57943	0.20386	0.087302	0.25797
0.071928	0.23922	-0.031947	0.16426	0.23028	0.17885	-0.044331	0.15494	0.22395	0.29556	0.22331	0.14659	0.11627	0.068152	0.3498	0.37116	0.060514	0.37583	0.35192	0.13425	0.094446	0.11779	0.31173	0.22403	0.19042	0.22497	0.30234	0.20847	0.10732	0.33586	1	0.34757	0.12504	0.17442	0.43483	0.17626	0.070984	0.36815	0.14205	0.080115	0.24507	0.034218	0.23007	0.11933	0.054243	0.12846	0.283	0.2455	0.26913	0.36007	-0.032042	0.27041	0.11621	0.16087	0.097381	0.37653	0.3549	0.060478	0.39176	0.40199	0.35746	0.20245	0.22387	0.40051	0.048141	0.19907	0.092959	0.22213	0.26833	0.24332	0.38003	0.45901	0.23298	0.29039	0.053118	0.17052	0.0962	0.13102	0.23398	0.17353	0.29485	0.048193	0.1038	0.20943	0.053466	0.12892	0.072226	0.22217	0.24077	0.17213	0.27596	0.27724	0.16352	-0.014109	0.17591	0.33348	0.35947	0.21764	0.079466	0.30308	0.20917	0.14407	0.082433	0.31138	0.28857	0.27833	0.24252	0.47941	0.081871	0.043324	0.12329	0.28999	0.33028	0.28509	0.33745	0.20738	0.3406	0.34701	0.29787	0.0077406	0.25136	0.25889	0.38398	0.23547	0.17595	0.33776	0.30501	0.38684	0.089798	0.2336	0.38334	0.38718	0.29229	0.087061	0.16709	0.20987	0.18483	0.2696	0.15397	0.04755	0.038165	0.29104	0.19615	0.16124	0.17681
0.11088	0.15393	0.021707	0.16916	0.32469	0.019302	0.04794	0.19986	0.35753	0.23548	0.26808	0.17797	0.13803	0.09212	0.20111	0.25153	0.066535	0.38141	0.30464	0.12693	0.069661	0.23536	0.26497	0.2467	0.20149	0.32318	0.34097	0.16781	0.11293	0.37686	0.34757	1	0.24111	0.1031	0.24259	0.20378	0.18828	0.21737	0.14954	0.12757	0.3538	0.095466	0.22877	0.2557	0.049468	0.098838	0.19904	0.26004	0.27462	0.33571	0.032178	0.25206	0.15691	0.15706	0.051976	0.31616	0.29689	0.038322	0.33923	0.30392	0.22697	0.27614	0.20246	0.23573	0.13375	0.16108	0.18845	0.18994	0.19887	0.22317	0.3088	0.30835	0.37464	0.27274	-0.0073951	0.21978	0.16325	0.15618	0.27974	0.1635	0.23412	0.13969	0.17096	0.25314	0.15723	0.15555	0.19226	0.20737	0.26309	0.269	0.30319	0.25909	0.14799	0.023134	0.24432	0.28691	0.41207	0.24608	0.089909	0.26063	0.23237	0.17702	0.19945	0.22509	0.25942	0.22193	0.25527	0.32617	0.021403	0.079285	0.20835	0.29859	0.28947	0.2855	0.29621	0.22429	0.28995	0.37547	0.26345	0.13811	0.30203	0.31992	0.36594	0.25494	0.2258	0.33855	0.20404	0.23001	0.10137	0.27184	0.34482	0.2541	0.2827	0.1602	-0.02346	0.23346	0.10803	0.3455	0.1419	0.12426	0.1713	0.28256	0.18473	0.1575	0.16064
0.034938	0.12429	-0.050018	0.015947	0.22576	-0.019121	0.18378	0.15522	0.18867	0.16373	0.091823	0.24575	0.15295	0.11637	0.094036	0.092264	0.05667	0.22357	0.22583	0.05768	0.053319	0.015082	0.15144	0.19059	0.23214	0.26344	0.30035	0.14331	0.060069	0.23272	0.12504	0.24111	1	0.25285	0.11924	0.035012	0.072273	0.15701	-0.0084645	0.043648	0.13331	0.0021615	0.064952	0.11465	0.045862	0.09134	0.010785	0.098097	0.26749	0.13057	0.010374	0.15842	0.16172	0.071304	0.039926	0.14686	0.18336	-0.0089109	0.082256	0.16751	0.12662	0.17097	0.11569	0.081949	0.20348	0.12027	0.053413	0.22419	0.12488	0.030574	0.1692	0.12569	0.27125	0.13365	0.12765	0.058635	0.090932	0.15867	0.18451	0.12019	0.01884	0.1784	0.13503	0.22049	0.13346	0.038762	0.23791	0.14199	0.21694	0.11463	0.050049	0.16726	0.015768	0.19234	0.15994	0.1141	0.21212	0.13601	0.081424	0.13564	0.14166	0.14653	0.24886	0.13217	0.14101	0.11252	0.26218	0.21337	0.080488	0.023339	0.21307	0.14661	0.22187	0.12337	0.20873	0.11417	0.25719	0.25458	0.21159	0.21352	0.15119	0.18014	0.17579	0.07989	0.2017	0.19408	0.143	0.15161	0.094424	0.21035	0.10727	0.18258	0.10443	0.089526	0.0866	0.27788	0.051952	0.10038	0.022107	0.22435	0.021484	0.17945	0.044357	0.2008	0.17117
