1	0.24843	0.08512	0.17057	0.23206	-0.027207	0.074584	0.086206	0.071462	0.15175	0.20893	0.18172	0.14099	0.097321	0.20628	0.10871	0.14594	0.02584	0.17298	0.10608	0.14853	0.17108	0.081195	0.092102	0.11813	0.088964	0.094983	0.18587	0.17815	0.21688	0.19113	0.2489	0.15132	0.24733	0.10254	0.21166	0.066578	0.25166	0.11231	0.17181	0.03385	0.052882	0.14933	0.21768	0.10335	0.082368	0.22185	0.077205	0.15618	0.10763	0.097496	0.17952	0.10442	0.054914	0.093662	0.098683	0.060158	0.085707	0.17193	0.05559	0.19413	0.23459	0.23086	0.082996	0.15366	0.021966	0.11011	0.088027	0.10554	0.06134	0.1465	0.13518	0.23529	0.19462	0.11173	0.16847	0.076701	0.16895	0.10728	0.15524	0.14059	0.19138	0.18783	0.16264	0.083044	0.15205	0.17071	0.11136	0.046798	0.041545	0.2478	0.17214	0.03181	0.26421	0.18479	0.10516	0.16506	0.15879	0.13455	0.18476	0.12443	0.1648	0.10196	0.24179	0.11737	-0.020961	0.19649	0.12788	0.022643	0.1185	0.18605	0.17264	0.24406	0.17464	0.27935	0.19475	0.15144	0.19813	0.092939	0.22456	0.15909	0.20757	0.14846	0.1371	0.18642	0.063922	0.11321	0.14428	0.15569	0.11429	0.13431	-0.021223	0.10928	0.18727	0.15859	0.10883	0.047742	0.074561	0.10456	0.1311	0.2443	0.059323	0.16627	0.2132	0.057588	0.098927	0.15113	0.099007	0.25543	0.013843	-0.033266	0.082974	0.1947	0.014148	0.1727	0.20981	0.18346	0.21525	0.1913	0.16142	0.0068955	0.13252	0.1948	0.31847	0.23326	0.14971	0.054291	0.16733	0.098776	0.17602	0.13892	0.10816	0.19433	0.1416	0.089444	0.15957	0.043906	-0.075787	0.21954	0.22726	0.21191	0.22009	0.12459	0.13572	0.15609
0.24843	1	0.094108	0.22538	0.18157	0.040132	0.099731	0.090547	0.096686	0.24096	0.18226	0.2936	0.20374	0.11465	0.33302	0.21492	0.18156	0.051413	0.18037	0.076273	0.22428	0.1911	0.099048	0.099613	0.18313	0.19274	0.1756	0.18602	0.20062	0.70598	0.20711	0.42733	0.17786	0.41419	0.094103	0.24287	0.044683	0.41304	0.15274	0.22731	0.17142	0.088661	0.22267	0.21335	0.14147	0.18728	0.38552	0.13505	0.26885	0.15201	0.24328	0.36803	0.27756	0.17599	0.082362	0.12775	0.32212	0.11722	0.34341	0.14159	0.17267	0.24845	0.23807	0.071807	0.22733	0.19492	0.13492	0.1135	0.053915	0.11855	0.22152	0.10103	0.31458	0.19412	0.095817	0.18403	0.059773	0.14886	0.28424	0.29616	0.1003	0.27349	0.4911	0.21068	0.15866	0.26765	0.21839	0.22216	0.11514	0.13442	0.39249	0.24568	0.10242	0.37428	0.23148	0.059375	0.22076	0.2815	0.13703	0.23249	0.12011	0.2822	0.10388	0.29592	0.22065	0.066436	0.34305	0.1296	0.28385	0.159	0.20024	0.15464	0.22685	0.10534	0.29377	0.24263	0.20451	0.25984	0.09941	0.4203	0.13141	0.26801	0.12617	0.23449	0.27671	0.18931	0.097074	0.12576	0.18322	0.13889	0.12121	0.058311	0.27255	0.33345	0.26001	0.10957	0.081629	0.18605	0.11936	0.2943	0.38689	0.16498	0.43435	0.27596	0.13654	0.18636	0.27143	0.15336	0.38524	0.2482	0.089703	0.15204	0.22541	0.080301	0.16079	0.38148	0.24667	0.20325	0.24166	0.17884	0.063755	0.1919	0.3308	0.27873	0.35789	0.26194	0.11248	0.28629	0.10836	0.26239	0.25711	0.15505	0.22885	0.11531	0.093675	0.1929	0.15237	0.035404	0.29186	0.36098	0.37186	0.19404	0.21857	0.15676	0.19826
0.08512	0.094108	1	-0.001109	0.14115	0.0062626	0.069873	0.048647	0.0053982	0.031641	0.13435	0.069937	0.075433	0.059803	0.10807	0.053783	0.042725	-0.035844	0.097592	0.079411	0.040705	0.076718	-0.061859	-0.00023667	0.12121	0.078322	0.096571	0.07552	0.057918	0.12657	0.14025	0.047461	0.026219	0.11315	0.086822	0.095596	0.015736	0.15808	-0.014875	0.049016	-0.01321	-0.064099	0.1036	0.093278	0.058094	0.079767	0.15255	0.093461	0.019629	0.047028	0.094407	0.12185	0.11937	0.042939	-0.027008	0.065381	0.086322	0.036188	0.087365	0.12168	-0.0051611	0.10828	0.05861	0.059581	-0.050179	0.032216	0.069835	0.036286	0.079094	0.015464	0.079098	0.033203	0.12484	0.066354	0.13772	0.14642	0.060782	0.065743	0.091987	0.14954	0.14376	0.057933	0.047355	0.00035554	0.074323	0.10539	0.085077	0.046329	-0.015651	0.023442	0.12484	0.097671	-0.015015	0.10123	0.092424	0.015284	-0.015048	-0.018223	0.023369	0.056632	0.040276	0.088754	0.0055137	0.096054	0.0062758	0.019374	0.14295	0.10776	0.093168	0.069384	0.050536	-0.0045326	0.040936	0.016875	0.075809	-0.018391	0.048415	-0.00046679	0.045932	0.14338	0.018755	0.14173	0.055404	0.031154	0.14157	0.030385	-0.0073705	0.13142	0.031829	0.033264	0.094598	0.0039303	0.10549	0.10794	0.15472	0.01439	0.082673	0.050113	0.056067	0.11276	0.018313	0.1332	0.080476	0.088979	0.065626	0.00097318	0.12883	0.039533	0.15283	0.061296	0.045684	0.032883	0.13674	0.091587	-0.008887	0.072602	0.059406	0.03368	0.075305	0.010868	0.020876	0.068419	0.063295	0.14022	0.069391	0.034056	0.091526	0.10732	-0.00046536	0.11015	0.080185	0.016983	0.13555	0.060065	0.03613	0.059716	0.086124	-0.022613	0.2774	0.12122	0.13359	0.056075	0.073882	0.098803	0.10758
0.17057	0.22538	-0.001109	1	0.079071	0.061854	0.076308	0.13185	0.067014	0.12773	0.1283	0.12633	0.11289	0.14551	0.14444	0.031689	0.11125	-0.0069868	0.12736	0.0077082	0.10482	0.10232	0.16056	0.010825	0.097032	0.092763	0.03868	0.13411	0.16264	0.22864	0.14002	0.13938	0.14442	0.15561	0.11414	0.068051	0.11911	0.16704	0.10841	0.17862	0.12208	-0.059928	0.056749	0.14495	0.048938	0.19692	0.062912	0.034989	0.16308	0.11576	0.035555	0.1172	0.085966	0.14518	-0.018185	0.12623	0.064837	0.074069	0.11591	0.12565	0.108	0.072109	0.13368	0.039493	0.1196	0.039487	0.10791	0.14689	0.15695	0.082679	0.16095	0.079289	0.136	0.079357	0.091547	0.09588	0.11717	0.21544	0.046215	0.13478	0.12989	0.089533	0.21116	0.0048601	0.013342	0.074149	0.13893	0.03349	0.050205	0.10404	0.16412	0.17416	-0.0034674	0.11162	0.095418	0.047668	0.080095	0.057857	0.20384	0.10828	0.14925	0.17189	0.24137	0.13771	0.12249	-0.00039271	0.11785	0.0081787	0.070413	0.0017419	0.16268	0.061504	0.10545	-0.0064322	0.16411	0.12686	0.1287	0.06914	0.050003	0.16175	0.11042	0.096621	0.12955	0.12982	0.077751	0.044571	0.11195	0.006134	0.072602	0.06966	0.1163	0.065277	0.045975	0.11162	0.1174	0.092334	0.089133	0.096215	0.091987	0.056631	0.14728	0.039414	0.23855	0.20023	0.15686	0.10728	0.068364	0.10681	0.10767	0.027353	0.10179	0.054296	0.094007	0.060582	0.065118	0.15099	0.031485	0.03796	0.1328	0.1566	0.098774	0.14414	0.12736	0.13936	0.1478	0.084411	0.11948	0.13565	0.052696	0.045761	0.16724	0.11157	0.093459	0.13017	-0.016687	0.081101	0.11539	0.094179	0.073226	0.19681	0.12259	0.16806	0.057629	0.083107	0.025338
0.23206	0.18157	0.14115	0.079071	1	0.083864	0.037037	0.019611	0.17779	0.34724	0.19749	0.20826	0.11618	0.065433	0.17188	0.069457	0.029491	0.080055	0.16988	0.11625	0.056448	0.25375	0.2593	0.096881	0.23456	0.11581	0.13315	0.15466	0.15632	0.22475	0.19767	0.11021	0.16749	0.2336	0.16967	0.17819	0.086642	0.22792	0.15706	0.21145	0.13073	0.11153	0.14555	0.1913	0.16999	0.14983	0.20619	0.097567	0.23279	0.031278	0.16998	0.19743	0.17668	0.12502	0.053094	0.12278	0.13391	0.19581	0.089198	0.14804	0.064961	0.24557	0.1544	0.089732	0.13333	0.17734	0.15595	0.11847	0.20681	0.12665	0.20792	0.2174	0.18552	0.19703	0.07836	0.1785	0.17721	0.10608	0.21665	0.28019	0.13512	0.026885	0.14931	0.11805	0.17239	0.14071	0.16399	0.14281	0.12389	0.14285	0.2769	0.13763	0.1194	0.14208	0.23287	0.054881	0.12351	0.17825	0.091751	0.14305	0.1242	0.030919	0.15244	0.18694	0.045191	0.063385	0.19158	0.2627	0.13715	0.17007	0.23223	0.18174	0.28834	0.084667	0.23675	0.13672	0.18307	0.13305	0.064633	0.1621	0.06252	0.18851	0.16181	0.18166	0.18454	0.22204	0.17862	0.084352	0.14986	0.10442	0.1184	0.11361	0.26361	0.10738	0.20253	0.048554	0.056273	0.14286	0.19166	0.19812	0.18776	0.16675	0.20357	0.15776	0.17311	0.21777	0.1254	0.19468	0.18728	0.15031	0.12263	0.26211	0.1567	0.14237	0.1444	0.11667	0.16287	0.21706	0.12625	0.11258	0.038417	0.29286	0.17523	0.20469	0.17372	0.28363	0.18725	0.13168	0.043848	0.20265	0.16785	0.18701	0.15956	0.083491	0.098194	0.042977	0.034878	0.038389	0.19481	0.15198	0.15217	0.20253	0.056227	0.12499	0.098528
-0.027207	0.040132	0.0062626	0.061854	0.083864	1	0.031456	-0.072035	0.034047	0.14987	0.12939	0.070045	0.018207	0.077951	0.068971	0.097982	-0.010655	0.060569	-0.016051	0.058211	0.0049087	0.07368	0.14743	0.031338	-0.021993	-0.073932	-0.024879	0.018799	-0.047777	0.065883	0.046105	0.066646	0.069274	0.10675	0.042998	0.059713	0.0021014	0.07776	0.044616	0.059079	0.13286	0.037565	-0.019757	0.091623	-0.025344	0.016457	0.11046	0.14553	0.03463	0.019055	0.07263	0.12055	0.052158	0.018895	-0.010326	-0.033425	0.054197	0.10323	0.094601	-0.07656	0.058065	-0.00551	0.10098	-0.02258	0.0014921	0.045854	0.022175	0.095037	0.11539	0.022655	0.012207	0.053518	0.063373	-0.034722	0.079031	0.021001	-0.026779	0.06414	0.12843	0.10398	0.059443	0.12701	0.027749	0.046481	0.14148	0.017976	0.093366	0.049185	0.14136	0.061556	0.09185	0.049722	0.030641	0.08115	0.10188	-0.0089318	0.01894	0.082474	0.082894	0.029582	0.056034	0.047807	0.10773	0.094623	-0.040831	0.089592	0.04936	0.02341	0.083421	0.07182	0.11696	-0.034772	0.061804	0.061669	0.037202	0.045949	0.083558	0.024904	-0.0025984	0.0617	0.13131	-0.00026273	-0.014156	0.13062	0.094974	0.014841	-0.040132	0.01522	0.019683	-0.0031887	-0.0038484	0.013468	-0.016679	0.15429	0.10037	0.097518	0.03537	0.0011946	0.048845	0.09638	0.021093	0.1267	0.076644	0.092407	0.091751	0.040695	0.026767	0.11908	0.029708	0.11537	0.049199	0.050457	0.054376	0.063484	-0.015425	0.077106	0.051384	0.011901	0.0072201	-0.0024771	0.012716	0.011385	0.020867	0.1138	0.066643	0.023973	0.0072396	0.063057	0.023145	-0.0011728	0.06324	0.013831	-0.015303	0.023977	0.02179	0.062757	0.04136	0.024488	0.044755	0.0021349	0.065831	0.073282	0.099219	-0.048646	-0.1017
0.074584	0.099731	0.069873	0.076308	0.037037	0.031456	1	0.29648	-0.031258	-0.0012619	0.028077	0.091003	0.065203	0.24618	0.059235	0.070724	0.34336	0.011899	0.15386	0.055016	0.22256	0.093087	0.010106	0.13636	0.19691	0.021695	0.0045419	0.076779	0.082898	0.137	0.088357	0.20736	0.083849	0.09845	0.074303	0.10517	-0.0075084	0.096839	0.092091	0.11884	0.10252	0.054657	0.051833	0.083536	0.13122	0.012274	0.15684	-0.018559	0.18192	0.13116	0.1271	0.1793	0.12047	0.12664	0.065456	0.042311	0.11456	0.07387	0.14417	0.099849	0.18954	0.11222	0.10156	0.074936	0.092231	0.028143	0.096229	-0.031199	-0.01071	0.09431	0.095841	0.10187	0.082665	0.096081	0.13674	0.071785	-0.033341	0.0072599	0.083774	0.025466	0.0074016	0.19639	0.22405	0.01124	-0.13772	0.11468	0.036205	0.16117	0.040256	-0.057834	0.086422	0.18048	0.075448	0.23597	0.056654	0.071311	0.31471	0.19301	0.016607	0.12743	0.021305	0.25941	0.15166	0.15833	0.23137	0.026679	0.17182	0.066366	0.009022	0.049644	-0.03338	-0.0015228	0.069528	0.051931	0.20929	0.17169	0.091327	0.16001	0.16512	0.19709	-0.030149	0.081529	0.13451	0.13559	0.16654	0.0054996	-0.0011531	0.1726	0.023076	0.1152	0.25391	0.14359	0.11862	0.11366	0.00039264	0.054334	-0.018257	0.038987	0.069962	0.096785	0.24692	0.10047	0.14014	0.10835	-0.018476	0.033752	0.18446	0.024732	0.08549	-0.023194	0.048264	0.2104	0.13737	-0.0030305	0.029541	0.1452	0.29065	0.051251	0.02674	0.18108	-0.026722	0.08502	0.047185	0.11134	0.13242	0.10297	0.061693	0.18736	0.038928	0.13687	0.12981	0.14603	0.16094	0.071374	0.059408	0.038596	0.12559	0.010424	0.12552	0.16973	0.07186	0.2179	0.097255	0.19971	0.079855
0.086206	0.090547	0.048647	0.13185	0.019611	-0.072035	0.29648	1	0.0036794	-0.030392	-0.012094	0.11751	0.111	0.31455	0.038077	0.11413	0.48348	0.039097	0.16352	0.097742	0.18413	0.02164	0.062645	0.046111	0.069798	-0.06265	0.0013551	0.098496	0.047967	0.076006	0.091074	0.11096	0.067764	0.14351	0.058411	0.13511	0.037299	0.17333	0.083536	0.085259	-0.0083104	0.026026	0.088434	0.12068	0.1221	0.17029	0.12547	0.0079715	0.19119	0.080268	0.1122	0.050539	0.12655	0.016789	0.071634	0.053883	0.12834	0.093031	0.18056	0.092908	0.14261	0.12484	0.13089	0.061872	0.048013	0.14835	0.058474	-0.02163	-0.026938	0.038278	0.10072	0.097154	0.12364	0.10497	0.075832	0.18746	-0.026865	0.037458	0.066496	0.119	0.10133	0.15576	0.13661	-0.023291	-0.013804	0.15923	0.08731	0.12352	-0.016078	-0.005061	0.13763	0.18069	0.02388	0.20138	0.076052	0.028954	0.16648	0.095569	0.1127	0.14723	0.092985	0.33593	0.12764	0.18735	0.26901	-0.067963	0.23683	0.12622	0.019917	0.049521	-0.01646	0.064813	0.0079044	-0.025076	0.19535	0.14993	0.062988	0.17391	0.12508	0.19034	0.017157	0.12277	0.056086	0.051125	0.03594	-0.031432	-0.020124	0.11576	0.025412	0.030745	0.10995	0.046658	0.087662	0.15292	0.087823	0.036355	-0.045612	0.041034	0.056308	0.097732	0.19619	0.12277	0.18834	0.080198	-0.016019	0.13854	0.23181	0.04712	0.15451	0.024712	0.052343	0.10212	0.14002	0.0033844	0.055613	0.13866	0.079566	0.019741	0.12078	0.18041	-0.0025604	0.074181	0.14332	0.18372	0.17121	0.053076	0.069733	0.1617	0.0026724	0.059741	0.11797	0.16925	0.18296	0.076729	0.083412	0.026556	0.09332	0.024807	0.073771	0.20264	0.1565	0.19857	0.094537	0.1168	0.10486
0.071462	0.096686	0.0053982	0.067014	0.17779	0.034047	-0.031258	0.0036794	1	0.44456	0.26543	0.13823	0.11636	-0.011649	0.24376	0.047203	-0.053689	0.12223	0.14135	0.082685	0.077015	0.21658	0.22016	0.11994	0.046132	0.12366	0.059754	0.21231	0.11255	0.15735	0.22722	-0.040052	0.023327	0.32796	0.050358	0.12418	0.055554	0.27736	0.24681	0.24267	0.054076	0.024467	0.2103	0.10414	0.12571	0.19518	0.02329	0.16433	0.06815	0.030458	0.060837	0.12905	0.1122	0.037396	0.06104	0.090606	0.069845	0.38517	0.080876	-0.069454	-0.044583	0.11081	0.080207	0.026081	0.39778	0.12598	0.10993	0.13946	0.31201	0.14054	0.12616	-0.01718	0.18928	0.2995	0.14561	0.12269	0.4334	0.30813	0.091008	0.22371	0.15643	0.11635	0.083126	0.0030663	0.46385	0.10552	0.21247	0.10182	0.56867	0.70571	0.30143	0.18887	0.064506	0.02539	0.14746	0.18268	0.11866	0.061587	0.16682	0.021376	0.13802	0.092511	0.088289	0.092448	0.02852	0.16863	0.19352	0.17197	0.089369	0.09004	0.33912	0.060432	0.056201	0.099096	0.18204	0.11952	0.2622	0.010799	0.040324	0.17954	0.086021	0.10269	0.29936	0.072985	0.14543	0.22776	0.33672	-0.045699	0.08503	0.012356	0.060433	-0.0042581	0.085684	0.011016	0.1881	0.1221	0.059196	0.15436	0.21374	0.20578	0.07618	-0.061044	0.14505	0.31587	0.40639	0.14048	0.086729	0.40022	0.25895	0.29161	-0.015896	0.12703	0.13713	0.45341	0.15262	0.17867	0.12014	0.09278	0.1892	0.1011	0.13216	0.10396	0.071138	0.1483	0.2298	0.18879	0.41515	0.083777	0.10543	0.054054	0.16885	0.080222	0.021235	-0.0058598	0.11289	0.086477	-0.021009	0.022136	0.12925	0.13263	0.24712	0.089616	0.0010758	0.023045	0.041469
0.15175	0.24096	0.031641	0.12773	0.34724	0.14987	-0.0012619	-0.030392	0.44456	1	0.36886	0.3021	0.20214	0.065201	0.32454	0.070743	-0.056458	0.053081	0.086663	0.074379	0.16507	0.33823	0.38367	0.12826	0.14257	0.18548	0.11567	0.27591	0.14592	0.23505	0.24194	0.095634	0.12766	0.39044	0.027782	0.23185	0.066548	0.33016	0.22139	0.24278	0.11445	0.016525	0.1417	0.099193	0.10508	0.14377	0.22783	0.13187	0.18727	0.034465	0.15237	0.18108	0.14503	0.080112	0.058533	0.10286	0.25337	0.29203	0.10381	0.1101	0.016305	0.1979	0.20181	0.091819	0.30382	0.18072	0.1088	0.23585	0.32353	0.15077	0.21585	0.12984	0.23391	0.34741	0.13239	0.17393	0.20421	0.21541	0.19319	0.25079	0.17766	0.12126	0.15343	0.045385	0.43922	0.2289	0.18248	0.060585	0.51142	0.45315	0.33828	0.21776	0.062969	0.18233	0.24032	0.05212	0.14302	0.18907	0.19445	0.093383	0.17005	0.02379	0.21738	0.1646	0.083654	0.055791	0.30528	0.23696	0.3107	0.13141	0.39145	0.08009	0.19472	0.10498	0.26498	0.13618	0.24435	0.12362	0.096137	0.27097	0.098441	0.18112	0.18165	0.10846	0.21276	0.26664	0.24354	0.063719	0.21509	0.16586	0.11328	-0.004925	0.1644	0.19363	0.23477	0.076553	0.018922	0.15645	0.20497	0.23823	0.13379	0.10633	0.25034	0.38419	0.47855	0.30955	0.16805	0.58743	0.29856	0.34013	0.07498	0.1969	0.16367	0.24156	0.14564	0.18475	0.09994	0.1002	0.17111	0.18806	0.14189	0.25188	0.18153	0.25711	0.25619	0.31725	0.19391	0.16267	0.10246	0.15431	0.20242	0.15534	0.13792	0.13318	0.042409	0.14286	-0.0048698	0.016325	0.14463	0.10203	0.28417	0.18208	0.14057	0.12961	0.075037
0.20893	0.18226	0.13435	0.1283	0.19749	0.12939	0.028077	-0.012094	0.26543	0.36886	1	0.24126	0.24022	0.038559	0.23897	0.13735	0.0086938	-0.017701	0.10482	0.040948	0.085722	0.19811	0.2621	0.11092	0.1639	0.090833	0.16979	0.28522	0.052392	0.15663	0.19731	0.114	0.067148	0.36029	0.15695	0.19603	0.057877	0.37241	0.14049	0.20409	0.17913	-0.0026622	0.20439	0.16044	0.13869	0.13598	0.22549	0.09303	0.16721	0.054631	0.18903	0.14258	0.16609	0.025742	0.01691	0.18343	0.16146	0.19696	0.16893	0.11483	0.045841	0.22586	0.22825	0.079388	0.21695	0.11653	0.048745	0.18262	0.28571	0.066981	0.085638	-0.033218	0.26396	0.20687	0.060621	0.2129	0.09943	0.35687	0.090368	0.25348	0.13335	0.15004	0.12251	0.068263	0.25663	0.17953	0.23929	0.069645	0.33159	0.28578	0.34526	0.18355	0.082746	0.23862	0.25511	0.090627	0.025015	0.14438	0.20444	0.15785	0.15828	0.13323	0.084366	0.15398	0.037819	0.094265	0.25141	0.18216	0.13984	0.10685	0.34778	0.063721	0.17741	0.074326	0.19474	0.12238	0.39433	0.03072	0.11923	0.34537	0.24352	0.15058	0.14709	0.15209	0.21446	0.21742	0.21402	0.042084	0.1009	0.089584	0.084573	-0.036755	0.10835	0.17786	0.25755	0.12491	0.090121	0.098263	0.17413	0.14612	0.16915	0.1339	0.26898	0.41673	0.36461	0.21768	0.1554	0.38572	0.37422	0.24877	-0.0085935	0.14948	0.13362	0.1149	0.16422	0.251	0.060371	0.097531	0.16797	0.16579	0.11238	0.17294	0.18979	0.27152	0.27377	0.18767	0.13333	0.16077	0.14159	0.14404	0.16708	0.1154	0.17583	0.1136	0.032874	0.16603	0.044837	0.075134	0.17995	0.23641	0.32703	0.070361	0.084832	0.093024	0.014853
0.18172	0.2936	0.069937	0.12633	0.20826	0.070045	0.091003	0.11751	0.13823	0.3021	0.24126	1	0.14921	0.1322	0.28832	0.11923	0.12517	0.0076051	0.20187	0.02032	0.18788	0.2251	0.19271	0.094302	0.17726	0.19579	0.19947	0.14558	0.2198	0.32539	0.21162	0.25036	0.31749	0.34311	0.081938	0.30462	0.11788	0.35474	0.22584	0.20958	0.21496	0.096459	0.19512	0.22186	0.12775	0.17372	0.29418	0.11349	0.22228	0.19545	0.24683	0.26381	0.27141	0.16275	0.12946	0.13644	0.42215	0.18576	0.22425	0.12977	0.11144	0.32457	0.28926	0.15979	0.19846	0.16791	0.1612	0.24336	0.13359	0.17534	0.14627	0.038846	0.38401	0.21218	0.1521	0.33309	0.13517	0.14698	0.20784	0.2669	0.17412	0.17981	0.27323	0.075566	0.20147	0.32305	0.28189	0.12162	0.18105	0.1386	0.32005	0.16333	0.1179	0.27106	0.21639	0.1237	0.16223	0.31072	0.15827	0.14242	0.20073	0.21377	0.16263	0.23337	0.15832	0.011831	0.29648	0.11684	0.33894	0.16091	0.13208	0.16312	0.18686	0.13213	0.23274	0.22956	0.2199	0.21224	0.13459	0.28773	0.046906	0.24582	0.18876	0.12824	0.22493	0.18409	0.20554	0.18843	0.23574	0.1439	0.087598	0.15512	0.31934	0.26403	0.25273	0.13455	0.1282	0.17558	0.14474	0.18409	0.37882	0.16119	0.32916	0.30666	0.14581	0.11775	0.37914	0.10978	0.37388	0.13993	0.10503	0.19132	0.19083	0.11907	0.023796	0.28487	0.12531	0.14566	0.13465	0.14166	0.068577	0.15396	0.41973	0.36794	0.28796	0.25548	0.20174	0.26141	0.1308	0.25167	0.22143	0.13755	0.2597	0.13	0.020038	0.15526	0.18111	0.035062	0.18521	0.27517	0.28483	0.25379	0.18998	0.17555	0.10787
0.14099	0.20374	0.075433	0.11289	0.11618	0.018207	0.065203	0.111	0.11636	0.20214	0.24022	0.14921	1	0.075043	0.26816	0.15015	0.17442	0.025151	0.099436	0.073688	0.21414	0.12067	0.19663	0.074389	0.2612	0.021826	0.18207	0.1699	0.14893	0.2493	0.21776	0.15511	0.16699	0.3333	0.063049	0.16999	0.069098	0.30029	0.14263	0.18953	0.098428	-0.019614	0.15565	0.12246	0.12065	0.024482	0.28225	0.042772	0.20573	0.071311	0.15812	0.18969	0.15626	0.10118	0.082971	0.33102	0.18412	0.20329	0.18905	0.14256	0.17228	0.23794	0.085193	0.1186	0.11097	0.11838	0.091996	0.13259	0.091103	0.12508	0.070812	0.050406	0.21336	0.19394	0.099123	0.16269	0.10507	0.12442	0.16485	0.25277	0.045675	0.23262	0.21124	0.10049	0.067201	0.1901	0.1688	0.21383	0.15782	0.10237	0.34315	0.092621	0.06554	0.27852	0.21025	-0.04125	0.14757	0.20632	0.091765	0.18803	0.11383	0.22077	0.15352	0.22971	0.10517	0.13552	0.31165	0.19733	0.11826	0.074739	0.18273	0.076663	0.11155	-0.0056104	0.21707	0.16577	0.12255	0.099096	0.12288	0.31812	0.07299	0.19024	0.16356	0.12572	0.1791	0.15129	0.11159	0.074639	0.14054	0.12369	0.15556	0.029523	0.055474	0.20835	0.2246	0.05202	0.070579	0.080251	0.10631	0.20247	0.16915	0.1872	0.22444	0.21597	0.20479	0.24649	0.16197	0.15827	0.27077	0.19502	0.063788	0.23421	0.18594	0.080111	0.12258	0.2824	0.16446	0.13566	0.18105	0.22046	0.046309	0.35308	0.2265	0.29519	0.32311	0.2413	0.13377	0.193	0.07164	0.142	0.19153	0.14455	0.20715	0.13175	0.05831	0.14687	0.15695	-0.006991	0.17809	0.27384	0.28294	0.22946	0.1524	0.29385	0.23108
0.097321	0.11465	0.059803	0.14551	0.065433	0.077951	0.24618	0.31455	-0.011649	0.065201	0.038559	0.1322	0.075043	1	0.11843	0.056522	0.25872	0.0059089	0.06223	-0.020875	0.057585	0.08221	0.1405	0.1129	0.12485	0.032874	0.088479	0.10626	0.14095	0.14116	0.1057	0.16796	0.19039	0.18228	0.02159	0.12199	0.15429	0.17534	0.032179	0.12785	0.12281	-0.013802	0.056832	0.057054	0.065488	-0.00061335	0.18476	0.093363	0.178	0.086229	0.15063	0.10182	0.15496	0.079057	-0.036881	-0.088505	0.11065	0.11216	0.18822	0.053192	0.084426	0.095988	0.12322	0.10663	0.045882	0.12085	0.087471	0.048677	0.065975	-0.019387	0.1086	0.081502	0.15348	0.1535	0.097426	0.092015	-0.027258	0.095628	0.09551	0.20124	0.036228	0.12836	0.12397	0.006485	0.041418	0.126	0.099114	0.053138	-0.0030955	-0.034601	0.18721	0.15094	0.073356	0.20475	0.15764	0.052546	0.13267	0.18016	0.074582	0.15466	0.087158	0.22845	0.18731	0.23996	0.2269	-0.0066651	0.18649	0.18366	0.070092	0.040877	0.0011487	0.064085	0.0050332	0.0032964	0.19887	0.12302	0.089271	0.17293	0.17502	0.17542	0.12972	0.10772	0.13826	0.096115	0.10503	0.030137	-0.0040363	0.16216	0.10831	-0.017273	0.13445	0.019773	0.085303	0.10342	0.065307	0.051927	0.030674	0.10879	0.081823	0.093749	0.13756	0.098992	0.11783	0.17324	-0.055912	0.052225	0.11847	0.023767	0.14373	0.099428	0.17715	0.099602	0.10277	0.036251	0.10082	0.14394	0.023945	0.14027	0.18009	0.070587	0.021294	0.075553	0.15073	0.19095	0.22998	0.11396	0.030651	0.16795	0.013898	0.078913	0.061166	0.058258	0.13768	0.068652	0.14774	0.051131	0.10819	-0.026566	0.17009	0.16362	0.1693	0.211	0.11141	0.12436	0.11438
0.20628	0.33302	0.10807	0.14444	0.17188	0.068971	0.059235	0.038077	0.24376	0.32454	0.23897	0.28832	0.26816	0.11843	1	0.10924	0.047212	0.071903	0.10602	0.038338	0.19183	0.25192	0.21336	0.13819	0.1671	0.16395	0.050656	0.1846	0.13461	0.3259	0.21833	0.16409	0.11785	0.37111	0.1452	0.21567	0.00080323	0.32632	0.082775	0.27484	0.10079	0.10958	0.14686	0.15049	0.10753	0.12665	0.24228	0.11371	0.13221	0.15219	0.27685	0.26659	0.27321	0.12043	-0.019853	0.17997	0.29531	0.23533	0.17002	0.1158	0.11721	0.20369	0.195	0.06959	0.20877	0.1652	0.19039	0.10919	0.10023	0.11528	0.16098	0.053527	0.29692	0.2377	0.1533	0.2083	0.20448	0.12379	0.2719	0.25923	0.18103	0.15897	0.25448	0.13858	0.29817	0.19486	0.15296	0.15055	0.23014	0.22455	0.39408	0.30759	0.043832	0.20633	0.17752	0.095492	0.11072	0.19649	0.22622	0.059952	0.079815	0.19253	0.089236	0.26482	0.15868	0.11824	0.27922	0.095774	0.27001	0.16831	0.19573	0.079376	0.15398	0.068376	0.18799	0.13759	0.13816	0.10466	0.0091249	0.28106	0.12512	0.22021	0.21818	0.12983	0.214	0.093616	0.17024	0.091372	0.24686	0.098299	0.19978	0.14417	0.25586	0.14386	0.18764	0.13137	0.14005	0.23218	0.1737	0.24871	0.22156	0.11892	0.25578	0.2113	0.24946	0.3087	0.16553	0.27867	0.32117	0.37895	0.077838	0.16513	0.20434	0.13388	0.12355	0.19735	0.15253	0.1549	0.18386	0.13853	0.087643	0.35001	0.23063	0.26884	0.26106	0.24004	0.14316	0.17863	0.041912	0.18344	0.1887	0.17277	0.20619	0.088908	0.091511	0.13875	0.18244	0.010491	0.21555	0.21633	0.32495	0.12814	0.087152	0.15259	0.14838
0.10871	0.21492	0.053783	0.031689	0.069457	0.097982	0.070724	0.11413	0.047203	0.070743	0.13735	0.11923	0.15015	0.056522	0.10924	1	0.15694	0.062985	0.060596	0.02518	0.10581	0.043266	0.00027466	0.098941	0.081846	-0.00097499	0.066355	0.071093	0.074478	0.21727	0.035875	0.21838	0.16284	0.26782	-0.0021129	0.13402	0.010362	0.22428	0.065022	0.091658	0.10657	0.034099	0.12014	0.1365	0.016973	0.07604	0.2362	0.10532	0.095747	0.031632	0.1012	0.071377	0.089668	0.10086	0.0047361	0.070093	0.050022	0.080744	0.20133	0.073333	0.10112	0.15409	0.081456	-0.033755	0.079129	0.048544	0.04674	0.09668	0.048327	0.049311	0.095941	-0.039105	0.04623	0.037665	-0.024407	0.12526	0.035501	0.10699	0.11135	0.14085	0.0048496	0.15434	0.20708	0.10187	0.10153	0.13125	0.053942	0.15189	0.0848	0.083335	0.24737	0.0527	-0.0073024	0.17895	0.13618	0.069658	0.056521	0.12628	0.050336	0.12377	0.077799	0.19061	0.068529	0.1144	0.10582	0.10722	0.28046	0.02168	0.15362	0.089088	0.076528	0.093115	0.084234	0.058767	0.16254	0.14578	0.12127	0.12577	0.044592	0.22574	0.10312	0.13602	0.020635	0.0495	0.15483	0.21667	0.05437	0.065984	0.067781	0.13174	0.060144	0.026518	0.054767	0.18423	0.16074	0.0013005	0.066587	0.056239	-0.04824	0.038034	0.12179	0.15779	0.16666	0.16174	0.0019408	0.1014	0.17505	0.098675	0.22636	0.05965	-0.010363	0.1178	0.098333	-0.0019972	0.061082	0.16325	0.17207	-0.042996	0.12368	0.12342	0.014173	0.12923	0.065882	0.22331	0.21619	0.058167	0.045607	0.096135	-0.031786	0.094344	0.045016	0.15518	0.11927	-0.021451	0.1284	0.097801	0.063497	0.017588	0.13385	0.13341	0.27572	0.14945	0.21473	0.048639	0.073562
0.14594	0.18156	0.042725	0.11125	0.029491	-0.010655	0.34336	0.48348	-0.053689	-0.056458	0.0086938	0.12517	0.17442	0.25872	0.047212	0.15694	1	0.048283	0.21466	0.12131	0.21613	0.037335	0.038771	0.075907	0.1214	0.006716	0.12757	0.11556	0.164	0.15489	0.055796	0.28476	0.13354	0.1545	0.051584	0.15192	-0.047091	0.13073	0.17721	0.10734	0.053276	0.061397	0.071509	0.095965	0.088634	0.035136	0.18415	-0.0032261	0.21108	0.094199	0.19774	0.10406	0.13503	0.15771	0.08132	0.065316	0.17318	0.12134	0.30375	0.091986	0.23871	0.10661	0.1556	0.13807	0.1181	0.076666	0.14699	0.029194	0.012391	0.060866	0.038711	0.064094	0.15257	0.1199	0.081093	0.14678	-0.046908	0.017636	0.046196	0.12893	0.0271	0.22107	0.1962	0.059217	0.003162	0.21856	0.13725	0.18434	0.027563	-0.019579	0.15566	0.11705	0.012371	0.2464	0.056243	0.046537	0.23534	0.17355	0.052187	0.18759	0.090347	0.35614	0.11381	0.23876	0.20389	-0.00018005	0.17038	0.14996	0.11346	-0.01713	0.042428	0.028178	0.10089	0.10534	0.2223	0.22131	0.095728	0.18018	0.20943	0.18661	0.011413	0.18695	0.11162	0.069681	0.078243	0.028935	0.053917	0.16459	0.055341	-0.014373	0.14979	0.06708	0.062583	0.30186	0.062202	0.055511	0.077322	0.018491	0.0099506	0.094727	0.26841	0.15849	0.21995	0.16291	-0.047139	0.028438	0.22062	-0.056365	0.15982	-0.0053489	0.077926	0.096421	0.14611	0.01086	0.039366	0.17546	0.27008	0.12324	0.11047	0.25572	-0.05956	0.090114	0.18923	0.12632	0.17724	0.055927	0.046421	0.2472	0.044579	0.16336	0.13555	0.13148	0.12964	0.020317	0.11903	0.10786	0.18441	0.066483	0.10334	0.22452	0.15532	0.30063	0.23681	0.25125	0.1293
0.02584	0.051413	-0.035844	-0.0069868	0.080055	0.060569	0.011899	0.039097	0.12223	0.053081	-0.017701	0.0076051	0.025151	0.0059089	0.071903	0.062985	0.048283	1	0.12716	0.13711	0.032034	0.033816	0.135	0.17297	0.059202	-0.015999	0.1165	0.052381	0.071519	0.066107	0.019249	0.036592	0.027756	0.072468	-0.0076875	-0.010049	0.059912	0.078414	0.065569	-0.015265	0.0071399	0.018027	-0.065021	0.14171	0.10501	0.075503	0.035761	0.094866	0.07373	0.027333	0.001467	0.053737	0.022977	0.06128	-0.0027186	-0.017453	-0.033759	0.074367	0.029405	-0.0019046	0.018975	0.046178	0.032072	0.0075436	0.043016	-0.027781	0.15732	0.040606	0.025639	0.031619	0.034088	-0.0050274	-0.0094894	0.042533	-0.011867	0.092597	0.1109	0.096016	0.038468	0.10573	-0.0077327	0.095424	-0.012879	0.080789	0.034243	0.0092082	0.089213	0.093904	0.052243	0.11842	0.12057	0.14257	0.016386	0.073661	0.13496	0.043579	0.018901	-0.059851	0.11565	0.013275	0.0025656	-0.0080757	-0.0083198	0.070653	0.029423	0.10143	0.079301	-0.0077653	0.0051213	-0.013268	0.034505	0.0013701	0.030406	-0.01871	0.044787	0.038637	0.08967	-0.0090561	-0.046406	0.034712	0.019652	0.05968	0.07301	0.046091	-0.0045592	-0.018647	0.022955	-0.010302	0.047988	-0.10593	0.069825	-0.090209	-0.0023645	0.12079	0.0091068	0.018189	0.064547	0.0792	0.06246	0.092684	-0.043667	-0.053711	0.02156	0.089071	0.023289	0.061129	0.01026	-0.0008085	0.076311	0.010592	0.041493	0.11095	0.033827	0.11482	0.025161	0.052942	0.054925	0.055833	0.083392	-0.034315	0.0035619	-0.03564	0.038692	0.040577	0.066423	0.12306	0.047391	0.010515	0.011992	-0.05167	0.038288	0.040239	-0.023146	-0.0099109	-0.00012723	0.10466	-0.020233	0.0047931	0.045337	0.007504	0.14129	0.026585	-0.02411	-0.017392	0.069169
0.17298	0.18037	0.097592	0.12736	0.16988	-0.016051	0.15386	0.16352	0.14135	0.086663	0.10482	0.20187	0.099436	0.06223	0.10602	0.060596	0.21466	0.12716	1	0.21088	0.10527	0.16158	0.07086	0.049262	0.051288	0.091473	0.20193	0.22339	0.1366	0.15414	0.17134	0.10254	0.091708	0.16189	-0.075069	0.19215	0.00051434	0.25048	0.12913	0.23194	0.047422	0.023602	0.17444	0.1534	0.45508	0.21841	0.19216	0.093365	0.22165	0.073236	0.11681	0.12767	0.10318	0.16335	-0.0091523	-0.022084	0.15904	0.10704	0.14078	-0.0017414	0.092475	0.31586	0.22431	0.12508	0.16511	0.091383	0.27732	0.11724	0.15433	0.15968	0.1254	0.089306	0.16704	0.19437	0.10346	0.21113	0.10404	0.13182	0.13472	0.28418	0.14536	0.15778	0.15673	0.049038	0.095013	0.16818	0.17461	0.11317	0.046292	0.041545	0.178	0.29187	0.094747	0.19838	0.19082	0.078257	0.1364	0.092288	0.11374	0.1093	0.12452	0.13471	0.10191	0.16187	0.11912	0.083917	0.19126	0.1691	0.16867	0.16499	0.1571	0.1372	0.20162	0.18934	0.19102	0.14761	0.11007	0.11977	0.070696	0.17778	0.092939	0.26102	0.17159	0.17953	0.12679	0.15283	0.13529	0.036353	0.14343	0.092207	0.12203	0.096917	0.13575	0.13448	0.2356	0.095071	0.10894	0.086572	0.065486	0.15728	0.12618	0.043976	0.090633	0.13778	0.13625	0.13299	0.20827	0.10241	0.17343	0.097098	0.10129	0.21206	0.16655	0.12013	0.061697	0.14645	0.13653	0.14855	0.24764	0.14065	-0.011241	0.06288	0.17383	0.20058	0.22461	0.18502	0.16771	0.14742	0.079928	0.27876	0.17019	0.095946	0.15624	0.054793	0.080788	0.10016	0.15923	0.025477	0.23112	0.20367	0.17697	0.21581	0.099613	0.019396	0.16304
0.10608	0.076273	0.079411	0.0077082	0.11625	0.058211	0.055016	0.097742	0.082685	0.074379	0.040948	0.02032	0.073688	-0.020875	0.038338	0.02518	0.12131	0.13711	0.21088	1	0.083971	0.14696	-0.053715	0.085885	-0.001532	0.059878	0.12174	0.082051	0.084478	0.047863	0.083942	0.017674	-0.032845	0.020613	-0.057897	0.072179	-0.025347	0.089014	0.031342	0.071776	0.14935	0.030801	0.032939	0.111	0.15668	0.1241	0.091424	0.063545	0.0781	0.026766	0.060798	0.069966	0.071888	0.17128	0.060762	-0.035982	0.078027	0.046506	0.041317	-0.031601	0.094165	0.13291	0.049789	0.0052785	0.040534	0.059924	-0.010965	0.049275	0.028504	0.071396	-0.053236	0.069568	0.016769	0.10118	0.068932	0.09182	0.063667	-0.034935	0.034491	0.086635	0.092506	0.067544	0.024277	0.003967	0.043292	0.10282	0.052066	-0.02999	0.043274	0.040561	0.0084149	0.12005	0.080845	0.049479	0.12369	0.061488	0.11287	0.021533	0.038654	0.03347	0.034748	0.016562	0.054964	0.077386	0.014663	0.037871	0.061922	0.059019	-0.029365	0.093754	0.022766	0.10634	0.052334	0.072085	0.10644	0.057695	-0.06754	0.061954	0.052598	0.036289	0.090677	0.094309	0.11029	-0.031956	0.069738	-0.037174	0.088689	0.08639	0.020308	0.1183	0.11375	0.017961	0.077376	0.14028	0.068793	-0.040541	0.02002	0.12039	0.13978	0.17108	0.067988	0.055153	0.09861	0.043229	0.011586	0.035881	0.079422	0.0071686	0.038944	0.019157	0.047114	0.11809	0.1797	0.10365	0.11317	0.036047	0.085909	0.10063	0.037423	0.083483	0.0065377	-0.015297	0.093433	0.10409	0.070261	0.090163	0.023518	0.05961	0.077928	0.11453	0.086121	0.12382	0.082382	-0.041496	0.13479	0.023629	0.0023786	0.060745	0.11519	0.020388	0.0046862	0.073159	0.11901	-0.0071351	0.096573
0.14853	0.22428	0.040705	0.10482	0.056448	0.0049087	0.22256	0.18413	0.077015	0.16507	0.085722	0.18788	0.21414	0.057585	0.19183	0.10581	0.21613	0.032034	0.10527	0.083971	1	0.16721	0.0050293	0.23174	0.20025	0.16589	0.076216	0.17286	0.23669	0.18286	0.18053	0.21021	0.042171	0.23621	0.14897	0.20471	-0.048806	0.26707	0.08223	0.14179	0.10018	0.028421	0.15226	0.19767	0.011062	0.088459	0.3337	-0.046213	0.21787	0.13648	0.11526	0.15393	0.11626	0.10535	0.25617	0.086479	0.1536	0.23152	0.18159	0.087671	0.37283	0.21082	0.1175	0.10264	0.21655	0.067636	0.11572	0.037128	0.086228	0.096659	0.044694	0.026815	0.18341	0.080748	0.11623	0.11305	0.097861	0.08949	0.05688	0.097685	0.085198	0.21315	0.27942	0.10025	0.024429	0.21212	0.14077	0.21336	0.12069	0.081028	0.27677	0.05059	0.017517	0.26891	0.096861	0.1096	0.3302	0.16854	0.11873	0.18964	0.12362	0.19256	0.066727	0.17725	0.10919	0.12983	0.26284	0.10763	0.10743	0.12462	0.11037	0.096065	0.13591	0.045072	0.27292	0.24153	0.15411	0.1738	0.077811	0.24249	0.097594	0.17151	0.19337	0.11212	0.18815	0.069719	0.11374	0.2653	0.13481	0.11868	0.34038	0.05752	0.029736	0.24127	0.1585	0.094403	-0.03288	0.18944	0.063283	0.14523	0.24056	0.19062	0.1935	0.1925	0.067173	0.093271	0.20173	0.084427	0.18401	0.10173	0.063196	0.19492	0.2255	0.064284	0.099096	0.20909	0.26715	0.025782	0.084814	0.34927	0.085368	0.21005	0.24132	0.18278	0.24968	0.095875	0.078621	0.26044	0.036081	0.13445	0.22131	0.24677	0.064363	0.075439	0.048688	0.19169	0.14196	-0.042671	0.076776	0.23483	0.21128	0.19846	0.32562	0.29143	0.1409
0.17108	0.1911	0.076718	0.10232	0.25375	0.07368	0.093087	0.02164	0.21658	0.33823	0.19811	0.2251	0.12067	0.08221	0.25192	0.043266	0.037335	0.033816	0.16158	0.14696	0.16721	1	0.25447	0.14641	0.20547	0.18595	0.17937	0.13779	0.147	0.24453	0.27541	0.17949	0.17345	0.29389	0.14678	0.15196	0.013345	0.30526	0.17505	0.23042	0.23984	0.039563	0.24548	0.18261	0.20317	0.20608	0.2084	0.10425	0.17116	0.077871	0.14551	0.20824	0.12634	0.084474	0.041849	0.1241	0.25819	0.24297	0.097535	0.11926	0.058069	0.22242	0.1538	0.073967	0.21186	0.11326	0.093001	0.059891	0.22423	0.074104	0.1734	0.18295	0.24465	0.2716	0.13985	0.12233	0.20808	0.12232	0.19081	0.25392	0.18717	0.18919	0.20268	0.15032	0.25112	0.14983	0.19611	0.19076	0.16775	0.1945	0.33453	0.16765	0.12208	0.18601	0.14812	0.11355	0.21321	0.15347	0.12054	0.11774	0.16207	0.016218	0.12732	0.18309	0.028886	0.14135	0.25621	0.23914	0.24382	0.19277	0.10592	0.13979	0.21126	0.17025	0.17263	0.17443	0.078325	0.14033	0.095428	0.244	0.11343	0.18161	0.3051	0.20453	0.27011	0.15662	0.1811	0.077155	0.20003	0.12485	0.09789	0.11813	0.25449	0.08378	0.14027	0.048298	0.042426	0.18964	0.23643	0.18594	0.21473	0.10008	0.13182	0.12342	0.15184	0.2523	0.15312	0.20151	0.23748	0.20691	0.02826	0.19694	0.2164	0.25807	0.21122	0.096863	0.12139	0.11682	0.17858	0.16848	0.041688	0.25098	0.14286	0.23784	0.2598	0.35072	0.2896	0.18118	0.17612	0.16475	0.16682	0.15188	0.16168	0.13897	0.059586	0.080098	0.095273	-0.0010649	0.22757	0.15927	0.2729	0.24243	0.23103	0.11945	0.14598
0.081195	0.099048	-0.061859	0.16056	0.2593	0.14743	0.010106	0.062645	0.22016	0.38367	0.2621	0.19271	0.19663	0.1405	0.21336	0.00027466	0.038771	0.135	0.07086	-0.053715	0.0050293	0.25447	1	0.074879	0.16331	0.070638	0.069829	0.19147	0.078453	0.16607	0.18916	0.10065	0.18225	0.27419	0.038612	0.027938	0.078609	0.17872	0.25592	0.22736	0.080421	0.018527	0.16727	0.035758	0.1257	0.12935	0.1024	0.040124	0.17603	-0.026957	0.14013	0.11489	0.11231	0.053047	-0.016373	0.17556	0.1139	0.21668	0.10627	0.20752	0.040655	0.085831	0.1462	-0.02458	0.17867	0.13809	0.056935	0.14764	0.3953	0.063048	0.10984	0.079125	0.22707	0.30922	0.080909	0.12165	0.18269	0.2535	0.15204	0.17941	0.10091	0.11179	0.16628	-0.0006962	0.2197	0.13379	0.07506	0.023597	0.18368	0.14078	0.25857	0.1739	0.033287	0.065811	0.2043	0.11215	0.068543	0.13239	0.19538	0.045638	0.1865	-0.0032807	0.12705	0.069235	0.066204	0.026951	0.19886	0.13621	0.18486	0.073925	0.22792	0.05149	0.16654	0.075869	0.20067	0.11797	0.2915	-0.0046838	0.057085	0.13848	0.13629	0.095318	0.1406	0.11683	0.1502	0.21691	0.18037	0.040679	0.16142	0.11791	0.026404	0.099871	0.12151	0.082648	0.15155	0.14258	0.019605	0.077667	0.10413	0.10871	0.021598	0.053777	0.27433	0.30295	0.32485	0.41398	0.10046	0.36997	0.21696	0.25301	0.045417	0.11165	0.11234	0.21111	0.077515	0.1091	0.10192	0.076353	0.10199	0.038629	0.083684	0.24817	0.084345	0.22702	0.23332	0.26039	0.23421	0.13851	0.089104	0.084642	0.15599	0.084168	0.17698	0.07914	0.068519	0.11371	0.073305	-0.038074	0.082544	0.11767	0.2045	0.13514	0.027797	0.098156	0.12924
0.092102	0.099613	-0.00023667	0.010825	0.096881	0.031338	0.13636	0.046111	0.11994	0.12826	0.11092	0.094302	0.074389	0.1129	0.13819	0.098941	0.075907	0.17297	0.049262	0.085885	0.23174	0.14641	0.074879	1	0.08006	0.095521	0.054439	0.13633	0.16133	0.11709	0.10554	0.1906	0.077555	0.16839	0.013683	0.11164	0.0010745	0.17573	0.040224	0.05087	0.13957	0.017967	0.062052	0.12558	0.029434	0.058332	0.12469	-0.0045785	0.17483	0.073834	0.036196	0.062215	0.087164	0.082368	0.093363	0.11167	0.09518	0.13612	0.168	0.087924	0.23735	0.069271	0.096673	0.032142	0.083156	-0.034978	0.096286	0.080786	0.055001	0.12631	0.062475	0.15769	0.078213	0.059189	0.13151	0.022926	0.12207	0.11917	0.043108	0.090447	0.09874	0.1672	0.19162	0.10967	0.015229	0.053251	0.064409	0.17669	0.068848	0.090589	0.19715	0.10315	0.047545	0.21625	0.1334	0.13989	0.16847	0.14869	0.022627	0.013237	0.077258	0.1107	-0.064148	0.13962	0.077072	0.14191	0.20143	0.03435	0.010654	-0.010905	0.08732	0.054679	-0.069221	-0.01432	0.16653	0.037646	0.12278	0.16811	0.13945	0.22216	0.069843	0.14915	0.16464	0.1442	0.093197	0.06752	0.034745	0.19459	0.13099	0.095024	0.14788	0.071978	0.086673	0.076043	0.038248	0.099417	-0.0019927	0.096632	-0.048319	0.10791	0.12803	0.11742	0.12682	0.17876	0.067987	0.055256	0.076071	0.050012	0.16044	0.13411	0.059041	0.14575	0.099128	0.10583	0.21995	0.11507	0.16533	0.09317	0.08094	0.1365	-0.060891	0.055792	0.055191	0.15138	0.16394	0.159	0.093754	0.16811	-0.043961	-0.003406	0.12003	0.020806	0.0065756	-0.032193	0.015431	0.041694	0.041888	-0.11414	0.033338	0.17595	0.16815	0.10497	0.086702	0.12939	0.15809
0.11813	0.18313	0.12121	0.097032	0.23456	-0.021993	0.19691	0.069798	0.046132	0.14257	0.1639	0.17726	0.2612	0.12485	0.1671	0.081846	0.1214	0.059202	0.051288	-0.001532	0.20025	0.20547	0.16331	0.08006	1	0.035413	0.058781	0.16056	0.12619	0.25124	0.2701	0.15062	0.16831	0.28391	0.23347	0.12954	0.094896	0.25341	0.10093	0.18441	0.1136	0.081973	0.1803	0.20275	0.1059	0.076043	0.26906	0.10151	0.18233	0.06602	0.12315	0.21659	0.093057	0.17481	-0.0014268	0.30344	0.17618	0.15656	0.10091	0.27603	0.11728	0.15949	0.040271	0.12384	0.11206	0.04177	0.094533	0.018392	0.13067	0.079685	0.10859	0.08829	0.2467	0.15625	0.011847	0.10803	-0.0066348	0.12708	0.12398	0.2171	0.044827	0.14238	0.1945	0.12099	0.094431	0.20844	0.17347	0.14369	0.12407	0.099449	0.31061	0.14598	0.094311	0.24466	0.15754	0.042069	0.18056	0.20264	0.053366	0.26543	0.10826	0.17625	0.26672	0.169	0.16953	0.055027	0.2585	0.12167	0.19857	0.12875	0.057012	0.085695	0.10939	0.04536	0.25395	0.13405	0.1455	0.17323	0.10324	0.24643	-0.062678	0.1041	0.13344	0.21954	0.21371	0.15595	0.13894	0.077024	0.14294	0.04697	0.1073	0.17875	0.16149	0.16852	0.10208	0.039223	-0.0021974	0.14599	0.22897	0.18273	0.24376	0.21097	0.18514	0.22061	0.11672	0.099749	0.13321	0.11835	0.21706	0.25044	0.040682	0.22463	0.17649	0.042359	0.11354	0.21798	0.21603	0.099927	0.12366	0.1818	0.059314	0.37464	0.1968	0.22685	0.26041	0.11776	0.11532	0.19458	-0.027561	0.12303	0.17111	0.087611	0.13952	0.15979	0.0023401	0.11617	0.15391	0.049006	0.16717	0.14154	0.27246	0.22904	0.23723	0.24327	0.16693
