1	0.11494	0.085341	0.14519	0.075982	0.12723	0.12545	0.09863	0.12155	0.10844	0.19587	0.1115	0.22167	0.063483	0.14172	0.15305	0.003951	0.11012	0.10959	0.086343	0.1148	0.20255	0.14788	0.017443	0.18782	0.11812	0.13139	0.13181	0.12135	0.13257	0.19872	0.20075	0.17145	0.11493	0.11179	0.15903	0.12119	0.14519	0.17996	0.12136	0.15649	0.1134	0.1991	0.18302	0.11598	0.088918	0.14646	0.072534	0.13467	0.11049	0.15534	0.16565	0.1818	0.18639	0.12528	0.022273	0.13211	0.19536	0.042599	0.13616	0.12499	0.1878	0.14337	0.119	0.13076	0.14581	0.12602	0.10142	0.12413	0.078656	0.14139	0.099811	0.14417	0.096405	0.20002	0.14048	0.15454	0.13259	0.17764	0.23471	0.14026	0.088706	0.07501	0.13139	0.17741	0.13975	0.18264	0.14965	0.11372	0.14403	0.1225	0.15239	0.069686	0.09774	0.098828	0.052502	0.087043	0.1653	0.0021016	0.16926	0.15775	0.064507	0.16782	0.074755	0.12003	0.14989	0.21056	0.13302	0.1706	0.1331	0.20199	0.23911	0.20841	0.1894	0.13668	0.11091	0.18003	0.039361	0.11526	0.16198	0.13992	0.20261	0.078727	0.071849	0.0975	0.18961	0.10172	0.061532	0.18854	0.1204	0.079891	0.061728	0.18801	0.17736	0.19044	0.10361	-0.0076346	0.17789	0.14101	0.15886	0.05092	0.1335	0.20081	0.11721	0.12227	0.13014	0.17218	0.10305	0.1574	0.10859	0.059922	0.18664	0.18227	0.16194	0.032459	0.066988	0.05683	0.11606	0.18133	0.11418	0.1494	0.19485	0.18519	0.19308	0.14256	0.16417	0.14547	0.17094	0.12238	0.18366	0.21382	0.17439	0.17353	0.099236	0.11525	0.17438	0.18508	0.076212	0.14838	0.088412	0.14774	0.097469	0.12802	0.035127	0.082113
0.11494	1	0.36128	0.23873	0.41223	0.43369	0.075578	0.21298	0.51492	0.47806	0.49443	0.54017	0.45604	0.064589	0.46499	0.44581	0.071703	0.37475	0.37982	0.27374	0.28187	0.38224	0.4564	0.22398	0.42662	0.21605	0.50264	0.37694	0.38231	0.83032	0.43423	0.68092	0.45972	0.65736	0.36339	0.613	0.20175	0.64337	0.56022	0.4308	0.25817	0.20751	0.42266	0.53454	0.22104	0.40702	0.60329	0.27366	0.46701	0.35443	0.61073	0.72517	0.70407	0.41611	0.22232	0.15563	0.59321	0.39604	0.52808	0.26073	0.38999	0.6361	0.64408	0.39883	0.30062	0.41569	0.2786	0.37895	0.53062	0.47147	0.47508	0.30831	0.57697	0.51953	0.4003	0.63007	0.46107	0.49063	0.53627	0.51321	0.43035	0.37594	0.7146	0.44181	0.37307	0.68536	0.52031	0.36242	0.38225	0.53452	0.67272	0.46593	0.046706	0.6116	0.39526	0.31906	0.35601	0.55445	0.50452	0.45357	0.36129	0.53283	0.35648	0.46585	0.30823	0.31522	0.55033	0.4269	0.47784	0.33297	0.46566	0.62435	0.59053	0.48245	0.51709	0.38675	0.58934	0.24679	0.35838	0.68835	0.44413	0.32642	0.25713	0.43386	0.43993	0.33535	0.38728	0.075195	0.54855	0.25875	0.30818	0.18551	0.45359	0.56138	0.49642	0.36925	0.19537	0.46389	0.49719	0.40951	0.46146	0.34006	0.71371	0.47172	0.53148	0.49339	0.57617	0.42188	0.68877	0.39616	0.24797	0.42261	0.46776	0.33481	0.2537	0.566	0.43388	0.35847	0.35804	0.29581	0.41948	0.6365	0.65534	0.47212	0.57325	0.52191	0.35802	0.47692	0.41214	0.59657	0.492	0.33962	0.58936	0.29469	0.23919	0.54295	0.50515	0.21315	0.45219	0.61375	0.64601	0.38675	0.29385	0.11169	0.47181
0.085341	0.36128	1	0.28393	0.36879	0.38761	0.089671	0.18373	0.3212	0.21122	0.2369	0.37961	0.32011	0.04425	0.27072	0.34735	0.10077	0.24983	0.35055	0.25306	0.2089	0.34766	0.19376	0.26087	0.31054	0.1759	0.3746	0.31485	0.2718	0.40599	0.33451	0.33781	0.45273	0.40945	0.2517	0.45995	0.13221	0.37466	0.41455	0.34697	0.14225	0.17991	0.31425	0.40848	0.24051	0.34412	0.42822	0.22514	0.35154	0.29745	0.36483	0.40494	0.40023	0.3508	0.098526	0.048117	0.37768	0.20402	0.36489	0.17673	0.18406	0.43454	0.42495	0.36925	0.15861	0.35608	0.23448	0.22738	0.41526	0.36335	0.35658	0.29704	0.3905	0.34049	0.27836	0.38861	0.3912	0.31331	0.41169	0.44891	0.42088	0.29411	0.29701	0.23195	0.24875	0.38439	0.43418	0.19566	0.24669	0.31421	0.40102	0.34101	0.041615	0.41616	0.39374	0.24739	0.253	0.37079	0.42481	0.35413	0.32651	0.36545	0.28749	0.31295	0.27645	0.35215	0.30021	0.4145	0.42488	0.29489	0.37966	0.38684	0.40852	0.4104	0.45536	0.35371	0.3806	0.096402	0.30007	0.34095	0.36329	0.30755	0.16327	0.25507	0.30471	0.26065	0.32915	0.073575	0.2724	0.16236	0.21819	0.19774	0.40157	0.32119	0.39479	0.37521	0.23707	0.38854	0.42584	0.33876	0.34556	0.30331	0.41726	0.23123	0.30654	0.39876	0.39665	0.28993	0.31686	0.29429	0.15707	0.30515	0.36007	0.3578	0.13859	0.36784	0.25348	0.3577	0.30911	0.24153	0.28908	0.39855	0.41976	0.45535	0.36871	0.39203	0.28165	0.34431	0.30077	0.45552	0.42277	0.24879	0.4477	0.21888	0.30619	0.43871	0.50473	0.17299	0.37728	0.3762	0.35415	0.30359	0.27966	-0.025289	0.32577
0.14519	0.23873	0.28393	1	0.30575	0.29673	0.26793	0.27162	0.2177	0.22422	0.1836	0.37777	0.39506	0.10942	0.29343	0.28165	0.24251	0.2666	0.37845	0.21969	0.26084	0.41004	0.30615	0.34599	0.40838	0.27081	0.32005	0.40028	0.44937	0.31965	0.44005	0.31072	0.42543	0.32752	0.29133	0.36509	0.15567	0.3305	0.30231	0.40872	0.27257	0.16235	0.32694	0.44111	0.20236	0.25164	0.34171	0.2822	0.36673	0.35024	0.33377	0.38151	0.33988	0.33568	0.14265	0.16178	0.29691	0.23204	0.2026	0.20671	0.30234	0.39233	0.34063	0.27387	0.19925	0.41595	0.38021	0.26735	0.38307	0.38261	0.3181	0.28586	0.37372	0.37199	0.33407	0.32937	0.4284	0.24443	0.383	0.44478	0.41843	0.33077	0.24603	0.25282	0.27367	0.29862	0.39223	0.34035	0.15262	0.15262	0.34068	0.32476	0.15813	0.29164	0.36259	0.21714	0.16269	0.38222	0.43957	0.40556	0.26136	0.29195	0.25244	0.20298	0.24094	0.36729	0.26841	0.36397	0.35453	0.3385	0.33069	0.33916	0.3676	0.35773	0.44517	0.42811	0.26095	0.29984	0.56022	0.33881	0.2964	0.24511	0.13149	0.28418	0.29783	0.30893	0.25029	0.20519	0.29485	0.27801	0.35759	0.073084	0.37953	0.24532	0.32717	0.45052	0.23714	0.47679	0.30154	0.34475	0.25877	0.29609	0.33477	0.22259	0.20855	0.37357	0.37483	0.18422	0.32324	0.22311	0.27358	0.36837	0.30627	0.34702	0.31223	0.27957	0.31321	0.26699	0.28971	0.26469	0.18589	0.3543	0.37062	0.38703	0.33705	0.37197	0.30797	0.45993	0.27819	0.33775	0.37553	0.44152	0.39249	0.34222	0.3702	0.37817	0.44568	0.20007	0.39076	0.23356	0.2555	0.32071	0.42048	0.079101	0.33928
0.075982	0.41223	0.36879	0.30575	1	0.40369	0.1138	0.15998	0.32349	0.33934	0.31864	0.36625	0.41402	0.050942	0.31188	0.26748	0.12409	0.27182	0.3845	0.20215	0.2683	0.29182	0.30478	0.2028	0.44339	0.20544	0.39306	0.34988	0.31137	0.42975	0.39251	0.37375	0.45063	0.4323	0.24827	0.38578	0.20069	0.44306	0.4325	0.35597	0.16083	0.13763	0.41925	0.50835	0.2968	0.33797	0.45691	0.2669	0.42359	0.29789	0.35674	0.46598	0.36267	0.39252	0.1641	0.07423	0.44227	0.32642	0.26757	0.22233	0.26762	0.46735	0.42451	0.35146	0.24873	0.3856	0.26273	0.31259	0.41477	0.41464	0.33731	0.26523	0.43854	0.37871	0.30719	0.44296	0.36955	0.35128	0.36533	0.47767	0.35024	0.31695	0.32725	0.31244	0.30981	0.38628	0.43822	0.19488	0.22506	0.30254	0.44934	0.34857	0.10979	0.33854	0.39578	0.25887	0.28561	0.39818	0.3449	0.35499	0.38759	0.36441	0.26391	0.23182	0.2667	0.30437	0.371	0.36085	0.39345	0.22383	0.44093	0.40774	0.40942	0.38592	0.43706	0.31509	0.40231	0.26015	0.36555	0.40368	0.36921	0.31817	0.14539	0.33823	0.35496	0.32744	0.39632	0.12139	0.26279	0.17872	0.3049	0.16824	0.32528	0.36037	0.47589	0.28672	0.21263	0.3885	0.34336	0.31038	0.34883	0.27557	0.46198	0.30384	0.35937	0.39804	0.44008	0.27827	0.43796	0.36454	0.25022	0.31226	0.4261	0.37136	0.23177	0.32369	0.26904	0.26351	0.29005	0.30206	0.24383	0.42286	0.44912	0.31679	0.46018	0.39038	0.24099	0.34314	0.33062	0.41888	0.45771	0.2871	0.47475	0.19537	0.26634	0.38669	0.47351	0.18	0.32749	0.34752	0.36461	0.37111	0.27299	0.12529	0.34046
0.12723	0.43369	0.38761	0.29673	0.40369	1	0.13678	0.24018	0.35415	0.27459	0.336	0.44019	0.50912	0.062709	0.36349	0.27539	0.10576	0.39459	0.46834	0.30773	0.30313	0.41914	0.32822	0.3224	0.4505	0.27821	0.47341	0.39733	0.44396	0.52214	0.50629	0.49188	0.48268	0.54359	0.29212	0.55272	0.24795	0.53299	0.45176	0.49528	0.29569	0.18656	0.41242	0.53096	0.33107	0.4281	0.48831	0.3452	0.46589	0.46802	0.4147	0.57087	0.47409	0.39835	0.15321	0.12003	0.44125	0.32427	0.40043	0.25185	0.29899	0.52358	0.47658	0.38244	0.28387	0.46351	0.36459	0.29152	0.49096	0.48356	0.36273	0.36537	0.443	0.42126	0.37636	0.49836	0.48329	0.42643	0.478	0.49243	0.448	0.36828	0.36711	0.38758	0.36356	0.47117	0.47258	0.2932	0.31347	0.36097	0.51032	0.44965	-0.015833	0.51471	0.36983	0.36559	0.27991	0.42646	0.48284	0.4627	0.41864	0.44664	0.34802	0.39203	0.35158	0.37132	0.42037	0.46561	0.42193	0.36995	0.40483	0.52374	0.51592	0.54559	0.44323	0.39918	0.47139	0.15051	0.40399	0.5131	0.46934	0.33054	0.16315	0.36437	0.3981	0.42364	0.49791	0.15166	0.32048	0.16588	0.3052	0.096957	0.46331	0.43554	0.48822	0.4584	0.31968	0.47996	0.47328	0.43119	0.43594	0.40575	0.50753	0.34999	0.29763	0.45532	0.51965	0.35136	0.52162	0.38884	0.33516	0.40629	0.41927	0.3734	0.24192	0.3869	0.33091	0.3575	0.36136	0.31745	0.34155	0.46668	0.53021	0.55052	0.51333	0.50711	0.3314	0.3764	0.36277	0.51528	0.46456	0.36109	0.49696	0.2538	0.26937	0.50086	0.55406	0.19596	0.4612	0.46523	0.46563	0.40952	0.40273	0.091688	0.45516
0.12545	0.075578	0.089671	0.26793	0.1138	0.13678	1	0.34921	0.13584	0.20136	0.12968	0.17785	0.25811	0.039291	0.1169	0.11714	0.31466	0.073523	0.1141	0.13288	0.23733	0.21263	0.20258	0.26733	0.25378	0.13098	0.14353	0.27539	0.21192	0.12748	0.27037	0.13915	0.15696	0.095438	0.17509	0.13787	0.028062	0.11643	0.20292	0.082347	0.049008	0.041137	0.16559	0.099304	0.089787	0.084209	0.14748	0.045994	0.21115	0.18865	0.12767	0.074576	0.1061	0.12029	0.25772	0.10071	0.1765	0.19217	0.12443	0.084445	0.30425	0.14191	0.075959	0.17779	0.14865	0.27996	0.27043	0.16878	0.17097	0.17645	0.1963	0.11166	0.14468	0.21985	0.19412	0.15266	0.23231	0.1245	0.16522	0.18103	0.18821	0.24309	0.092633	0.087012	0.12278	0.089978	0.19967	0.2971	0.13233	0.051418	0.16862	0.12696	0.058369	0.12953	0.16439	0.1078	0.16046	0.097747	0.18083	0.22289	0.10648	0.24303	0.10412	0.12535	0.20159	0.10607	0.23718	0.12101	0.1239	0.11326	0.11582	0.12496	0.142	0.23391	0.24822	0.28116	0.15362	0.21196	0.2078	0.1729	0.1896	0.14359	-0.02233	0.12381	0.13564	0.24339	0.15044	0.25454	0.084455	0.21577	0.2672	0.13897	0.22458	0.14877	0.085373	0.18178	0.16253	0.1812	0.19591	0.18948	0.23593	0.13628	0.18932	0.22691	0.14402	0.20941	0.18435	0.13688	0.1169	0.17803	0.065108	0.28267	0.1657	0.15529	0.20567	0.13627	0.3105	0.049567	0.12922	0.32626	0.092055	0.087818	0.13564	0.17667	0.15104	0.2423	0.18325	0.28264	0.11779	0.14134	0.21686	0.26495	0.17705	0.11644	0.23707	0.18917	0.16496	0.14984	0.12572	0.051364	0.038088	0.20984	0.19523	0.20953	0.17366
0.09863	0.21298	0.18373	0.27162	0.15998	0.24018	0.34921	1	0.25588	0.26484	0.25231	0.28582	0.31204	0.091224	0.15852	0.17232	0.38824	0.10793	0.17005	0.18555	0.21998	0.23488	0.26965	0.25094	0.26553	0.16153	0.20861	0.26044	0.35187	0.22497	0.26798	0.22591	0.24074	0.30693	0.25185	0.21349	0.061517	0.28673	0.2125	0.18949	0.1813	0.028939	0.21436	0.221	0.043915	0.16408	0.23869	0.11656	0.24566	0.23371	0.17954	0.16512	0.1963	0.22536	0.24617	0.13877	0.24718	0.27977	0.29192	0.12602	0.38512	0.17463	0.23532	0.28153	0.1976	0.35131	0.26973	0.15608	0.19982	0.18246	0.22743	0.18305	0.16096	0.19648	0.17906	0.2077	0.29692	0.20619	0.21303	0.19377	0.25589	0.19477	0.24633	0.19921	0.20174	0.25955	0.26935	0.33293	0.30161	0.2691	0.32812	0.19884	0.11112	0.34862	0.24983	0.21796	0.27149	0.20467	0.3032	0.19733	0.082886	0.48298	0.27009	0.25948	0.30106	0.12354	0.20404	0.17289	0.2111	0.17246	0.21241	0.16668	0.17842	0.32691	0.26815	0.30859	0.26322	0.18864	0.35184	0.23532	0.26609	0.20134	0.058502	0.21966	0.16985	0.22447	0.1482	0.23544	0.18571	0.11538	0.27551	0.11133	0.3007	0.29104	0.19371	0.24252	0.20192	0.21005	0.27505	0.15595	0.40292	0.10126	0.23305	0.36765	0.20801	0.23547	0.19103	0.32466	0.25174	0.26079	0.15266	0.19363	0.2085	0.12862	0.23098	0.3183	0.34532	0.17364	0.12645	0.27901	0.088167	0.13098	0.31057	0.27971	0.16856	0.21601	0.25028	0.41704	0.1885	0.17096	0.26355	0.31033	0.20382	0.17155	0.25493	0.27613	0.27037	0.073441	0.23819	0.24692	0.23882	0.31581	0.28141	0.10018	0.26496
0.12155	0.51492	0.3212	0.2177	0.32349	0.35415	0.13584	0.25588	1	0.42143	0.61933	0.39893	0.41459	0.081591	0.34799	0.37905	0.12342	0.23056	0.31625	0.24681	0.21225	0.29991	0.44672	0.18021	0.34074	0.056674	0.38297	0.30625	0.3758	0.48883	0.38573	0.50172	0.36561	0.53381	0.3304	0.42484	0.16243	0.49922	0.52901	0.34846	0.23874	0.090462	0.40958	0.40039	0.20195	0.32039	0.45651	0.24953	0.44723	0.27339	0.4128	0.4378	0.46761	0.33959	0.14194	0.083757	0.43342	0.46541	0.43458	0.19773	0.27694	0.44833	0.49557	0.38006	0.3702	0.31391	0.30389	0.28227	0.43242	0.33664	0.41597	0.2494	0.41561	0.41416	0.36975	0.45748	0.47049	0.5679	0.40551	0.41286	0.37206	0.36315	0.49875	0.25478	0.50061	0.5483	0.46499	0.23307	0.57156	0.80341	0.5205	0.36586	0.13633	0.51605	0.38645	0.27832	0.3067	0.3881	0.35527	0.32574	0.34953	0.49298	0.33745	0.39032	0.33996	0.27123	0.40905	0.32938	0.3627	0.20107	0.43892	0.43498	0.45827	0.43297	0.39428	0.36811	0.58777	0.25165	0.3221	0.47627	0.3871	0.23363	0.2391	0.38876	0.30286	0.27659	0.40862	0.056297	0.41246	0.2467	0.30204	0.27603	0.3398	0.49843	0.37689	0.26567	0.098967	0.37764	0.50849	0.35405	0.35923	0.27251	0.53339	0.56276	0.53075	0.43268	0.47586	0.49199	0.51396	0.39195	0.13844	0.27984	0.43317	0.35393	0.25615	0.4944	0.44038	0.29887	0.39166	0.25066	0.43999	0.43263	0.51056	0.41121	0.43874	0.45334	0.38523	0.3856	0.38153	0.45087	0.43395	0.266	0.44284	0.16897	0.2674	0.46395	0.38292	0.10128	0.29065	0.51332	0.49428	0.3308	0.18908	0.11339	0.39899
0.10844	0.47806	0.21122	0.22422	0.33934	0.27459	0.20136	0.26484	0.42143	1	0.4501	0.45805	0.40605	0.0471	0.35804	0.37121	0.12567	0.22845	0.24078	0.19116	0.1974	0.28264	0.42784	0.18882	0.36597	0.084211	0.33337	0.33139	0.31626	0.45849	0.34807	0.36666	0.37885	0.41321	0.28007	0.36926	0.14806	0.47521	0.4122	0.37209	0.27481	0.13221	0.3886	0.40775	0.13187	0.29858	0.4834	0.24417	0.36184	0.24852	0.41791	0.42512	0.46495	0.3722	0.14963	0.085481	0.44124	0.35318	0.35982	0.19261	0.31925	0.44026	0.45023	0.34779	0.3055	0.32585	0.24524	0.3098	0.38567	0.35329	0.36646	0.24079	0.39641	0.41932	0.29941	0.43828	0.39469	0.34708	0.37815	0.40553	0.32257	0.32966	0.44389	0.37883	0.39587	0.47891	0.41173	0.26854	0.32849	0.46133	0.46462	0.27288	0.055146	0.40117	0.33644	0.20424	0.30828	0.4665	0.37266	0.35953	0.30452	0.45677	0.28239	0.29359	0.29688	0.26969	0.38867	0.35195	0.42069	0.28991	0.34761	0.41996	0.41643	0.37957	0.40609	0.23784	0.46894	0.22416	0.24902	0.45313	0.34614	0.21888	0.15744	0.32719	0.33624	0.23906	0.39333	0.080379	0.40167	0.22442	0.2503	0.15435	0.37397	0.50568	0.3627	0.29341	0.19162	0.40584	0.38637	0.34472	0.49259	0.28921	0.47547	0.41951	0.41642	0.41049	0.44398	0.42987	0.48533	0.32661	0.20527	0.36493	0.36203	0.26516	0.1921	0.36615	0.40356	0.24223	0.23747	0.26743	0.31246	0.41723	0.50209	0.39989	0.4094	0.44849	0.28999	0.27254	0.3057	0.4478	0.35955	0.28693	0.40719	0.17228	0.23273	0.38584	0.36122	0.11308	0.35766	0.41401	0.38727	0.36841	0.24181	0.13299	0.38237
0.19587	0.49443	0.2369	0.1836	0.31864	0.336	0.12968	0.25231	0.61933	0.4501	1	0.40143	0.4396	0.04294	0.38318	0.40894	0.12556	0.31159	0.3202	0.18814	0.22136	0.30461	0.52829	0.21358	0.37196	0.16446	0.40843	0.36935	0.33548	0.47718	0.36162	0.46276	0.34999	0.53832	0.29906	0.45409	0.19816	0.52052	0.46076	0.41542	0.27007	0.14616	0.36222	0.46959	0.23829	0.32544	0.49333	0.25278	0.46402	0.24866	0.43903	0.46807	0.46807	0.40996	0.19229	0.068509	0.45863	0.43477	0.35227	0.1486	0.28421	0.52489	0.55966	0.36756	0.41263	0.32317	0.32914	0.29457	0.51466	0.34471	0.37482	0.28786	0.47405	0.39823	0.35062	0.52702	0.46463	0.50413	0.38832	0.45104	0.29407	0.35672	0.42393	0.34008	0.41814	0.58496	0.48565	0.28947	0.476	0.64422	0.53829	0.35684	0.18846	0.40893	0.41392	0.27448	0.34842	0.41759	0.37273	0.32485	0.37251	0.49042	0.38593	0.2852	0.31562	0.29311	0.46116	0.31959	0.42114	0.29401	0.47374	0.47364	0.46995	0.42175	0.41651	0.34889	0.67076	0.23574	0.26814	0.50827	0.41293	0.34222	0.21446	0.33848	0.36224	0.31019	0.3918	0.042259	0.43214	0.20887	0.34097	0.26012	0.3932	0.57293	0.4216	0.28973	0.10186	0.45335	0.42481	0.33369	0.40728	0.29177	0.59733	0.68243	0.61373	0.44802	0.53191	0.64812	0.56103	0.4902	0.28356	0.3353	0.37033	0.34455	0.29809	0.41657	0.39557	0.29334	0.40508	0.29788	0.43786	0.46271	0.56484	0.41703	0.41985	0.42965	0.33279	0.36541	0.30204	0.50682	0.38776	0.29797	0.47138	0.21368	0.28918	0.47739	0.40474	0.19038	0.33774	0.44777	0.4904	0.39378	0.26355	0.081332	0.36542
0.1115	0.54017	0.37961	0.37777	0.36625	0.44019	0.17785	0.28582	0.39893	0.45805	0.40143	1	0.52255	0.04868	0.45402	0.36745	0.20354	0.36748	0.39541	0.29055	0.34847	0.44325	0.41205	0.3579	0.53581	0.20241	0.42286	0.40486	0.43319	0.53519	0.55261	0.4628	0.52855	0.5161	0.30768	0.48755	0.14636	0.56809	0.46115	0.43999	0.27675	0.17066	0.385	0.5301	0.22464	0.35183	0.56306	0.27965	0.51195	0.40266	0.46252	0.52738	0.57172	0.41024	0.20975	0.14469	0.42588	0.37377	0.34556	0.20131	0.39375	0.59795	0.54461	0.40662	0.29196	0.47696	0.3281	0.41666	0.54105	0.4149	0.44054	0.34027	0.50824	0.51172	0.4034	0.52522	0.44983	0.37172	0.54574	0.51598	0.34624	0.4389	0.49075	0.39411	0.40982	0.5276	0.57408	0.28474	0.28371	0.40898	0.54933	0.4551	0.068473	0.47058	0.35469	0.29447	0.30491	0.50373	0.49522	0.48103	0.38193	0.4413	0.39422	0.37174	0.42271	0.32241	0.38566	0.47585	0.51609	0.2892	0.42398	0.51725	0.54015	0.44958	0.48984	0.44308	0.46457	0.30338	0.47957	0.54039	0.34007	0.326	0.26034	0.39785	0.43006	0.39925	0.44594	0.15836	0.45086	0.26603	0.38205	0.17762	0.45967	0.43534	0.43162	0.42541	0.25301	0.47425	0.42804	0.42061	0.46108	0.38043	0.57449	0.33149	0.38136	0.5151	0.53524	0.3637	0.52853	0.30906	0.29758	0.42729	0.473	0.39193	0.3282	0.38023	0.43269	0.29407	0.40557	0.34396	0.32028	0.5956	0.56774	0.52889	0.50044	0.53336	0.30695	0.42189	0.40842	0.54276	0.36452	0.40447	0.52407	0.26374	0.30063	0.45571	0.48765	0.20741	0.47506	0.41577	0.42995	0.45355	0.42419	0.19775	0.39333
0.22167	0.45604	0.32011	0.39506	0.41402	0.50912	0.25811	0.31204	0.41459	0.40605	0.4396	0.52255	1	0.0944	0.43374	0.3	0.1994	0.39175	0.47668	0.27323	0.3814	0.45782	0.45264	0.35785	0.6005	0.28267	0.40361	0.48051	0.39964	0.46891	0.53793	0.4522	0.47908	0.46479	0.42523	0.46627	0.22392	0.46401	0.46607	0.4556	0.23003	0.22342	0.41721	0.53775	0.26257	0.3728	0.48216	0.36834	0.51556	0.47867	0.43903	0.51047	0.48563	0.43208	0.19423	0.21412	0.46567	0.40065	0.2886	0.36922	0.44723	0.54618	0.44332	0.45514	0.33535	0.43086	0.42188	0.36478	0.54228	0.44731	0.36362	0.31794	0.50444	0.49992	0.45832	0.51197	0.51816	0.42153	0.51214	0.54156	0.42359	0.40823	0.36905	0.45296	0.37423	0.4741	0.5375	0.31433	0.32377	0.38895	0.49577	0.42021	0.16842	0.38531	0.42107	0.3124	0.31296	0.45284	0.45201	0.52074	0.39031	0.44262	0.35358	0.28082	0.35539	0.42246	0.38689	0.43742	0.45068	0.41382	0.49053	0.47775	0.50412	0.49445	0.54879	0.44543	0.52289	0.33565	0.48264	0.45654	0.42475	0.41822	0.15761	0.43368	0.45844	0.50229	0.46405	0.13753	0.36142	0.31009	0.47364	0.25076	0.45846	0.4683	0.46281	0.45358	0.24125	0.50124	0.39659	0.46941	0.45391	0.4476	0.56214	0.4258	0.47797	0.57408	0.54572	0.36223	0.52495	0.40235	0.32084	0.45443	0.56291	0.43003	0.42437	0.32947	0.43789	0.34105	0.42774	0.41426	0.31877	0.60069	0.52914	0.53984	0.53486	0.56814	0.32065	0.48763	0.38044	0.47644	0.49843	0.46164	0.49765	0.3307	0.30408	0.4794	0.54627	0.2961	0.45957	0.38006	0.40039	0.52721	0.42033	0.33294	0.52123
0.063483	0.064589	0.04425	0.10942	0.050942	0.062709	0.039291	0.091224	0.081591	0.0471	0.04294	0.04868	0.0944	1	0.037737	0.099672	0.15424	0.084275	0.058395	0.039207	0.062436	-0.046315	0.071644	0.056028	0.10322	-0.0023155	0.013922	0.063465	0.063649	0.084115	0.031961	0.087187	0.026357	0.091094	0.070892	0.10891	0.039877	0.098702	0.036882	0.073409	0.062114	0.03474	0.017378	0.10343	-0.0098093	-0.0058809	0.032031	0.045135	0.11022	0.079404	0.067914	0.087805	0.075386	0.039075	-0.0032579	0.049817	0.073983	0.068469	0.058635	0.10033	0.034682	0.081905	0.053816	0.060132	0.010211	0.078554	0.017817	0.070461	0.050604	0.065201	0.071643	0.054671	0.075078	0.075972	0.084791	0.074268	0.03526	0.026005	0.026057	0.049577	0.10922	0.053397	0.052209	0.099253	0.054984	0.066195	0.065575	0.099999	0.048583	0.096301	0.10524	0.075366	0.12556	0.047817	0.034595	0.065808	0.038887	0.049205	0.11303	0.063444	0.03068	0.06177	0.017061	0.018859	0.071291	0.065363	0.084804	0.09352	0.072072	0.028733	0.044151	0.087506	0.056373	0.053527	0.07045	0.058591	0.047265	0.0067464	0.10206	0.091087	0.078782	-0.011116	-0.016584	0.049292	0.019867	0.094382	0.036133	0.064609	0.076521	0.043258	0.051609	0.090064	0.043655	0.067757	0.038622	0.054828	0.034943	0.10837	0.10257	0.038219	0.092371	0.029228	0.082727	0.058815	0.055997	0.032442	0.057784	0.071068	0.065452	0.016538	0.029334	0.050333	0.048649	0.036005	0.0378	0.045504	0.098382	0.036291	0.093788	0.073678	0.023155	0.047486	0.10869	0.08841	0.1209	0.085425	0.067927	0.094177	0.067639	0.12204	0.076073	0.095315	0.073486	0.039538	0.041875	0.080194	0.075499	0.0024691	0.073676	0.065865	0.077416	0.07335	0.043439	-0.0054027	0.085223
0.14172	0.46499	0.27072	0.29343	0.31188	0.36349	0.1169	0.15852	0.34799	0.35804	0.38318	0.45402	0.43374	0.037737	1	0.34834	0.10369	0.28994	0.34364	0.16011	0.35365	0.39925	0.43771	0.312	0.40272	0.23423	0.35729	0.39296	0.33119	0.49892	0.39695	0.43551	0.36878	0.44462	0.26179	0.43235	0.20519	0.45764	0.40929	0.48777	0.25483	0.14191	0.39115	0.45397	0.18302	0.2838	0.44565	0.31218	0.49456	0.35918	0.46012	0.44213	0.47442	0.29217	0.18898	0.15575	0.43853	0.32737	0.33514	0.16107	0.29466	0.51744	0.4242	0.27974	0.29535	0.32276	0.23231	0.19025	0.46047	0.34967	0.38917	0.27266	0.45863	0.47079	0.3919	0.43557	0.33262	0.35309	0.57086	0.45335	0.32799	0.31689	0.45543	0.34097	0.44604	0.45763	0.45842	0.31152	0.25449	0.35897	0.48405	0.44667	0.072619	0.38419	0.29229	0.25985	0.29856	0.40967	0.38589	0.39099	0.302	0.38296	0.24909	0.30822	0.29839	0.19871	0.39822	0.45522	0.37881	0.30701	0.36885	0.46806	0.46586	0.41937	0.38383	0.32652	0.4137	0.26803	0.34785	0.51826	0.36594	0.25496	0.13309	0.27892	0.40266	0.30008	0.46761	0.15687	0.434	0.32105	0.25824	0.1342	0.36257	0.37923	0.37278	0.31168	0.14176	0.44973	0.36014	0.42998	0.3453	0.26697	0.46355	0.32195	0.44142	0.52312	0.4467	0.3497	0.48841	0.41096	0.25438	0.40918	0.40062	0.32191	0.2721	0.37041	0.39097	0.29259	0.31951	0.30667	0.30307	0.53196	0.4314	0.4367	0.50292	0.54476	0.26303	0.44248	0.36419	0.49713	0.37029	0.37153	0.55919	0.21397	0.2846	0.41811	0.40513	0.19354	0.35588	0.40702	0.44795	0.30387	0.26931	0.19271	0.33397
0.15305	0.44581	0.34735	0.28165	0.26748	0.27539	0.11714	0.17232	0.37905	0.37121	0.40894	0.36745	0.3	0.099672	0.34834	1	0.16855	0.26717	0.29651	0.22617	0.23888	0.229	0.35232	0.2429	0.27818	0.11027	0.37655	0.3237	0.26947	0.44118	0.31236	0.36665	0.35202	0.39227	0.34892	0.39926	0.14315	0.38688	0.39285	0.41117	0.16324	0.18969	0.28892	0.43084	0.15089	0.28578	0.42637	0.13762	0.4226	0.28844	0.47657	0.44149	0.46839	0.29734	0.15857	0.090366	0.47192	0.36393	0.38932	0.090411	0.23731	0.47451	0.42951	0.23863	0.27698	0.33329	0.1949	0.25808	0.40243	0.29439	0.35536	0.28874	0.3716	0.34534	0.32722	0.46471	0.31272	0.35942	0.42268	0.37766	0.35484	0.3722	0.43121	0.34477	0.32749	0.49655	0.38891	0.24984	0.32536	0.43251	0.39724	0.29862	0.072666	0.35632	0.28925	0.23047	0.3148	0.40385	0.38601	0.38254	0.27872	0.43368	0.31122	0.29269	0.28199	0.34141	0.41695	0.37297	0.39114	0.26572	0.28907	0.38354	0.36477	0.37724	0.36618	0.26978	0.37253	0.21847	0.27482	0.46753	0.33207	0.28225	0.18269	0.30546	0.31555	0.26331	0.30985	0.13963	0.42647	0.30191	0.22855	0.11775	0.34541	0.42106	0.32838	0.32701	0.17181	0.34796	0.38151	0.24873	0.32284	0.25786	0.47645	0.38393	0.37495	0.32737	0.42748	0.32675	0.41983	0.32837	0.27125	0.33844	0.30779	0.23227	0.24289	0.41447	0.38246	0.25822	0.22583	0.23761	0.27306	0.42451	0.46743	0.40843	0.39143	0.43106	0.27855	0.29117	0.26558	0.48212	0.32936	0.28837	0.43551	0.21052	0.25641	0.35863	0.34736	0.1341	0.29941	0.38473	0.38494	0.3386	0.25648	0.063706	0.30029
0.003951	0.071703	0.10077	0.24251	0.12409	0.10576	0.31466	0.38824	0.12342	0.12567	0.12556	0.20354	0.1994	0.15424	0.10369	0.16855	1	0.0076566	0.061968	0.11899	0.24097	0.21344	0.20132	0.26532	0.22134	0.052762	0.025773	0.27435	0.20022	0.099647	0.22606	0.1012	0.16531	0.14218	0.16401	0.14506	0.018415	0.1674	0.1034	0.10289	0.091597	0.039975	0.024017	0.16134	0.027964	0.023976	0.13818	0.088665	0.18431	0.15396	0.075979	0.074991	0.1027	0.066087	0.16256	0.25848	0.14492	0.14498	0.16915	0.069028	0.27938	0.14466	0.057978	0.11707	0.14399	0.19674	0.20619	0.14674	0.1057	0.069722	0.13997	0.16306	0.094362	0.099192	0.10465	0.11606	0.13538	0.13129	0.13064	0.10718	0.19145	0.20085	0.10816	0.2104	0.064088	0.08214	0.16676	0.29716	0.10255	0.092662	0.18137	0.1038	0.12643	0.14045	0.058672	0.088229	0.096938	0.068845	0.186	0.15814	0.058981	0.27607	0.1297	0.15651	0.20978	0.040041	0.15408	0.19377	0.088397	0.091797	0.1376	0.11794	0.06876	0.21083	0.1515	0.27574	0.12356	0.18377	0.3249	0.14531	0.16936	0.21576	-0.023115	0.1273	0.12629	0.18067	0.15281	0.22936	0.1039	0.16693	0.24487	0.14077	0.1229	0.16001	0.050199	0.19181	0.15636	0.206	0.18401	0.11869	0.29719	0.048698	0.19414	0.21725	0.14542	0.24737	0.14338	0.139	0.14214	0.093249	0.093141	0.25267	0.18872	0.11264	0.20745	0.19089	0.28735	0.0579	0.094423	0.27325	0.028059	0.11936	0.14808	0.17756	0.078222	0.16157	0.090248	0.34119	0.13815	0.1258	0.1381	0.32929	0.11808	0.16297	0.14333	0.14498	0.11938	0.039639	0.15201	0.077846	0.10058	0.19861	0.23812	0.12319	0.1677
0.11012	0.37475	0.24983	0.2666	0.27182	0.39459	0.073523	0.10793	0.23056	0.22845	0.31159	0.36748	0.39175	0.084275	0.28994	0.26717	0.0076566	1	0.41227	0.23285	0.19167	0.23668	0.25556	0.26294	0.37239	0.2472	0.39055	0.35124	0.28544	0.40919	0.34329	0.3508	0.35437	0.36411	0.15795	0.38714	0.12193	0.40358	0.32489	0.40821	0.21419	0.18952	0.37622	0.45682	0.33737	0.34017	0.39179	0.26469	0.33066	0.33002	0.3077	0.44154	0.38244	0.35318	0.08191	0.049735	0.35894	0.24651	0.20658	0.19549	0.25878	0.45249	0.40414	0.32254	0.14426	0.32872	0.28294	0.2736	0.48149	0.39656	0.26126	0.28777	0.37811	0.2994	0.28227	0.37641	0.35691	0.35336	0.39398	0.40484	0.32462	0.21285	0.29032	0.297	0.29986	0.37936	0.43674	0.16098	0.21706	0.25391	0.34013	0.32233	0.11154	0.29151	0.33884	0.27883	0.21706	0.33325	0.40957	0.32727	0.31829	0.27116	0.29828	0.22678	0.1881	0.31488	0.34849	0.35639	0.28923	0.33076	0.37296	0.41486	0.44206	0.34353	0.4263	0.32365	0.36448	0.19498	0.27705	0.37516	0.33654	0.22747	0.21082	0.24645	0.28574	0.28391	0.31361	0.063369	0.29762	0.18097	0.20855	0.092616	0.32685	0.34254	0.37479	0.33509	0.2357	0.36096	0.29343	0.31417	0.25908	0.32147	0.38904	0.29494	0.35236	0.31077	0.39272	0.22336	0.40409	0.29575	0.26346	0.31687	0.3375	0.32732	0.24092	0.2132	0.20654	0.23948	0.26529	0.24684	0.26199	0.45767	0.41134	0.37094	0.43262	0.34768	0.22189	0.31392	0.2704	0.42818	0.30519	0.31717	0.42267	0.19656	0.18606	0.33667	0.40814	0.20141	0.38836	0.27083	0.3316	0.26872	0.3243	0.058372	0.39756
0.10959	0.37982	0.35055	0.37845	0.3845	0.46834	0.1141	0.17005	0.31625	0.24078	0.3202	0.39541	0.47668	0.058395	0.34364	0.29651	0.061968	0.41227	1	0.30756	0.30336	0.3327	0.30505	0.27634	0.49645	0.30126	0.44551	0.35418	0.32009	0.45153	0.40177	0.43181	0.47746	0.42891	0.32907	0.41379	0.21119	0.39456	0.43668	0.43689	0.22748	0.2101	0.37365	0.52523	0.34716	0.3815	0.43354	0.32715	0.4397	0.38445	0.42911	0.48713	0.4095	0.43102	0.15604	0.11961	0.40918	0.30793	0.26234	0.25559	0.27588	0.50466	0.42729	0.39198	0.27683	0.35908	0.34247	0.3622	0.44974	0.41289	0.43052	0.38967	0.46487	0.41182	0.37415	0.43587	0.50149	0.34514	0.43939	0.49407	0.39616	0.36052	0.34793	0.33846	0.3596	0.39891	0.49225	0.23675	0.2024	0.28998	0.41687	0.39011	0.074529	0.33987	0.40447	0.3334	0.28335	0.40782	0.46134	0.45557	0.43827	0.29613	0.32268	0.20168	0.25357	0.39118	0.35088	0.41101	0.448	0.37418	0.38269	0.4091	0.43619	0.40203	0.47015	0.3986	0.40806	0.20741	0.40826	0.40874	0.37209	0.29629	0.24712	0.35483	0.37857	0.41561	0.41705	0.036912	0.35701	0.18243	0.35224	0.17437	0.40007	0.31945	0.4736	0.44633	0.18901	0.48728	0.40426	0.39964	0.32839	0.37545	0.43721	0.28272	0.36626	0.41302	0.45379	0.24242	0.42309	0.35403	0.30381	0.3974	0.42356	0.38758	0.28066	0.25519	0.35056	0.35492	0.43721	0.2462	0.37343	0.46137	0.47282	0.47202	0.46801	0.44019	0.35253	0.39117	0.40628	0.47522	0.44278	0.36166	0.45461	0.27458	0.34364	0.37761	0.51687	0.29488	0.42879	0.33691	0.37774	0.30768	0.38897	0.11644	0.32982
0.086343	0.27374	0.25306	0.21969	0.20215	0.30773	0.13288	0.18555	0.24681	0.19116	0.18814	0.29055	0.27323	0.039207	0.16011	0.22617	0.11899	0.23285	0.30756	1	0.18804	0.2379	0.14062	0.18316	0.2662	0.15949	0.29872	0.22487	0.24085	0.33052	0.30434	0.32559	0.22947	0.31182	0.21179	0.28324	0.011215	0.34294	0.32353	0.26879	0.13871	0.21706	0.20678	0.32128	0.12858	0.22942	0.28071	0.097267	0.25374	0.28458	0.30167	0.36105	0.282	0.25204	0.12325	-0.027424	0.30807	0.17735	0.23039	0.16185	0.25872	0.32711	0.30786	0.13287	0.113	0.3179	0.22665	0.13911	0.28761	0.17551	0.22336	0.10982	0.33822	0.28934	0.21662	0.32672	0.28438	0.32823	0.30102	0.32914	0.31787	0.22084	0.307	0.17912	0.14238	0.32492	0.27678	0.20071	0.16768	0.20602	0.30331	0.23584	0.011097	0.27684	0.25431	0.26061	0.1376	0.30346	0.25519	0.22645	0.18139	0.2551	0.21668	0.20821	0.17107	0.29979	0.25611	0.27207	0.23715	0.092735	0.17716	0.32593	0.32003	0.28541	0.28612	0.28557	0.293	0.12894	0.26004	0.31981	0.21706	0.17218	0.13202	0.17291	0.19696	0.20567	0.30088	0.074504	0.21515	0.11847	0.18224	0.074756	0.25319	0.25568	0.30112	0.30461	0.1692	0.2662	0.35326	0.30944	0.18759	0.22318	0.3041	0.23156	0.18083	0.27133	0.33969	0.20629	0.28753	0.23222	0.11984	0.26164	0.22607	0.23886	0.13814	0.28895	0.2731	0.25052	0.24039	0.16755	0.2639	0.31806	0.33272	0.31464	0.28542	0.30887	0.33548	0.22301	0.25075	0.32277	0.31839	0.17147	0.29433	0.25675	0.24226	0.33065	0.29871	0.14067	0.24161	0.24447	0.26949	0.22515	0.16613	0.071823	0.24321
0.1148	0.28187	0.2089	0.26084	0.2683	0.30313	0.23733	0.21998	0.21225	0.1974	0.22136	0.34847	0.3814	0.062436	0.35365	0.23888	0.24097	0.19167	0.30336	0.18804	1	0.34608	0.3533	0.30766	0.36158	0.25372	0.23149	0.35269	0.28151	0.27912	0.41183	0.27644	0.29919	0.2853	0.25622	0.27039	0.10625	0.25693	0.32188	0.28118	0.1759	0.13951	0.28374	0.36993	0.2094	0.14959	0.32369	0.17198	0.41873	0.34635	0.30405	0.3386	0.28768	0.23081	0.23207	0.20748	0.32338	0.31718	0.26715	0.2195	0.36963	0.34639	0.29803	0.2207	0.13691	0.37981	0.27572	0.22912	0.34654	0.28656	0.32369	0.29471	0.25612	0.25453	0.30728	0.34747	0.27373	0.20454	0.31194	0.29047	0.2737	0.27223	0.26507	0.37183	0.19659	0.30305	0.36765	0.36053	0.19128	0.19882	0.30824	0.23638	0.14374	0.26253	0.25594	0.30588	0.24857	0.24437	0.28807	0.31154	0.25123	0.39437	0.25039	0.17655	0.26358	0.20303	0.34313	0.3422	0.30088	0.2017	0.34368	0.29622	0.26518	0.34705	0.36152	0.30749	0.30006	0.30508	0.40737	0.2793	0.19783	0.35045	0.012142	0.29207	0.22911	0.31207	0.38319	0.1987	0.20817	0.19333	0.29883	0.20352	0.26282	0.27753	0.26837	0.36917	0.14853	0.32459	0.27906	0.26428	0.29333	0.23237	0.3404	0.25258	0.25349	0.37954	0.32327	0.1693	0.33565	0.29922	0.30234	0.40632	0.38372	0.26519	0.30004	0.2766	0.35432	0.2202	0.26073	0.4146	0.22981	0.29828	0.28295	0.36185	0.26205	0.38107	0.20052	0.48204	0.24019	0.33219	0.28259	0.31634	0.3415	0.14131	0.20843	0.30326	0.32756	0.18274	0.31232	0.19697	0.2413	0.39192	0.29804	0.1757	0.24966
0.20255	0.38224	0.34766	0.41004	0.29182	0.41914	0.21263	0.23488	0.29991	0.28264	0.30461	0.44325	0.45782	-0.046315	0.39925	0.229	0.21344	0.23668	0.3327	0.2379	0.34608	1	0.38744	0.34987	0.37666	0.31403	0.38065	0.43179	0.39771	0.44537	0.52002	0.38636	0.44986	0.42823	0.27882	0.41259	0.10138	0.3717	0.44674	0.40068	0.25879	0.1469	0.4012	0.46184	0.27175	0.30822	0.39566	0.24981	0.41405	0.35883	0.3552	0.41979	0.42881	0.37157	0.18979	0.13365	0.40793	0.28467	0.33957	0.24471	0.35296	0.43057	0.39207	0.2448	0.26088	0.39731	0.29186	0.30664	0.49962	0.37851	0.34504	0.32719	0.40596	0.4196	0.4202	0.37408	0.43019	0.3033	0.47519	0.48516	0.44091	0.33336	0.34465	0.28533	0.20664	0.35616	0.48452	0.3421	0.28658	0.25859	0.43778	0.39701	0.12609	0.38438	0.36773	0.30391	0.2266	0.40974	0.41182	0.40776	0.29298	0.41365	0.4251	0.26369	0.32672	0.31545	0.34918	0.426	0.35148	0.27214	0.39312	0.41195	0.40223	0.46003	0.40924	0.42793	0.3989	0.2393	0.46957	0.37053	0.35861	0.30305	0.15689	0.26554	0.48822	0.3334	0.36873	0.2227	0.28317	0.24783	0.27315	0.13581	0.42687	0.31844	0.38717	0.46777	0.17984	0.48572	0.41807	0.3608	0.32294	0.36358	0.40699	0.30631	0.30537	0.51453	0.44638	0.30825	0.36419	0.32861	0.2365	0.45157	0.4012	0.40115	0.19561	0.34175	0.3536	0.32969	0.33027	0.29712	0.23284	0.4674	0.41399	0.46433	0.41588	0.48692	0.31521	0.48557	0.35165	0.41375	0.40793	0.36742	0.49097	0.322	0.32643	0.4516	0.49829	0.17208	0.36632	0.31922	0.37683	0.28871	0.37378	0.082681	0.4449
0.14788	0.4564	0.19376	0.30615	0.30478	0.32822	0.20258	0.26965	0.44672	0.42784	0.52829	0.41205	0.45264	0.071644	0.43771	0.35232	0.20132	0.25556	0.30505	0.14062	0.3533	0.38744	1	0.30266	0.43003	0.14373	0.29293	0.39316	0.41227	0.43595	0.39779	0.41227	0.38413	0.45356	0.30944	0.43994	0.11684	0.48937	0.39832	0.36265	0.27679	0.1291	0.38916	0.4579	0.21202	0.30004	0.46823	0.22701	0.42928	0.29421	0.43933	0.40991	0.45879	0.34153	0.24526	0.14698	0.47634	0.3753	0.28945	0.1666	0.33455	0.4583	0.44454	0.2932	0.37073	0.39195	0.30169	0.30847	0.43964	0.3359	0.39092	0.31063	0.42724	0.42842	0.39092	0.47643	0.41997	0.38788	0.41361	0.43486	0.29526	0.46275	0.39737	0.33392	0.38974	0.48911	0.44409	0.35867	0.41906	0.44759	0.52605	0.35705	0.10352	0.36316	0.26212	0.24682	0.34884	0.40993	0.37143	0.3757	0.33147	0.44906	0.41697	0.2447	0.34179	0.25559	0.45289	0.27313	0.47044	0.32684	0.40935	0.3536	0.40727	0.36428	0.38017	0.339	0.46443	0.24255	0.34423	0.46736	0.34889	0.30951	0.14636	0.34493	0.31394	0.26754	0.36818	0.1561	0.39738	0.25507	0.2926	0.23344	0.33233	0.43227	0.35237	0.36826	0.21103	0.45097	0.40931	0.36035	0.42598	0.34422	0.50754	0.47219	0.50741	0.52759	0.51899	0.47607	0.52227	0.3867	0.22843	0.35968	0.38153	0.34068	0.22926	0.37655	0.42314	0.31742	0.30569	0.29781	0.34386	0.45508	0.51259	0.45842	0.45808	0.48818	0.31493	0.39635	0.28224	0.46658	0.37366	0.38416	0.48132	0.20249	0.3123	0.38931	0.3865	0.17774	0.26958	0.35824	0.41945	0.39406	0.32796	0.15444	0.38321
0.017443	0.22398	0.26087	0.34599	0.2028	0.3224	0.26733	0.25094	0.18021	0.18882	0.21358	0.3579	0.35785	0.056028	0.312	0.2429	0.26532	0.26294	0.27634	0.18316	0.30766	0.34987	0.30266	1	0.3283	0.2589	0.25061	0.34042	0.43596	0.27801	0.4153	0.24423	0.3282	0.29183	0.26096	0.29062	0.077355	0.26525	0.26976	0.36629	0.25045	0.12278	0.23847	0.31749	0.19542	0.22971	0.24796	0.25209	0.3106	0.30772	0.2456	0.26622	0.25874	0.25075	0.29958	0.27926	0.28446	0.21018	0.14767	0.16328	0.32924	0.32628	0.21439	0.20152	0.16853	0.33109	0.36756	0.20928	0.34037	0.28584	0.29411	0.18451	0.30714	0.30758	0.31182	0.27638	0.29403	0.27723	0.34149	0.34003	0.3077	0.38519	0.28025	0.3062	0.19759	0.23326	0.32728	0.28194	0.24666	0.16476	0.29534	0.26618	0.11079	0.20144	0.22348	0.20006	0.23357	0.26226	0.32372	0.29204	0.16769	0.27474	0.17721	0.18091	0.2249	0.23767	0.25999	0.3645	0.23207	0.17771	0.18774	0.30954	0.31974	0.3036	0.35631	0.36867	0.24546	0.20993	0.40801	0.31032	0.29957	0.31192	0.027354	0.22698	0.26758	0.22097	0.23505	0.30263	0.23249	0.34402	0.33328	0.11812	0.30874	0.21639	0.28374	0.33109	0.17765	0.37123	0.2506	0.2591	0.28899	0.25698	0.30235	0.21829	0.16416	0.4004	0.30327	0.17065	0.30882	0.26381	0.17499	0.3596	0.30755	0.32931	0.30965	0.23255	0.43104	0.21529	0.25256	0.33684	0.051975	0.32623	0.31115	0.33353	0.28533	0.36325	0.13833	0.38143	0.20829	0.33607	0.31868	0.42545	0.33751	0.16591	0.35136	0.28053	0.32676	0.25482	0.2853	0.15109	0.22591	0.26003	0.33882	0.21889	0.30899
0.18782	0.42662	0.31054	0.40838	0.44339	0.4505	0.25378	0.26553	0.34074	0.36597	0.37196	0.53581	0.6005	0.10322	0.40272	0.27818	0.22134	0.37239	0.49645	0.2662	0.36158	0.37666	0.43003	0.3283	1	0.27529	0.34191	0.50062	0.42735	0.49177	0.50198	0.45098	0.47258	0.42789	0.29851	0.45481	0.16532	0.48802	0.40039	0.42842	0.24861	0.17643	0.44071	0.5304	0.2738	0.38071	0.45633	0.34829	0.48622	0.47313	0.38348	0.49072	0.4189	0.37465	0.19423	0.15293	0.43149	0.35705	0.2627	0.32117	0.41482	0.57792	0.44759	0.4035	0.33557	0.39325	0.42261	0.37041	0.50415	0.48899	0.39061	0.33251	0.49075	0.47247	0.47555	0.47805	0.49248	0.3878	0.44727	0.54278	0.36561	0.39544	0.36447	0.39654	0.39746	0.45078	0.52582	0.29107	0.25468	0.31614	0.50165	0.47286	0.18205	0.38313	0.39487	0.32373	0.25252	0.46304	0.45914	0.46436	0.39909	0.37404	0.33566	0.27338	0.36278	0.38021	0.38704	0.41013	0.43324	0.37787	0.46338	0.4544	0.49178	0.44743	0.5176	0.45582	0.4547	0.34488	0.44697	0.4699	0.40073	0.41541	0.23593	0.40644	0.4123	0.47189	0.47047	0.24988	0.39513	0.30772	0.40524	0.21898	0.41148	0.41767	0.44836	0.42991	0.27671	0.45141	0.40813	0.40938	0.39181	0.40283	0.52711	0.37689	0.43106	0.52848	0.47006	0.33661	0.50047	0.3666	0.34932	0.42332	0.49711	0.3924	0.33066	0.30435	0.40746	0.34247	0.41489	0.39854	0.32908	0.50509	0.50847	0.48213	0.47479	0.44984	0.31889	0.44704	0.36115	0.46551	0.41274	0.49766	0.53341	0.2844	0.33222	0.43169	0.50666	0.27607	0.42176	0.34005	0.40083	0.43374	0.43808	0.23216	0.44351
0.11812	0.21605	0.1759	0.27081	0.20544	0.27821	0.13098	0.16153	0.056674	0.084211	0.16446	0.20241	0.28267	-0.0023155	0.23423	0.11027	0.052762	0.2472	0.30126	0.15949	0.25372	0.31403	0.14373	0.2589	0.27529	1	0.25301	0.27045	0.29274	0.26941	0.33234	0.18431	0.27662	0.18063	0.17136	0.2629	0.062194	0.14632	0.28901	0.28324	0.14706	0.13203	0.25952	0.31322	0.28751	0.23288	0.24211	0.21654	0.31447	0.29993	0.23166	0.31565	0.26636	0.2321	0.14048	0.12689	0.22601	0.1551	0.10158	0.17787	0.24944	0.32038	0.26598	0.16778	0.15601	0.26811	0.25369	0.15548	0.33641	0.23934	0.13876	0.21984	0.25734	0.20779	0.24131	0.28422	0.28716	0.19563	0.20724	0.30607	0.21151	0.19647	0.18961	0.20633	0.14983	0.23693	0.33376	0.21071	0.078559	0.027646	0.19053	0.24155	0.15955	0.14635	0.22168	0.18203	0.22822	0.32275	0.20841	0.18467	0.21093	0.20461	0.23553	0.011845	0.1714	0.21607	0.25761	0.31364	0.20392	0.15141	0.20282	0.24546	0.25789	0.30372	0.31613	0.28078	0.22186	0.067851	0.28945	0.27168	0.24076	0.20096	-0.015866	0.25011	0.27249	0.20724	0.22333	0.24172	0.19739	0.12182	0.26018	0.18145	0.27784	0.15523	0.27294	0.26376	0.19762	0.28339	0.20799	0.27382	0.22936	0.26559	0.25009	0.13775	0.10487	0.24052	0.28646	0.047043	0.25135	0.24556	0.27673	0.21855	0.21205	0.22055	0.13789	0.091573	0.19761	0.13402	0.24221	0.19309	0.15159	0.24924	0.2587	0.24449	0.226	0.28226	0.077022	0.24155	0.27453	0.24112	0.30434	0.35106	0.28461	0.25412	0.23723	0.3257	0.28532	0.17919	0.24413	0.11447	0.10698	0.18062	0.40404	0.12746	0.26124
0.13139	0.50264	0.3746	0.32005	0.39306	0.47341	0.14353	0.20861	0.38297	0.33337	0.40843	0.42286	0.40361	0.013922	0.35729	0.37655	0.025773	0.39055	0.44551	0.29872	0.23149	0.38065	0.29293	0.25061	0.34191	0.25301	1	0.38413	0.34612	0.50531	0.41657	0.41463	0.47537	0.53777	0.25467	0.4821	0.12742	0.49129	0.50038	0.43813	0.32829	0.2133	0.47127	0.55811	0.2407	0.41637	0.51888	0.33853	0.43807	0.31084	0.46806	0.4906	0.52447	0.43869	0.2146	0.016741	0.45304	0.35479	0.35188	0.20571	0.33017	0.54744	0.55236	0.32452	0.28136	0.40154	0.20904	0.42613	0.49459	0.39711	0.33391	0.29389	0.45767	0.41153	0.41185	0.51128	0.48016	0.42393	0.49463	0.51737	0.31797	0.34044	0.42958	0.34751	0.37967	0.5208	0.53099	0.25134	0.27996	0.39609	0.50827	0.44556	0.072755	0.46789	0.45083	0.28579	0.28891	0.49492	0.48906	0.46018	0.35223	0.43882	0.37503	0.27113	0.3207	0.32249	0.37952	0.43602	0.44102	0.29093	0.44024	0.46908	0.50666	0.48741	0.43138	0.38312	0.47016	0.18875	0.38261	0.49945	0.49271	0.29988	0.18379	0.32518	0.32831	0.35549	0.39838	0.1257	0.40901	0.24882	0.25423	0.18007	0.51518	0.43477	0.52821	0.35199	0.18544	0.50041	0.46519	0.41492	0.36733	0.34218	0.48322	0.33863	0.364	0.40168	0.52313	0.37379	0.4805	0.37789	0.22434	0.36772	0.44812	0.3762	0.23162	0.3736	0.33629	0.38418	0.38278	0.26664	0.34208	0.50748	0.50031	0.52735	0.50344	0.50513	0.3066	0.4019	0.34478	0.52711	0.44928	0.3169	0.50813	0.22473	0.31254	0.46599	0.55609	0.21423	0.38939	0.41441	0.4426	0.36079	0.30798	0.037673	0.42018
